Points,Edges,Area,Perimeter,Contact_perimeter,TETRAPIXEL,Euler_General_4_Async
69272,96125,31633,65718,30407,3554,4780
70909,105301,36516,64538,40763,6371,2124
71050,119807,46165,54954,64853,16096,-2592
71845,113550,41384,61564,51986,10281,-321
71566,110472,39513,62892,47580,8674,607
68264,93285,30344,65194,28091,3070,5323
13420,13786,3538,13420,366,0,3172
27573,29416,7819,27556,1860,17,5976
55379,66378,19463,54904,11474,475,8464
71942,113192,41118,61912,51280,10030,-132
67444,129660,57945,27540,102120,39904,-4271
70468,101948,34622,65408,36540,5060,3142
44881,50870,14251,44736,6134,145,8262
67950,92112,29751,65220,26892,2730,5589
51309,60248,17388,50944,9304,365,8449
71727,111787,40292,62406,49381,9321,232
70551,122396,48367,51324,71072,19227,-3478
68097,128582,55807,33936,94646,34161,-4678
70104,123940,49863,48428,75512,21676,-3973
34338,37441,10144,34306,3135,32,7041
66539,131001,61270,16922,114079,49617,-3192
63179,80719,24914,61782,18937,1397,7374
71326,119582,45798,55972,63610,15354,-2458
69144,94956,30972,66024,28932,3120,5160
67708,129044,56777,30980,98064,36728,-4559
71609,111660,40255,62300,49360,9309,204
60440,75413,22833,59494,15919,946,7860
71110,120064,46266,55064,65000,16046,-2688
70462,122256,48307,51284,70972,19178,-3487
70089,123689,49690,48618,75071,21471,-3910
71154,105865,36783,64598,41267,6556,2072
36166,39617,10779,36118,3499,48,7328
31796,34318,9220,31756,2562,40,6698
10524,10773,2756,10522,251,2,2507
24578,26026,6872,24564,1462,14,5424
70632,121495,47695,52210,69285,18422,-3168
51684,60606,17458,51380,9226,304,8536
68009,91929,29627,65350,26579,2659,5707
71716,112976,41103,61540,51436,10176,-157
71494,116359,43432,58990,57369,12504,-1433
69704,97813,32457,65798,32015,3906,4348
69833,97590,32291,66016,31574,3817,4534
71567,111899,40432,62070,49829,9497,100
46103,52595,14817,45922,6673,181,8325
69857,98170,32617,65872,32298,3985,4304
68340,93486,30428,65260,28226,3080,5282
66110,131505,64202,6202,125303,59908,-1193
68966,95362,31285,65584,29778,3382,4889
69934,98481,32751,65958,32523,3976,4204
71976,112420,40589,62484,49936,9492,145
68371,127950,54814,36644,91306,31727,-4765
69132,126352,52712,41856,84496,27276,-4508
27344,29227,7781,27330,1897,14,5898
47028,53779,15168,46886,6893,142,8417
40842,45672,12650,40744,4928,98,7820
66077,131535,64519,4994,126541,61083,-939
71691,111369,39999,62742,48627,8949,321
66312,131270,62496,12556,118714,53756,-2462
69923,124427,50392,47286,77141,22637,-4112
71382,118677,45193,56582,62095,14800,-2102
68791,127155,53739,39354,87801,29437,-4625
59387,73403,22051,58602,14801,785,8035
63506,81323,25145,62066,19257,1440,7328
67207,129860,58313,26468,103392,40739,-4340
57530,69886,20719,56896,12990,634,8363
36152,39676,10813,36100,3576,52,7289
69303,96982,32117,65496,31486,3807,4438
67546,129430,57365,29400,100030,38146,-4519
69375,95905,31433,66078,29827,3297,4903
69643,125075,51201,45346,79729,24297,-4231
71637,109601,38926,63498,46103,8139,962
61476,77166,23470,60452,16714,1024,7780
57354,69670,20665,56680,12990,674,8349
68880,94731,30959,65626,29105,3254,5108
33080,35901,9691,33038,2863,42,6870
58923,72484,21711,58124,14360,799,8150
60650,75334,22737,59720,15614,930,8053
71503,107433,37622,64378,43055,7125,1692
20191,21059,5482,20190,869,1,4614
57815,70613,21040,57066,13547,749,8242
71609,110434,39437,63120,47314,8489,612
71510,107142,37391,64720,42422,6790,1759
69337,95829,31410,66018,29811,3319,4918
21627,22725,5957,21622,1103,5,4859
71547,109392,38807,63556,45836,7991,962
71804,109172,38528,64232,44940,7572,1160
27945,29783,7909,27930,1853,15,6071
71596,114296,41991,60628,53668,10968,-709
28488,30432,8099,28468,1964,20,6155
71374,118546,45067,56824,61722,14550,-2105
47856,54977,15571,47670,7307,186,8450
25556,27131,7178,25550,1581,6,5603
55738,67120,19754,55224,11896,514,8372
69335,125854,52050,43508,82346,25827,-4469
70920,121234,47276,53364,67870,17556,-3038
70797,101960,34534,65784,36176,5013,3371
58584,71937,21514,57818,14119,766,8161
69775,98186,32668,65700,32486,4075,4257
63274,80908,24996,61832,19076,1442,7362
62673,79518,24414,61380,18138,1293,7569
70538,121445,47643,52318,69127,18220,-3264
66794,130604,60166,20544,110060,46250,-3644
71801,111559,40112,62670,48889,9131,354
71737,114706,42208,60580,54126,11157,-761
31170,33649,9037,31150,2499,20,6558
67707,129244,56991,30524,98720,37183,-4546
69838,97176,32027,66244,30932,3594,4689
50572,58829,16846,50274,8555,298,8589
53384,63362,18437,52976,10386,408,8459
35028,38281,10392,34994,3287,34,7139
71606,111605,40205,62390,49215,9216,206
69673,98642,32968,65412,33230,4261,3999
71681,108917,38462,63986,44931,7695,1226
71562,111186,39964,62516,48670,9046,340
69670,98418,32804,65620,32798,4050,4056
65486,85816,27015,63572,22244,1914,6685
71663,107190,37393,64808,42382,6855,1866
51361,60190,17336,51036,9154,325,8507
51608,60629,17505,51238,9391,370,8484
56446,68166,20113,55880,12286,566,8393
53637,63653,18521,53222,10431,415,8505
9730,9923,2529,9730,193,0,2336
26172,27837,7378,26162,1675,10,5713
66111,131488,64026,6872,124616,59239,-1351
61871,77795,23717,60722,17073,1149,7793
22143,23184,6057,22140,1044,3,5016
33797,36801,9958,33770,3031,27,6954
63057,80431,24783,61730,18701,1327,7409
68878,94669,30944,65562,29107,3316,5153
57754,70313,20889,57070,13243,684,8330
71367,107540,37756,64056,43484,7311,1583
63507,81895,25452,61982,19913,1525,7064
66775,88901,28320,64522,24379,2253,6194
69520,97797,32500,65594,32203,3926,4223
70930,103025,35122,65562,37463,5368,3027
70698,121752,47732,52576,69176,18122,-3322
71780,115825,42987,59702,56123,12078,-1058
66052,131573,65134,2610,128963,63442,-387
70057,98653,32829,65990,32663,4067,4233
68505,94011,30652,65414,28597,3091,5146
67616,90650,29049,65104,25546,2512,6015
51828,61015,17640,51470,9545,358,8453
42191,47334,13146,42084,5250,107,8003
71139,104237,35766,65410,38827,5729,2668
68061,92669,30036,65194,27475,2867,5428
63316,81042,25049,61888,19154,1428,7323
69330,96397,31797,65606,30791,3724,4730
43319,48685,13541,43206,5479,113,8175
71694,109071,38507,64114,44957,7580,1130
69594,97630,32418,65588,32042,4006,4382
68504,93976,30631,65428,28548,3076,5159
39392,43739,12042,39310,4429,82,7695
71374,118338,44846,57292,61046,14082,-2118
70495,100176,33546,66168,34008,4327,3865
62205,78705,24111,60966,17739,1239,7611
66265,131314,62750,11628,119686,54637,-2299
70556,121837,47913,52022,69815,18534,-3368
71643,107267,37466,64670,42597,6973,1842
71543,115110,42590,59860,55250,11683,-977
69444,96464,31769,65852,30612,3592,4749
35190,38494,10462,35140,3354,50,7158
16880,17440,4500,16880,560,0,3940
70089,98987,33017,65906,33081,4183,4119
60802,75981,23046,59778,16203,1024,7867
68660,94606,30962,65364,29242,3296,5016
53814,64118,18726,53332,10786,482,8422
69122,96008,31601,65612,30396,3510,4715
70981,103986,35666,65308,38678,5673,2661
71422,105247,36301,65290,39957,6132,2476
71574,108501,38219,64126,44375,7448,1292
60944,76013,23011,59982,16031,962,7942
65008,84027,26178,63342,20685,1666,7159
49883,57843,16511,49642,8201,241,8551
69616,97769,32452,65730,32039,3886,4299
41434,46430,12879,41344,5086,90,7883
32003,34604,9307,31980,2624,23,6706
66146,131462,63698,8132,123330,58014,-1618
70177,99665,33372,65842,33823,4335,3884
69018,95048,31078,65784,29264,3234,5048
58420,71911,21558,57590,14321,830,8067
49307,57026,16242,49084,7942,223,8523
39796,44108,12125,39716,4392,80,7813
69353,125434,51681,44144,81290,25209,-4400
70440,122491,48484,51046,71445,19394,-3567
71154,119655,45953,55498,64157,15656,-2548
42466,47645,13230,42370,5275,96,8051
57107,69430,20603,56448,12982,659,8280
70890,102752,34977,65596,37156,5294,3115
69171,126204,52521,42324,83880,26847,-4512
67867,128764,56253,32516,96248,35351,-4644
71347,118710,45198,56628,62082,14719,-2165
3994,4015,1009,3994,21,0,988
67753,91060,29213,65268,25792,2485,5906
69965,124081,50115,47702,76379,22263,-4001
71438,116124,43333,58916,57208,12522,-1353
71480,107233,37453,64654,42579,6826,1700
29324,31409,8379,29302,2107,22,6294
66382,88154,28030,64188,23966,2194,6258
70078,99645,33391,65726,33919,4352,3824
71706,113893,41644,61210,52683,10496,-543
37235,40895,11149,37194,3701,41,7489
71829,114360,41946,60936,53424,10893,-585
66252,131329,62825,11358,119971,54894,-2252
66106,131522,64189,6288,125234,59818,-1227
48313,55535,15747,48082,7453,231,8525
61519,77105,23438,60458,16647,1061,7852
68871,95299,31270,65518,29781,3353,4842
64107,82440,25546,62696,19744,1411,7213
10470,10715,2740,10470,245,0,2495
57851,70548,20988,57144,13404,707,8291
58304,71180,21188,57608,13572,696,8312
70174,98494,32681,66264,32230,3910,4361
67866,128878,56357,32328,96550,35538,-4655
71705,107428,37505,64836,42592,6869,1782
58838,72147,21560,58054,14093,784,8251
11421,11676,2983,11420,256,1,2728
58705,71950,21483,57968,13982,737,8238
67990,92380,29882,65232,27148,2758,5492
71160,103708,35435,65676,38032,5484,2887
45071,51199,14371,44914,6285,157,8243
31223,33720,9059,31204,2516,19,6562
24554,25912,6819,24548,1364,6,5461
71370,117324,44212,57800,59524,13570,-1742
66947,89286,28494,64596,24690,2351,6155
67261,129835,58333,26338,103497,40923,-4241
67157,130056,58685,25372,104684,41785,-4214
60482,75691,22980,59462,16229,1020,7771
9744,9938,2533,9744,194,0,2339
52736,62510,18167,52352,10158,384,8393
65387,85309,26769,63542,21767,1845,6847
55262,66222,19422,54756,11466,506,8462
68721,127303,53959,38770,88533,29951,-4623
23924,25200,6620,23920,1280,4,5344
58164,71094,21188,57436,13658,728,8258
66615,130903,60970,17926,112977,48689,-3318
71818,115010,42356,60596,54414,11222,-836
71279,119425,45672,56162,63263,15117,-2474
44336,50259,14079,44202,6057,134,8156
57842,70192,20791,57220,12972,622,8441
44061,49852,13940,43944,5908,117,8149
69424,95728,31336,66112,29616,3312,5032
70606,122228,48264,51400,70828,19206,-3358
18064,18759,4864,18062,697,2,4169
71524,117898,44487,57848,60050,13676,-1887
65642,86707,27453,63602,23105,2040,6388
71261,105617,36545,65054,40563,6207,2189
60145,74766,22575,59232,15534,913,7954
70389,100924,34066,65584,35340,4805,3531
69535,96954,32053,65696,31258,3839,4634
69870,98541,32827,65774,32767,4096,4156
68661,94529,30892,65490,29039,3171,5024
70613,102499,34909,65362,37137,5251,3023
62794,79692,24458,61552,18140,1242,7560
27687,29634,7900,27668,1966,19,5953
28481,30348,8056,28472,1876,9,6189
71565,110754,39703,62696,48058,8869,514
22133,23241,6088,22130,1111,3,4980
45169,51330,14417,44992,6338,177,8256
44431,50345,14102,44282,6063,149,8188
32973,35763,9648,32934,2829,39,6858
71110,119931,46210,55022,64909,16088,-2611
71158,120629,46709,54422,66207,16736,-2762
71365,108548,38346,63712,44836,7653,1163
61350,77266,23571,60248,17018,1102,7655
58863,72168,21541,58172,13996,691,8236
71564,108275,38052,64342,43933,7222,1341
71218,119322,45608,56212,63110,15006,-2496
68010,91932,29637,65316,26616,2694,5715
69293,96719,31966,65574,31145,3719,4540
66087,131533,64320,5786,125747,60301,-1126
68706,94539,30906,65454,29085,3252,5073
71225,119566,45905,55512,64054,15713,-2436
71868,113740,41544,61304,52436,10564,-328
71315,106028,36812,64808,41220,6507,2099
1792,1800,452,1792,8,0,444
71382,118408,44960,56976,61432,14406,-2066
57071,69331,20562,56414,12917,657,8302
70826,121337,47417,53006,68331,17820,-3094
19854,20737,5406,19850,887,4,4523
68498,94022,30690,65284,28738,3214,5166
65281,84928,26581,63532,21396,1749,6934
66462,88480,28190,64200,24280,2262,6172
2410,2417,606,2410,7,0,599
70582,101568,34372,65648,35920,4934,3386
66485,88337,28087,64326,24011,2159,6235
69984,99668,33433,65604,34064,4380,3749
69512,97227,32185,65714,31513,3798,4470
51089,59817,17215,50774,9043,315,8487
71451,109055,38634,63574,45481,7877,1030
66550,131017,61213,17182,113835,49368,-3254
68711,127436,54026,38768,88668,29943,-4699
31247,33789,9091,31214,2575,33,6549
64397,83386,25975,62872,20514,1525,6986
69810,97537,32268,66002,31535,3808,4541
70270,99920,33510,65800,34120,4470,3860
70193,99450,33216,66036,33414,4157,3959
69658,125450,51449,45104,80346,24554,-4343
71136,118777,45337,56206,62571,14930,-2304
54792,65390,19116,54316,11074,476,8518
71600,116233,43373,58974,57259,12626,-1260
71651,114184,41884,60832,53352,10819,-649
69750,97565,32309,65894,31671,3856,4494
53413,63465,18489,52974,10491,439,8437
2050,2057,516,2050,7,0,509
38556,42663,11711,38482,4181,74,7604
14420,14832,3811,14420,412,0,3399
71047,120134,46304,55052,65082,15995,-2783
49527,57389,16376,49274,8115,253,8514
48013,55316,15701,47828,7488,185,8398
71644,108749,38369,64022,44727,7622,1264
71668,113705,41571,61126,52579,10542,-466
71827,112253,40528,62394,49859,9433,102
70825,121875,47848,52358,69517,18467,-3202
49244,57058,16281,48992,8066,252,8467
66561,130919,61067,17570,113349,48991,-3291
71696,107188,37362,64928,42260,6768,1870
41912,46931,13010,41822,5109,90,7991
67936,92294,29858,65156,27138,2780,5500
65094,85515,26976,63126,22389,1968,6555
63479,81405,25189,62054,19351,1425,7263
69695,97284,32147,65980,31304,3715,4558
61373,77161,23504,60306,16855,1067,7716
66340,87953,27920,64226,23727,2114,6307
71085,120426,46543,54680,65746,16405,-2798
66683,130766,60602,19124,111642,47559,-3481
69089,126353,52665,42046,84307,27043,-4599
56118,67647,19928,55582,12065,536,8399
71699,109205,38644,63834,45371,7865,1138
68751,127399,54012,38750,88649,30001,-4636
71942,110436,39305,63652,46784,8290,811
67784,92293,29930,64866,27427,2918,5421
71102,120045,46280,54970,65075,16132,-2663
68401,128162,55014,36268,91894,32133,-4747
70637,101851,34525,65602,36249,5035,3311
58333,71217,21197,57646,13571,687,8313
69099,96240,31772,65392,30848,3707,4631
36972,40640,11094,36904,3736,68,7426
69435,96722,31929,65728,30994,3707,4642
69464,97839,32542,65510,32329,3954,4167
67943,92455,29960,65070,27385,2873,5448
34501,37620,10195,34460,3160,41,7076
71808,110784,39594,63192,47592,8616,618
66053,131568,64980,3216,128352,62837,-535
66349,87640,27757,64252,23388,2097,6466
71236,119268,45649,55940,63328,15296,-2383
69768,124695,50695,46610,78085,23158,-4232
48666,55990,15887,48432,7558,234,8563
41774,46774,12965,41688,5086,86,7965
71809,114489,42071,60694,53795,11115,-609
70295,100066,33570,65852,34214,4443,3799
63981,82642,25706,62460,20182,1521,7045
71645,110864,39744,62752,48112,8893,525
67630,129366,57304,29516,99850,38114,-4432
66352,131138,62062,14028,117110,52324,-2724
54489,65129,19061,54014,11115,475,8421
65448,85299,26730,63678,21621,1770,6879
66566,88675,28283,64218,24457,2348,6174
67032,89913,28818,64554,25359,2478,5937
38434,42370,11590,38380,3990,54,7654
42027,47237,13138,41922,5315,105,7928
70282,123320,49306,49416,73904,20866,-3732
67753,91402,29426,65100,26302,2653,5777
69500,97520,32355,65620,31900,3880,4335
70578,122480,48434,51224,71256,19354,-3468
42869,48345,13485,42750,5595,119,8009
70682,100951,33972,66014,34937,4668,3703
68345,93632,30497,65276,28356,3069,5210
45365,51577,14484,45218,6359,147,8272
69130,95215,31167,65762,29453,3368,5082
68523,93698,30479,65480,28218,3043,5304
69326,126274,52450,42748,83526,26578,-4498
71547,114840,42341,60316,54524,11231,-952
67928,92018,29707,65208,26810,2720,5617
67884,129021,56575,31742,97279,36142,-4562
8094,8239,2096,8094,145,0,1951
71812,109427,38769,63778,45649,8034,1154
66053,131567,65144,2558,129009,63495,-370
64661,83694,26100,62988,20706,1673,7067
70432,122620,48669,50564,72056,19868,-3519
71636,117732,44321,58180,59552,13456,-1775
71538,106618,37100,64836,41782,6702,2020
71820,114294,41916,60924,53370,10896,-558
69822,124052,50162,47456,76596,22366,-4068
70615,101532,34317,65796,35736,4819,3400
64373,83075,25826,62846,20229,1527,7124
71062,119875,46204,54934,64941,16128,-2609
71527,110037,39228,63162,46875,8365,718
12652,13010,3342,12652,358,0,2984
23965,25286,6654,23956,1330,9,5333
71099,104026,35629,65536,38490,5563,2702
63354,80901,24957,61974,18927,1380,7410
67545,91337,29455,64854,26483,2691,5663
61849,77876,23745,60772,17104,1077,7718
64276,82986,25824,62676,20310,1600,7114
65630,86132,27119,63788,22344,1842,6617
67854,129060,56604,31704,97356,36150,-4602
70766,101959,34542,65750,36209,5016,3349
71566,109534,38900,63468,46066,8098,932
20228,21198,5543,20224,974,4,4573
66099,131508,64150,6416,125092,59683,-1259
29184,31300,8358,29168,2132,16,6242
71347,118039,44697,57290,60749,14057,-1995
67635,91629,29599,64862,26767,2773,5605
70089,123561,49582,48794,74767,21295,-3890
71597,108421,38208,64010,44411,7587,1384
71715,109774,38990,63588,46186,8127,931
69280,96550,31882,65572,30978,3708,4612
68935,126749,53207,40670,86079,28265,-4607
71805,114120,41752,61232,52888,10573,-563
68864,126978,53482,40028,86950,28836,-4632
71421,105854,36663,65056,40798,6365,2230
69340,125910,52126,43316,82594,26024,-4444
67108,130072,58834,24808,105264,42300,-4130
64580,83986,26272,62884,21102,1696,6866
67695,129200,56888,30848,98352,36847,-4617
59394,73149,21919,58622,14527,772,8164
66593,130775,60748,18558,112217,48035,-3434
69151,126174,52553,42136,84038,27015,-4470
67869,91597,29496,65210,26387,2659,5768
69068,95657,31431,65590,30067,3478,4842
45167,51486,14489,45016,6470,151,8170
69543,125512,51685,44284,81228,25259,-4284
66957,89630,28674,64564,25066,2393,6001
70501,101187,34126,65870,35317,4631,3440
61292,76534,23194,60292,16242,1000,7952
71183,103927,35570,65574,38353,5609,2826
71194,105377,36468,64882,40495,6312,2285
71668,110219,39298,63246,46973,8422,747
68785,94715,30966,65566,29149,3219,5036
54027,64371,18795,53562,10809,465,8451
71694,112972,41065,61684,51288,10010,-213
68690,127590,54224,38284,89306,30406,-4676
71209,106397,37078,64482,41915,6727,1890
44309,50173,14049,44150,6023,159,8185
66018,86576,27241,64188,22388,1830,6683
57106,68972,20368,56472,12500,634,8502
63895,82016,25401,62428,19588,1467,7280
55973,67449,19869,55422,12027,551,8393
71646,109609,38889,63662,45947,7984,926
49177,57011,16278,48910,8101,267,8444
68339,93443,30373,65394,28049,2945,5269
66472,88225,28064,64194,24031,2278,6311
69907,99068,33100,65736,33332,4171,3939
70814,121171,47275,53242,67929,17572,-3082
71822,111954,40363,62456,49498,9366,231
66558,88158,27977,64408,23750,2150,6377
65718,86306,27195,63832,22474,1886,6607
70174,100155,33675,65610,34545,4564,3694
39908,44326,12202,39844,4482,64,7784
66854,130503,59760,21966,108537,44888,-3889
59342,73430,22091,58496,14934,846,8003
71649,109822,39006,63620,46202,8029,833
62108,78629,24097,60870,17759,1238,7576
57158,69134,20430,56548,12586,610,8454
71503,109609,38963,63366,46243,8137,857
33429,36318,9811,33392,2926,37,6922
69617,97217,32122,65946,31271,3671,4522
69749,98293,32749,65590,32703,4159,4205
71590,114926,42449,60056,54870,11534,-887
67482,129617,57645,28654,100963,38828,-4490
36130,39589,10771,36094,3495,36,7312
66817,130594,59955,21368,109226,45449,-3822
66928,130388,59460,22936,107452,43992,-4000
45987,52508,14798,45824,6684,163,8277
60357,74991,22640,59422,15569,935,8006
68966,95154,31147,65720,29434,3246,4959
71588,115534,42800,59868,55666,11720,-1146
3692,3722,938,3692,30,0,908
71568,111839,40408,62046,49793,9522,137
71482,105941,36705,65062,40879,6420,2246
69769,125061,51096,45738,79323,24031,-4196
71429,110954,39878,62396,48558,9033,353
64048,82533,25637,62518,20015,1530,7152
63170,80581,24834,61826,18755,1344,7423
71687,110882,39713,62912,47970,8775,518
61675,77434,23562,60620,16814,1055,7803
66892,130378,59616,22292,108086,44600,-3870
69427,97377,32307,65526,31851,3901,4357
67372,90203,28851,65002,25201,2370,6020
67437,129742,57898,27892,101850,39545,-4407
68444,127900,54688,37048,90852,31396,-4768
70102,98965,33000,65930,33035,4172,4137
50989,59598,17122,50708,8890,281,8513
65762,86204,27137,63860,22344,1902,6695
70844,101471,34220,66062,35409,4782,3593
70747,103089,35235,65238,37851,5509,2893
66314,87395,27629,64274,23121,2040,6548
71798,114439,41943,61106,53333,10692,-698
59225,73127,21967,58386,14741,839,8065
41054,45837,12677,40966,4871,88,7894
71613,116254,43322,59220,57034,12393,-1319
71869,112089,40432,62450,49639,9419,212
69552,96883,31947,65978,30905,3574,4616
66123,131489,63886,7434,124055,58689,-1480
71713,110366,39383,63200,47166,8513,730
67985,91888,29626,65272,26616,2713,5723
31569,34116,9174,31536,2580,33,6627
46600,53150,14968,46428,6722,172,8418
43527,49141,13719,43406,5735,121,8105
69063,94879,30993,65786,29093,3277,5177
68067,92350,29887,65152,27198,2915,5604
65412,85520,26871,63556,21964,1856,6763
69223,126234,52486,42524,83710,26699,-4525
8761,8926,2273,8760,166,1,2108
71753,112211,40569,62146,50065,9607,111
69745,124359,50469,46842,77517,22903,-4145
71464,107762,37811,64280,43482,7184,1513
38770,43010,11829,38704,4306,66,7589
63757,81560,25194,62344,19216,1413,7391
50894,59468,17085,50596,8872,298,8511
71559,109038,38540,63916,45122,7643,1061
71821,115273,42561,60302,54971,11519,-891
69605,97469,32279,65822,31647,3783,4415
68433,94419,30908,65206,29213,3227,4922
71659,107841,37811,64438,43403,7221,1629
63082,80478,24802,61748,18730,1334,7406
70854,120743,46945,53706,67037,17148,-2944
51641,60536,17432,51344,9192,297,8537
60700,75741,22941,59718,16023,982,7900
35575,38985,10611,35526,3459,49,7201
70032,98397,32698,66002,32395,4030,4333
71248,106486,37095,64592,41894,6656,1857
66089,87030,27492,64092,22938,1997,6551
71666,110761,39655,62902,47859,8764,560
71145,119677,46060,55114,64563,16031,-2472
56940,69190,20509,56344,12846,596,8259
45417,51754,14565,45248,6506,169,8228
71765,108333,38056,64442,43891,7323,1488
70785,103355,35377,65202,38153,5583,2807
69543,96953,32026,65802,31151,3741,4616
44165,49964,13974,44032,5932,133,8175
51102,59864,17228,50816,9048,286,8466
70926,121072,47149,53548,67524,17378,-2997
69760,125007,51020,45934,79073,23826,-4227
67413,129580,57722,28272,101308,39141,-4445
71762,115053,42448,60314,54739,11448,-843
67712,91298,29390,65036,26262,2676,5804
71369,107165,37493,64358,42807,7011,1697
67025,130294,59239,23632,106662,43393,-4030
62817,79613,24397,61638,17975,1179,7601
20149,21011,5469,20146,865,3,4607
68124,92452,29895,65324,27128,2800,5567
43366,48853,13612,43258,5595,108,8125
4170,4189,1052,4170,19,0,1033
71325,106074,36841,64784,41290,6541,2092
60153,74495,22426,59286,15209,867,8084
66277,131302,62642,12036,119266,54241,-2383
72037,111022,39683,63312,47710,8725,698
65855,86332,27173,63972,22360,1883,6696
62372,79232,24320,61184,18048,1188,7460
66813,130516,59948,21240,109276,45573,-3755
69636,97461,32256,65898,31563,3738,4431
71393,105933,36714,65010,40923,6383,2174
71752,115286,42591,60208,55078,11544,-943
66110,131499,64101,6594,124905,59516,-1288
67391,129669,57891,27774,101895,39617,-4387
35968,39331,10685,35922,3409,46,7322
71805,110448,39388,63344,47104,8461,745
71549,116402,43476,58900,57502,12649,-1377
71666,111450,40067,62632,48818,9034,283
14602,15073,3886,14602,471,0,3415
71942,114244,41804,61272,52972,10670,-498
71531,108779,38409,63922,44857,7609,1161
69587,125518,51596,44652,80866,24935,-4335
68811,94855,31042,65542,29313,3269,4998
71709,114402,42073,60512,53890,11197,-620
57103,69414,20599,56432,12982,671,8288
67507,129583,57707,28338,101245,39169,-4369
65901,86467,27241,63970,22497,1931,6675
71255,119233,45572,56178,63055,15077,-2406
69670,97559,32302,65910,31649,3760,4413
29279,31289,8327,29270,2019,9,6317
71143,104890,36167,65112,39778,6031,2420
68889,94697,30943,65622,29075,3267,5135
51381,60211,17340,51062,9149,319,8510
70928,104181,35804,65146,39035,5782,2551
68506,127533,54398,37474,90059,31032,-4629
58233,71179,21204,57542,13637,691,8258
66725,130718,60350,20036,110682,46689,-3643
62337,78806,24118,61140,17666,1197,7649
64162,82360,25509,62684,19676,1478,7311
56017,67559,19913,55466,12093,551,8371
55157,66146,19417,54624,11522,533,8428
71184,105855,36745,64730,41125,6454,2074
4432,4474,1129,4432,42,0,1087
70567,100580,33784,66024,34556,4543,3771
64523,83434,25989,62912,20522,1611,7078
66850,88516,28080,64712,23804,2138,6414
53648,63905,18653,53198,10707,450,8396
66778,130554,59976,21204,109350,45574,-3800
44431,50387,14121,44290,6097,141,8165
65614,85924,27033,63716,22208,1898,6723
27408,29220,7759,27404,1816,4,5947
66100,131511,64261,5978,125533,60122,-1150
67483,129507,57584,28678,100829,38805,-4440
44598,50397,14080,44474,5923,124,8281
17880,18562,4811,17880,682,0,4129
71143,119389,45815,55518,63871,15625,-2431
71522,116760,43719,58644,58116,12878,-1519
69050,126712,53151,40820,85892,28230,-4511
70707,122049,48048,51906,70143,18801,-3294
64816,83942,26178,63172,20770,1644,7052
71916,112565,40746,62146,50419,9770,97
71203,120051,46246,55118,64933,16085,-2602
71110,119657,46006,55290,64367,15820,-2541
70566,101729,34474,65562,36167,5004,3311
65397,85100,26625,63700,21400,1697,6922
46584,53238,15019,46400,6838,184,8365
71693,115651,42851,59898,55753,11795,-1107
68969,95523,31363,65594,29929,3375,4809
68120,128285,55444,34794,93491,33326,-4721
69470,96339,31693,65906,30433,3564,4824
67875,128862,56357,32296,96566,35579,-4630
66656,88436,28089,64516,23920,2140,6309
69825,98016,32529,65916,32100,3909,4338
68807,126854,53392,40140,86714,28667,-4655
68459,127922,54793,36672,91250,31787,-4670
71488,108739,38438,63726,45013,7762,1187
70782,122109,48091,51854,70255,18928,-3236
71345,117438,44290,57716,59722,13629,-1803
68016,91606,29453,65400,26206,2616,5863
60209,75020,22700,59240,15780,969,7889
70786,102463,34843,65554,36909,5232,3166
69334,95606,31298,66020,29586,3314,5026
67737,129072,56820,30864,98208,36873,-4515
70230,99843,33479,65770,34073,4460,3866
69560,97020,32063,65788,31232,3772,4603
60287,75249,22793,59326,15923,961,7831
68500,94495,30937,65242,29253,3258,4942
45868,52207,14676,45710,6497,158,8337
69153,126015,52326,42726,83289,26427,-4536
71518,111267,40032,62406,48861,9112,283
32636,35374,9536,32604,2770,32,6798
71396,117869,44569,57462,60407,13934,-1904
30323,32577,8712,30306,2271,17,6458
65600,85939,27028,63766,22173,1834,6689
69806,124568,50586,46792,77776,23014,-4176
71208,118504,45091,56644,61860,14564,-2205
14919,15366,3954,14916,450,3,3507
68999,126788,53206,40752,86036,28247,-4583
66549,130893,61038,17634,113259,48915,-3306
26867,28570,7570,26860,1710,7,5867
62887,79571,24370,61662,17909,1225,7686
25786,27383,7247,25778,1605,8,5650
67240,129982,58479,26048,103934,41192,-4263
51429,60263,17348,51134,9129,295,8514
63263,80482,24752,61956,18526,1307,7533
59703,74091,22343,58810,15281,893,7955
71619,117036,43881,58548,58488,13071,-1536
69445,125762,51881,44000,81762,25445,-4436
67945,91861,29617,65254,26607,2691,5701
67285,90335,28982,64742,25593,2543,5932
67624,129219,57076,30134,99085,37490,-4519
71195,118493,45140,56426,62067,14769,-2158
70132,123571,49544,48966,74605,21166,-3895
10716,10946,2794,10716,230,0,2564
12238,12549,3215,12238,311,0,2904
58488,71804,21468,57736,14068,752,8152
63574,81662,25296,62140,19522,1434,7208
71713,108628,38266,64192,44436,7521,1351
71045,104564,35988,65176,39388,5869,2469
71544,116953,43875,58406,58547,13138,-1534
70954,120342,46607,54256,66086,16698,-2781
24543,26056,6895,24532,1524,11,5382
70459,100892,34003,65772,35120,4687,3570
70426,102135,34773,65178,36957,5248,3064
69938,97661,32280,66202,31459,3736,4557
41829,46967,13054,41718,5249,111,7916
66523,130969,61296,16754,114215,49769,-3150
70722,121893,47889,52230,69663,18492,-3282
48792,56150,15931,48576,7574,216,8573
66522,130973,61304,16730,114243,49792,-3147
64175,82791,25745,62602,20189,1573,7129
71533,108131,38034,64126,44005,7407,1436
66779,130593,60142,20618,109975,46161,-3672
19517,20345,5294,19514,831,3,4466
71758,109462,38726,64020,45442,7738,1022
69583,125393,51512,44738,80655,24845,-4298
71520,117497,44222,58106,59391,13414,-1755
17623,18269,4729,17622,647,1,4083
71132,119834,46078,55356,64478,15776,-2624
18003,18758,4880,17996,762,7,4125
70363,123033,48947,50278,72755,20085,-3723
58000,71023,21207,57218,13805,782,8184
70652,121653,47753,52294,69359,18358,-3248
69902,124301,50342,47234,77067,22668,-4057
6928,7036,1786,6928,108,0,1678
59442,73408,22055,58596,14812,846,8089
52828,62278,18022,52468,9810,360,8572
71924,113058,41026,62012,51046,9912,-108
71739,117118,43889,58680,58438,13059,-1490
68462,93764,30515,65468,28296,2994,5213
71599,116767,43669,58858,57909,12741,-1499
68756,127345,53879,39174,88171,29582,-4710
29502,31625,8442,29482,2143,20,6319
13764,14140,3629,13764,376,0,3253
69095,95522,31325,65744,29778,3351,4898
46487,53199,15019,46322,6877,165,8307
59219,73051,21927,58394,14657,825,8095
68037,128650,55921,33616,95034,34421,-4692
71847,112397,40608,62362,50035,9485,58
70558,101700,34448,65608,36092,4950,3306
71320,118270,44928,56828,61442,14492,-2022
16167,16737,4327,16166,571,1,3757
46500,53209,15020,46338,6871,162,8311
61549,77371,23566,60478,16893,1071,7744
71203,106829,37336,64314,42515,6889,1710
69870,124158,50246,47332,76826,22538,-4042
42387,47652,13257,42276,5376,111,7992
2944,2962,745,2944,18,0,727
71144,119834,46093,55296,64538,15848,-2597
65951,86495,27241,64026,22469,1925,6697
70272,100283,33714,65710,34573,4562,3703
28722,30716,8183,28700,2016,22,6189
42534,47877,13330,42434,5443,100,7987
59733,74078,22333,58824,15254,909,7988
71317,104403,35837,65458,38945,5859,2751
33055,35826,9660,33012,2814,43,6889
29117,31219,8335,29098,2121,19,6233
50503,58695,16791,50226,8469,277,8599
41004,45746,12649,40896,4850,108,7907
71029,103608,35403,65604,38004,5425,2824
70111,100204,33726,65504,34700,4607,3633
22626,23746,6218,22620,1126,6,5098
66895,130464,59741,21964,108500,44931,-3828
66987,130343,59448,22894,107449,44093,-3908
68110,128359,55606,34294,94065,33816,-4643
70943,103442,35347,65496,37946,5447,2848
64520,83267,25895,62954,20313,1566,7148
46660,53347,15055,46474,6873,186,8368
71509,108000,37937,64252,43748,7257,1446
70714,101574,34345,65768,35806,4946,3485
58890,72415,21680,58110,14305,780,8155
70154,100428,33829,65540,34888,4614,3555
65453,85431,26792,63694,21737,1759,6814
68465,93755,30531,65386,28369,3079,5241
52912,62651,18196,52518,10133,394,8457
70848,120769,46988,53586,67183,17262,-2933
71051,120006,46304,54796,65210,16255,-2651
68588,127392,54128,38272,89120,30316,-4676
69697,98605,32935,65470,33135,4227,4027
69067,126227,52634,41918,84309,27149,-4526
63936,82181,25489,62406,19775,1530,7244
64344,83051,25840,62742,20309,1602,7133
71639,108351,38140,64142,44209,7497,1428
71623,112010,40515,61960,50050,9663,128
66578,130929,61130,17338,113591,49240,-3221
71902,113310,41240,61660,51650,10242,-168
41429,46260,12799,41324,4936,105,7968
62600,79164,24227,61420,17744,1180,7663
70589,122547,48461,51250,71297,19339,-3497
66089,87344,27670,64008,23336,2081,6415
41477,46385,12847,41382,5003,95,7939
56734,68155,20016,56246,11909,488,8595
69795,98763,32988,65574,33189,4221,4020
67963,128783,56273,32474,96309,35489,-4547
66842,130493,59866,21522,108971,45320,-3785
68543,94073,30704,65330,28743,3213,5174
71449,106454,37012,64860,41594,6589,2007
67430,90569,29059,64902,25667,2528,5920
70610,102456,34884,65376,37080,5234,3038
68153,92790,30068,65308,27482,2845,5431
60439,75136,22690,59512,15624,927,7993
64163,83025,25859,62614,20411,1549,6997
51631,60611,17488,51270,9341,361,8508
54673,65189,19041,54214,10975,459,8525
71051,104198,35765,65336,38862,5715,2618
68265,128124,55106,35824,92300,32441,-4753
69135,126466,52695,42152,84314,26983,-4636
12196,12496,3199,12196,300,0,2899
42267,47361,13136,42178,5183,89,8042
67962,92216,29823,65140,27076,2822,5569
68814,126821,53371,40158,86663,28656,-4636
55734,66814,19604,55212,11602,522,8524
42008,47143,13093,41914,5229,94,7958
22246,23374,6126,22244,1130,2,4998
65741,86629,27383,63726,22903,2015,6495
69590,125473,51547,44758,80715,24832,-4336
69115,95945,31578,65578,30367,3537,4748
68806,127071,53626,39638,87433,29168,-4639
67737,91559,29474,65222,26337,2515,5652
37859,41729,11416,37794,3935,65,7546
68705,94106,30643,65640,28466,3065,5242
63249,80928,25010,61816,19112,1433,7331
58076,71249,21287,57350,13899,726,8114
69210,96534,31850,65668,30866,3542,4526
71007,105727,36736,64510,41217,6497,2016
66545,88137,27967,64406,23731,2139,6375
71417,108356,38195,63932,44424,7485,1256
71450,108150,38093,63928,44222,7522,1393
71670,115967,43143,59362,56605,12308,-1154
38843,42986,11798,38780,4206,63,7655
71814,111601,40140,62642,48959,9172,353
71208,106561,37158,64490,42071,6718,1805
62443,79112,24247,61236,17876,1207,7578
4460,4488,1129,4460,28,0,1101
58363,71471,21324,57646,13825,717,8216
67385,90320,28913,64988,25332,2397,5978
71408,106548,37070,64816,41732,6592,1930
68596,127875,54614,37294,90581,31302,-4665
70673,121437,47593,52502,68935,18171,-3171
68734,94386,30801,65568,28818,3166,5149
70719,121780,47779,52444,69336,18275,-3282
67807,90476,28852,65544,24932,2263,6183
71775,112691,40828,62070,50621,9705,-88
66198,131377,63137,10206,121171,55992,-2042
70517,101461,34362,65474,35987,5043,3418
66565,130861,61022,17634,113227,48931,-3274
70364,123436,49286,49728,73708,20636,-3786
71556,116026,43236,59108,56918,12448,-1234
57818,70450,20946,57116,13334,702,8314
70511,101474,34329,65632,35842,4879,3366
55024,66128,19444,54480,11648,544,8340
70171,99106,33063,65960,33146,4211,4128
71329,119090,45416,56516,62574,14813,-2345
67233,129972,58532,25816,104156,41417,-4207
56627,68225,20089,56094,12131,533,8491
70151,123692,49659,48748,74944,21403,-3882
69965,124664,50631,46804,77860,23161,-4068
67359,129790,58118,27108,102682,40251,-4313
71695,112670,40881,61816,50854,9879,-94
66883,89002,28343,64632,24370,2251,6224
53269,62969,18260,52898,10071,371,8560
70989,104348,35868,65224,39124,5765,2509
66926,89454,28606,64484,24970,2442,6078
64745,83882,26174,63068,20814,1677,7037
71808,110403,39355,63386,47017,8422,760
59284,73296,22039,58436,14860,848,8027
69817,124889,50860,46338,78551,23479,-4212
64486,83671,26134,62806,20865,1680,6949
48521,56149,16003,48286,7863,235,8375
71593,113897,41745,60814,53083,10779,-559
58162,70957,21108,57482,13475,680,8313
59315,73032,21884,58528,14504,787,8167
52131,61351,17737,51754,9597,377,8517
71050,105199,36394,64822,40377,6228,2245
71838,110284,39238,63616,46668,8222,792
71888,109635,38826,63966,45669,7922,1079
71171,104449,35856,65474,38975,5697,2578
68511,93812,30526,65520,28292,2991,5225
68579,127754,54496,37524,90230,31055,-4679
68573,94210,30734,65484,28726,3089,5097
68475,127767,54633,37002,90765,31473,-4659
66449,130991,61501,15978,115013,50471,-3041
66955,130366,59593,22360,108006,44595,-3818
46023,52549,14809,45862,6687,161,8283
70997,104419,35918,65166,39253,5831,2496
71078,104049,35698,65306,38743,5772,2727
69129,95756,31449,65716,30040,3413,4822
71528,115896,43117,59324,56572,12204,-1251
65882,86794,27406,63964,22830,1918,6494
60764,75744,22923,59796,15948,968,7943
70277,99787,33410,65934,33853,4343,3900
71712,110902,39730,62884,48018,8828,540
68449,127600,54441,37436,90164,31013,-4710
60206,74828,22600,59256,15572,950,7978
67297,89635,28586,64926,24709,2371,6248
69496,97727,32463,65602,32125,3894,4232
24678,26054,6859,24672,1382,6,5483
68202,92598,29981,65272,27326,2930,5585
66393,131211,62103,14010,117201,52383,-2715
67464,129609,57735,28278,101331,39186,-4410
71090,119086,45580,55852,63234,15238,-2416
68739,94509,30870,65538,28971,3201,5100
70022,98298,32616,66132,32166,3890,4340
71922,112432,40636,62320,50112,9602,126
71680,113680,41551,61156,52524,10524,-449
69271,96636,31930,65552,31084,3719,4565
66136,131470,63830,7620,123850,58516,-1504
43792,49442,13802,43676,5766,116,8152
4812,4872,1233,4812,60,0,1173
71160,104946,36191,65128,39818,6032,2405
66348,131154,62126,13804,117350,52544,-2680
23474,24766,6516,23468,1298,6,5224
62477,79238,24315,61216,18022,1261,7554
66218,87689,27838,64026,23663,2192,6367
54873,65458,19131,54392,11066,481,8546
71692,107046,37265,65032,42014,6660,1911
71505,116081,43269,59086,56995,12419,-1307
71328,117568,44386,57592,59976,13736,-1854
69126,126131,52557,42034,84097,27092,-4448
71456,117125,44005,58230,58895,13226,-1664
70969,120556,46725,54212,66344,16757,-2862
68144,128664,55901,33724,94940,34420,-4619
52335,61472,17734,52008,9464,327,8597
71738,113728,41541,61292,52436,10446,-449
71766,109524,38848,63656,45868,8110,1090
71431,114364,42117,60260,54104,11171,-816
69958,98406,32736,65868,32538,4090,4288
66152,131467,63682,8206,123261,57946,-1633
70690,101702,34404,65788,35914,4902,3392
67752,91393,29425,65086,26307,2666,5784
61001,76589,23313,59926,16663,1075,7725
68391,128013,54911,36382,91631,32009,-4711
5422,5489,1389,5422,67,0,1322
68342,127923,54919,36170,91753,32172,-4662
71905,113403,41251,61802,51601,10103,-247
62468,79213,24286,61282,17931,1186,7541
71370,106700,37200,64600,42100,6770,1870
71075,103835,35528,65558,38277,5517,2768
68431,93058,30132,65588,27470,2843,5505
70223,99796,33453,65780,34016,4443,3880
70922,119605,46049,55014,64591,15908,-2634
69958,98450,32722,66012,32438,3946,4230
31300,33778,9071,31272,2506,28,6593
69765,98273,32714,65690,32583,4075,4206
66750,89073,28433,64414,24659,2336,6110
70830,102342,34756,65660,36682,5170,3244
66560,88477,28163,64302,24175,2258,6246
58634,71976,21525,57852,14124,782,8183
46013,52472,14772,45856,6616,157,8313
58637,71840,21451,57876,13964,761,8248
71360,119217,45518,56362,62855,14998,-2339
71563,107249,37439,64742,42507,6821,1753
29502,31541,8397,29494,2047,8,6358
71756,115385,42707,59942,55443,11814,-922
67246,130027,58538,25902,104125,41344,-4243
71401,118524,45017,56980,61544,14421,-2106
70173,99526,33293,65880,33646,4293,3940
67550,90874,29187,65000,25874,2550,5863
69861,98343,32723,65794,32549,4067,4241
68417,128134,55012,36220,91914,32197,-4705
51092,59803,17202,50798,9005,294,8491
71210,104905,36176,65106,39799,6104,2481
57986,70681,21014,57306,13375,680,8319
48294,55562,15758,48092,7470,202,8490
54184,64550,18837,53752,10798,432,8471
71857,113702,41516,61340,52362,10517,-329
40591,45279,12520,40478,4801,113,7832
66992,89819,28775,64538,25281,2454,5948
65934,86881,27464,63906,22975,2028,6517
70254,100055,33585,65770,34285,4484,3784
70610,122199,48161,51754,70445,18856,-3428
70555,101672,34478,65432,36240,5123,3361
66457,131032,61638,15512,115520,50945,-2937
68189,93605,30536,65066,28539,3123,5120
71040,103183,35184,65630,37553,5410,3041
48617,56174,15987,48400,7774,217,8430
32189,34873,9396,32162,2711,27,6712
71433,115577,42967,59286,56291,12147,-1177
70908,102893,35046,65602,37291,5306,3061
71824,114767,42236,60590,54177,11234,-707
71316,105529,36499,65062,40467,6254,2286
71085,119066,45484,56196,62870,14889,-2497
44345,50262,14086,44180,6082,165,8169
71442,108171,38061,64098,44073,7344,1332
71780,112053,40438,62354,49699,9426,165
16110,16663,4304,16110,553,0,3751
69180,126134,52535,42128,84006,27052,-4419
71211,103773,35505,65526,38247,5685,2943
59943,74502,22493,59032,15470,911,7934
59635,73687,22149,58778,14909,857,8097
70679,102318,34801,65432,36886,5247,3162
64368,83044,25822,62800,20244,1568,7146
42010,47139,13094,41902,5237,108,7965
56543,68123,20054,56030,12093,513,8474
55934,67235,19772,55382,11853,552,8471
70040,124488,50428,47264,77224,22776,-4020
71714,112932,41048,61672,51260,10042,-170
71736,108630,38267,64192,44438,7544,1373
68079,128711,55955,33602,95109,34477,-4677
70084,98934,32994,65892,33042,4192,4144
17710,18466,4806,17708,758,2,4050
69891,124614,50577,46920,77694,22971,-4146
70616,121343,47513,52634,68709,17982,-3214
68885,126991,53494,40006,86985,28879,-4612
71494,108429,38252,63850,44579,7644,1317
66224,131359,63064,10462,120897,55762,-2071
71824,114066,41781,61008,53058,10816,-461
71235,119851,46055,55482,64369,15753,-2561
30148,32406,8669,30136,2270,12,6411
71642,107206,37401,64808,42398,6834,1837
71608,108052,37962,64256,43796,7352,1518
71720,116844,43692,58920,57924,12800,-1432
66418,131053,61644,15530,115523,50888,-2991
67098,130193,58909,24750,105443,42348,-4186
19224,20024,5207,19220,804,4,4407
70371,100715,33932,65702,35013,4669,3588
69907,123818,49946,47852,75966,22055,-3965
68111,92893,30159,65150,27743,2961,5377
68466,93753,30531,65382,28371,3084,5244
63341,81049,25042,61930,19119,1411,7334
71657,115812,43045,59444,56368,12213,-1110
67336,129907,58249,26818,103089,40518,-4322
61124,76405,23166,60146,16259,978,7885
71321,105382,36407,65136,40246,6185,2346
63909,82142,25478,62372,19770,1537,7245
59374,73421,22087,58494,14927,880,8040
70505,122811,48747,50634,72177,19871,-3559
70641,121980,48068,51688,70292,18953,-3271
51495,60155,17273,51218,8937,277,8613
33418,36326,9819,33376,2950,42,6911
60924,76166,23103,59920,16246,1004,7861
68676,127433,54074,38570,88863,30106,-4683
69810,97532,32256,66040,31492,3770,4534
59354,73303,22022,58518,14785,836,8073
69892,123680,49828,48048,75632,21844,-3960
62451,79345,24368,61218,18127,1233,7474
67517,91201,29393,64830,26371,2687,5709
67962,92100,29731,65276,26824,2686,5593
