Points,Edges,Area,Perimeter,Contact_perimeter,TETRAPIXEL,Euler_General_8_Async
17515,31349,12802,11490,19859,6025,-1973
17787,25688,8701,16572,9116,1215,-1231
18005,28784,10601,15164,13620,2841,-1842
17869,29496,11161,14348,15148,3521,-1952
2426,2475,631,2426,49,0,529
17254,32005,13620,9530,22475,7724,-1768
15940,20507,6360,15574,4933,366,20
17889,29768,11333,14204,15564,3685,-1997
8599,9340,2522,8592,748,7,1222
17045,32447,14291,7730,24717,9315,-1527
17252,23746,7775,16392,7354,860,-725
18035,28650,10482,15372,13278,2663,-1857
18008,27795,9944,15814,11981,2194,-1688
17262,23758,7765,16456,7302,806,-739
17183,23236,7494,16496,6740,687,-646
16822,22020,6932,16312,5708,510,-370
14216,17179,5071,14074,3105,142,628
12164,14038,3991,12112,1926,52,1027
17958,29415,11066,14566,14849,3392,-1953
18003,27513,9778,15914,11599,2089,-1595
7256,7768,2071,7252,516,4,1151
1614,1645,419,1614,31,0,371
15660,19968,6156,15312,4656,348,85
17656,25097,8396,16610,8487,1046,-1100
15507,19428,5904,15240,4188,267,239
15942,20269,6239,15582,4687,360,80
11039,12438,3466,11012,1426,27,1132
16722,22141,7017,16214,5927,508,-376
9411,10339,2819,9402,937,9,1249
7513,8058,2152,7508,550,5,1181
4676,4878,1270,4676,202,0,931
17715,25310,8517,16552,8758,1163,-1113
17920,29138,10912,14628,14510,3292,-1865
17471,24541,8148,16490,8051,981,-904
17867,29988,11490,14016,15972,3851,-2036
12257,14250,4078,12188,2062,69,973
17287,24041,7932,16354,7687,933,-802
18022,29750,11240,14540,15210,3482,-2051
17699,25485,8619,16494,8991,1205,-1135
17840,30688,12037,13228,17460,4612,-2116
17580,24542,8112,16636,7906,944,-969
12901,15191,4390,12822,2369,79,899
15297,19112,5801,15020,4092,277,297
17559,24661,8187,16574,8087,985,-925
17834,30361,11809,13486,16875,4348,-2056
10036,11203,3095,10026,1177,10,1155
4154,4303,1113,4154,149,0,830
17047,23029,7423,16366,6663,681,-528
16680,21986,6948,16180,5806,500,-331
15455,19317,5849,15238,4079,217,225
5865,6159,1614,5862,297,3,1065
13433,16009,4674,13322,2687,111,770
16735,22185,7042,16202,5983,533,-375
17769,30556,11985,13172,17384,4597,-2038
17518,24350,8032,16572,7778,946,-842
16604,21926,6938,16100,5826,504,-294
16166,20814,6459,15792,5022,374,-64
17197,32266,13958,8700,23566,8497,-1685
17292,23676,7705,16532,7144,760,-750
18062,27625,9802,16042,11583,2020,-1647
17759,25394,8559,16552,8842,1207,-1094
17163,32272,13916,8880,23392,8283,-1727
17264,31983,13608,9534,22449,7730,-1764
17998,27355,9663,16058,11297,1940,-1579
14763,18125,5418,14578,3547,185,492
16013,20425,6288,15698,4727,315,32
3158,3231,826,3158,73,0,682
4068,4199,1083,4066,133,2,815
17969,27518,9776,15932,11586,2037,-1597
17077,32357,14114,8258,24099,8819,-1617
10475,11710,3241,10456,1254,19,1185
17456,24127,7916,16590,7537,866,-840
17984,29582,11152,14556,15026,3428,-2011
17179,32193,13863,8934,23259,8245,-1712
11823,13513,3814,11770,1743,53,1081
17126,23039,7396,16494,6545,632,-562
17403,31714,13182,10700,21014,6703,-1936
12493,14521,4150,12442,2079,51,945
17879,29869,11427,14030,15839,3849,-1996
16650,22111,7031,16098,6013,552,-339
16936,32581,14539,7006,25575,9930,-1407
13123,15548,4519,13020,2528,103,813
2212,2244,569,2212,32,0,498
13823,16480,4813,13708,2772,115,751
12404,14406,4117,12344,2062,60,984
18015,27447,9720,16014,11433,2001,-1599
17784,25945,8872,16402,9543,1382,-1264
14454,17599,5230,14278,3321,176,535
16325,21190,6609,15944,5246,381,-170
17223,23389,7568,16506,6883,717,-659
16641,33024,16339,692,32332,15949,-44
17758,25814,8810,16388,9426,1370,-1243
16681,22004,6968,16136,5868,545,-266
16549,21596,6772,16104,5492,445,-275
12411,14445,4139,12334,2111,77,1023
17745,25367,8559,16498,8869,1247,-1081
17442,31659,13147,10730,20929,6712,-1920
16642,33023,16332,718,32305,15924,-50
6563,6989,1854,6562,427,1,1094
13302,15639,4514,13222,2417,80,842
17911,29146,10880,14772,14374,3139,-1906
16643,22024,6984,16112,5912,531,-348
17993,29655,11214,14454,15201,3539,-2020
8707,9484,2568,8696,788,11,1245
15433,19294,5846,15204,4090,229,267
17077,32396,14176,8088,24308,8989,-1591
14543,17832,5332,14336,3496,207,551
16990,32463,14419,7250,25213,9740,-1418
6745,7184,1907,6740,444,5,1108
17340,31686,13220,10492,21194,6848,-1866
16735,32889,15461,3934,28955,12801,-788
17952,29256,10960,14672,14584,3280,-1900
16755,22221,7058,16210,6011,545,-383
17940,27708,9921,15732,11976,2208,-1627
17531,31187,12615,11914,19273,5617,-1995
15681,19945,6133,15358,4587,323,115
15131,18883,5723,14874,4009,257,378
10145,11355,3148,10118,1237,27,1171
18100,27424,9668,16176,11248,1924,-1628
15084,18866,5726,14828,4038,256,370
17627,25295,8553,16378,8917,1249,-1070
17647,25809,8833,16286,9523,1361,-1219
17626,31099,12516,12134,18965,5492,-2022
12121,13994,3984,12052,1942,69,1046
11834,13576,3840,11792,1784,42,1025
17439,31527,13007,11026,20501,6413,-1944
17503,24691,8235,16442,8249,1061,-937
17831,26075,8951,16346,9729,1485,-1268
18043,27903,9996,15822,12081,2221,-1724
17897,29631,11227,14354,15277,3543,-1957
17727,25629,8710,16418,9211,1309,-1193
17069,32359,14173,8026,24333,9043,-1562
17696,25604,8701,16404,9200,1292,-1175
10439,11661,3228,10410,1251,29,1177
9822,10804,2950,9808,996,14,1194
17143,32328,14079,8340,23988,8803,-1621
14902,18271,5468,14670,3601,232,437
17408,31672,13188,10592,21080,6816,-1882
16356,21148,6581,15972,5176,384,-131
17949,29820,11353,14228,15592,3721,-2014
15613,19739,6038,15326,4413,287,203
16779,22347,7121,16210,6137,569,-423
9657,10657,2917,9646,1011,11,1181
16501,21472,6719,16068,5404,433,-187
10733,12048,3347,10708,1340,25,1169
16081,20613,6381,15702,4911,379,32
18006,28914,10689,15072,13842,2934,-1899
3568,3676,946,3568,108,0,728
14336,17396,5151,14188,3208,148,604
17485,24644,8198,16496,8148,989,-933
17772,25923,8861,16402,9521,1370,-1257
17276,23853,7811,16462,7391,814,-735
17746,25637,8705,16454,9183,1292,-1195
14943,18508,5569,14740,3768,203,396
17248,32027,13627,9546,22481,7702,-1784
17797,26094,8953,16376,9718,1421,-1323
17513,31088,12573,11884,19204,5629,-1965
17745,25837,8822,16386,9451,1359,-1231
17959,29295,10974,14694,14601,3265,-1946
16732,32887,15439,4018,28869,12714,-809
7951,8585,2306,7946,639,5,1129
15054,18601,5593,14830,3771,224,402
17853,26577,9237,16206,10371,1647,-1400
13665,16399,4819,13522,2877,143,780
17822,30390,11827,13472,16918,4350,-2041
17467,31365,12841,11366,19999,6101,-1954
17516,24434,8059,16632,7802,884,-927
8396,9092,2448,8392,700,4,1213
8618,9389,2541,8614,775,4,1206
17226,23707,7759,16378,7329,848,-735
10200,11430,3170,10180,1250,20,1181
12789,14959,4299,12722,2237,67,894
17540,24943,8367,16418,8525,1122,-987
16680,32964,15791,2764,30200,13916,-532
16973,23023,7442,16278,6745,695,-550
16972,22697,7251,16390,6307,582,-470
18016,29322,10939,14888,14434,3128,-1957
17990,28973,10731,15022,13951,2968,-1887
936,946,239,936,10,0,225
17985,27269,9613,16086,11183,1899,-1568
10638,11977,3334,10618,1359,20,1158
15871,20216,6220,15552,4664,319,90
17817,25814,8796,16444,9370,1373,-1232
15976,20514,6360,15588,4926,388,52
17736,25466,8602,16524,8942,1212,-1169
13533,16016,4650,13432,2584,101,767
17971,28660,10538,15168,13492,2803,-1847
17190,23710,7770,16340,7370,850,-666
17867,30264,11739,13572,16692,4295,-2027
16240,21343,6736,15742,5601,498,-188
17276,23810,7786,16476,7334,800,-730
9990,11056,3036,9968,1088,22,1176
16859,22754,7326,16204,6550,655,-462
17605,24829,8276,16554,8275,1051,-992
17523,24730,8244,16484,8246,1039,-981
12238,14095,4006,12166,1929,72,1036
1326,1343,340,1326,17,0,314
17976,27761,9936,15778,11983,2198,-1674
17844,26456,9169,16236,10220,1608,-1391
16618,21892,6913,16132,5760,486,-372
16904,22681,7276,16258,6423,646,-525
17371,31778,13282,10428,21350,6943,-1885
17010,22890,7353,16368,6522,642,-492
17168,23795,7815,16330,7465,838,-737
17811,25199,8412,16750,8449,1061,-1153
9313,10270,2811,9296,974,17,1245
6894,7360,1957,6892,468,2,1135
16796,32779,15075,5258,27521,11538,-1067
16640,33020,16355,620,32400,16020,-25
17974,27365,9673,16038,11327,1936,-1574
7410,7943,2120,7406,537,4,1188
17649,24650,8152,16692,7958,957,-955
17589,24898,8328,16484,8414,1105,-1019
16957,22917,7391,16270,6647,687,-518
17376,24032,7895,16484,7548,892,-756
16797,22652,7287,16156,6496,641,-458
17552,31201,12675,11702,19499,5850,-1955
17841,29768,11368,14064,15704,3777,-1971
7218,7688,2041,7212,476,6,1170
17006,22977,7402,16346,6631,660,-534
17286,32001,13622,9514,22487,7772,-1775
12656,14739,4222,12590,2149,66,969
17575,31409,12791,11654,19755,5921,-2035
17597,25334,8576,16364,8970,1233,-1113
17969,28953,10699,15110,13843,2859,-1919
17232,31925,13500,9850,22075,7382,-1817
16433,21350,6677,15992,5358,441,-178
17968,29449,11078,14586,14863,3382,-1970
17586,25049,8412,16450,8599,1136,-1055
17894,26399,9100,16398,10001,1496,-1373
17144,32144,13828,8976,23168,8168,-1693
16666,32961,15790,2762,30199,13904,-532
14286,17355,5150,14110,3245,176,561
17821,30401,11884,13266,17135,4555,-2011
17547,24973,8389,16390,8583,1157,-1040
18053,28959,10685,15178,13781,2875,-1914
17333,31798,13323,10304,21494,7029,-1865
5280,5555,1458,5278,277,2,980
18092,28660,10471,15436,13224,2656,-1865
17986,26783,9317,16298,10485,1688,-1473
16649,33007,16099,1618,31389,15031,-267
16940,32543,14560,6846,25697,10094,-1361
17312,23887,7832,16446,7441,866,-751
8785,9550,2581,8776,774,9,1184
16385,21395,6715,15930,5465,455,-198
16715,22178,7052,16148,6030,567,-336
16198,21034,6566,15804,5230,394,-109
17094,23431,7627,16354,7077,740,-615
18009,27443,9720,16006,11437,2003,-1630
18156,27589,9775,16078,11511,2078,-1624
17907,26784,9344,16192,10592,1715,-1449
17258,31830,13447,9872,21958,7386,-1777
17693,25410,8597,16432,8978,1261,-1098
18034,27436,9701,16068,11368,1966,-1633
14799,18294,5494,14612,3682,187,425
16764,32873,15360,4306,28567,12458,-874
17910,28342,10351,15280,13062,2630,-1737
16519,21702,6845,16024,5678,495,-235
17457,24520,8134,16504,8016,953,-922
17446,24262,8006,16500,7762,946,-841
17866,28145,10230,15370,12775,2496,-1693
17103,23302,7562,16356,6946,747,-600
8198,8883,2394,8190,693,8,1187
17077,32328,14110,8216,24112,8861,-1594
17973,27102,9518,16132,10970,1841,-1521
16665,32966,15836,2588,30378,14077,-490
2770,2843,729,2770,73,0,598
9206,10003,2702,9198,805,8,1252
17465,31436,12901,11268,20168,6197,-1951
17507,24656,8205,16492,8164,1015,-957
16903,22864,7365,16268,6596,635,-512
17999,28020,10088,15688,12332,2311,-1741
18051,29114,10800,15028,14086,3023,-1951
1644,1668,423,1644,24,0,372
17579,31106,12569,11936,19170,5643,-1974
16883,22678,7286,16212,6466,671,-442
16780,22525,7226,16146,6379,634,-456
16002,20584,6381,15644,4940,358,-22
18067,29013,10717,15158,13855,2909,-1923
17716,25678,8735,16416,9262,1300,-1191
8378,9119,2468,8366,753,12,1220
17925,26552,9190,16344,10208,1581,-1420
17926,26049,8885,16558,9491,1368,-1298
16320,21055,6544,15934,5121,386,-107
15474,19418,5911,15192,4226,282,249
17568,24840,8289,16524,8316,1044,-1012
17991,27448,9718,16024,11424,1967,-1638
9179,10076,2746,9168,908,11,1232
18079,27723,9878,15934,11789,2145,-1666
16777,32816,15190,4872,27944,11905,-986
17922,29734,11304,14252,15482,3670,-2002
16824,22470,7173,16248,6222,576,-442
13531,15934,4610,13428,2506,103,839
17233,23647,7707,16466,7181,767,-679
17861,26284,9052,16360,9924,1501,-1364
16345,21348,6704,15880,5468,465,-195
13338,15943,4666,13222,2721,116,793
17388,24203,7997,16418,7785,970,-829
17560,24500,8101,16596,7904,964,-905
11440,13114,3707,11400,1714,40,1075
16348,21065,6551,15926,5139,422,-139
18022,27857,9959,15878,11979,2144,-1717
8144,8863,2397,8138,725,6,1176
17224,32061,13685,9382,22679,7842,-1763
14006,16863,4967,13858,3005,148,717
17874,29685,11254,14354,15331,3520,-1985
17308,31982,13525,9864,22118,7444,-1852
3248,3322,849,3248,74,0,707
14312,17274,5095,14168,3106,144,621
17874,30003,11514,13950,16053,3924,-2013
17532,24901,8344,16426,8475,1106,-1023
17010,32458,14376,7412,25046,9598,-1450
16437,22040,7068,15808,6232,629,-322
17981,26836,9349,16276,10560,1705,-1492
17978,29826,11320,14372,15454,3606,-2051
12143,14112,4035,12084,2028,59,1009
16746,32867,15365,4274,28593,12472,-866
17744,30832,12223,12772,18060,4972,-2064
17014,23016,7422,16344,6672,670,-524
17928,29150,10880,14780,14370,3148,-1903
16880,22658,7271,16232,6426,648,-488
15780,19990,6133,15448,4542,332,144
17942,27363,9701,15922,11441,2020,-1556
17950,26371,9070,16462,9909,1488,-1365
16681,32972,15836,2600,30372,14081,-497
11703,13424,3799,11652,1772,51,1044
17939,26089,8902,16570,9519,1369,-1303
16258,21154,6629,15792,5362,466,-149
17238,23705,7754,16394,7311,844,-693
9411,10324,2811,9404,920,7,1232
16396,21376,6699,15956,5420,440,-189
2872,2942,753,2872,70,0,619
3344,3452,890,3344,108,0,702
17019,32478,14359,7520,24958,9499,-1488
11967,13789,3913,11926,1863,41,1022
6512,6934,1840,6508,426,4,1107
12168,14085,4017,12102,1983,66,1069
14328,17312,5115,14164,3148,164,601
17415,24571,8206,16318,8253,1097,-894
13430,15888,4612,13328,2560,102,812
12845,14992,4305,12764,2228,81,944
17856,26888,9430,16056,10832,1800,-1437
12219,14085,4005,12150,1935,69,1023
16171,20704,6398,15816,4888,355,-36
18067,29272,10901,14940,14332,3127,-1967
16959,22784,7310,16328,6456,631,-482
17029,32341,14163,8030,24311,8999,-1554
16890,32686,14785,6232,26454,10658,-1264
12295,14171,4027,12234,1937,61,1016
16647,22184,7070,16088,6096,559,-345
14906,18537,5601,14670,3867,236,382
17641,30969,12403,12326,18643,5315,-2021
5288,5530,1443,5288,242,0,996
17053,23127,7470,16374,6753,679,-572
17791,30099,11614,13742,16357,4049,-2018
12333,14267,4064,12278,1989,55,1005
17634,25002,8369,16528,8474,1106,-1044
17680,25817,8843,16262,9555,1418,-1191
15604,19705,6025,15310,4395,294,190
17846,30238,11676,13772,16466,4074,-2066
17967,27536,9806,15848,11688,2119,-1603
17969,28460,10394,15344,13116,2625,-1781
16830,22640,7270,16200,6440,630,-458
2090,2125,540,2090,35,0,475
17980,26923,9394,16270,10653,1710,-1472
17946,26493,9157,16358,10135,1588,-1416
17871,29930,11473,13968,15962,3903,-2020
17623,25009,8357,16590,8419,1033,-1034
17836,25632,8679,16548,9084,1288,-1168
16882,32648,14786,6152,26496,10730,-1228
12706,14819,4252,12630,2189,76,920
14896,18316,5481,14708,3608,188,453
17669,30768,12213,12684,18084,4985,-2022
16154,20827,6476,15750,5077,404,-23
17137,23192,7478,16472,6720,665,-623
11855,13701,3901,11798,1903,57,1051
15978,20387,6287,15626,4761,352,44
13738,16477,4830,13634,2843,104,774
17762,26002,8927,16296,9706,1466,-1304
17200,32180,13849,8964,23216,8236,-1708
16420,21629,6823,15966,5663,454,-202
17452,31557,13025,11014,20543,6438,-1940
17851,27036,9540,15912,11124,1939,-1469
16124,20864,6497,15740,5124,384,-24
6220,6585,1738,6218,367,2,1083
18002,27765,9913,15878,11887,2124,-1665
17560,31175,12649,11754,19421,5806,-1956
11074,12571,3526,11038,1533,36,1116
11844,13596,3847,11804,1792,40,1056
17153,23280,7542,16392,6888,761,-583
16336,21417,6745,15854,5563,482,-199
13618,16191,4719,13506,2685,112,757
17112,23346,7582,16364,6982,748,-646
14195,17151,5062,14054,3097,141,668
17675,25563,8689,16370,9193,1305,-1168
17376,24276,8039,16396,7880,980,-833
17733,26004,8929,16292,9712,1441,-1244
18034,29320,10953,14828,14492,3206,-1944
17863,30421,11842,13474,16947,4389,-2061
18004,28326,10270,15572,12754,2432,-1784
17212,32096,13692,9424,22672,7788,-1784
16991,32513,14470,7146,25367,9845,-1411
17742,25643,8709,16450,9193,1292,-1170
1802,1833,466,1802,31,0,414
17398,24212,7995,16444,7768,954,-817
17585,31209,12640,11858,19351,5727,-2005
9934,11117,3081,9910,1207,24,1170
17764,30705,12088,13058,17647,4706,-2090
11883,13596,3840,11832,1764,51,1077
17357,23840,7797,16492,7348,865,-763
12208,14105,4016,12146,1959,62,1054
14791,18287,5493,14602,3685,189,416
14061,16964,5001,13924,3040,137,650
17134,23295,7552,16382,6913,752,-627
16351,21491,6781,15858,5633,493,-168
14031,16956,5001,13908,3048,123,716
18104,27961,10001,15918,12043,2186,-1751
11262,12828,3608,11224,1604,38,1127
16122,20870,6520,15660,5210,462,-86
17959,26808,9334,16280,10528,1679,-1480
18015,28047,10114,15638,12409,2377,-1704
17902,26897,9435,16054,10843,1848,-1446
8632,9366,2527,8624,742,8,1249
17821,30511,11937,13274,17237,4547,-2055
17812,25938,8843,16504,9434,1308,-1265
17897,29555,11204,14294,15261,3603,-1918
17845,26722,9325,16144,10578,1701,-1410
17930,29577,11178,14442,15135,3488,-1981
16928,22724,7274,16352,6372,576,-502
16367,21275,6658,15918,5357,449,-159
17869,25898,8816,16532,9366,1337,-1280
17779,30266,11746,13548,16718,4231,-2022
17629,24883,8289,16610,8273,1019,-1019
17851,29963,11510,13886,16077,3965,-1980
17385,24346,8074,16396,7950,989,-851
15230,19073,5791,14982,4091,248,287
17913,29149,10917,14630,14519,3283,-1899
17925,30078,11557,13928,16150,3997,-2040
17514,24700,8228,16488,8212,1026,-919
17746,30808,12201,12812,17996,4934,-2065
17977,28462,10397,15336,13126,2641,-1790
7823,8467,2280,7814,653,9,1166
15611,19821,6084,15306,4515,305,147
10122,11294,3120,10108,1186,14,1185
5565,5879,1549,5562,317,3,1007
15414,19259,5840,15158,4101,256,259
16717,32906,15550,3612,29294,13105,-717
16862,32703,14900,5806,26897,11056,-1172
15917,20299,6257,15570,4729,347,27
16825,32716,14977,5524,27192,11301,-1107
18012,29269,10922,14850,14419,3162,-1958
16923,32593,14623,6694,25899,10229,-1336
16692,22050,6984,16164,5886,528,-324
15899,20169,6186,15594,4575,305,82
13490,16145,4729,13374,2771,116,778
16982,22763,7293,16354,6409,628,-553
15250,19026,5757,15024,4002,226,316
16472,21787,6912,15926,5861,546,-257
8278,8989,2428,8266,723,12,1190
17728,26034,8937,16320,9714,1408,-1293
8385,9154,2483,8376,778,9,1193
14703,18063,5401,14522,3541,181,516
18068,26980,9404,16344,10636,1724,-1520
16290,21132,6598,15872,5260,418,-86
17927,26450,9121,16416,10034,1511,-1427
17800,26656,9317,16044,10612,1756,-1409
14478,17754,5304,14292,3462,186,499
14375,17455,5176,14206,3249,169,584
16731,32883,15431,4042,28841,12689,-813
18126,27378,9623,16264,11114,1862,-1642
17866,29993,11491,14022,15971,3844,-2045
11588,13190,3711,11536,1654,52,1100
17502,31201,12698,11610,19591,5892,-1935
17483,24595,8164,16534,8061,949,-969
17370,24421,8119,16366,8055,1004,-923
17397,24124,7943,16476,7648,921,-787
17011,23055,7455,16290,6765,721,-558
16909,22444,7129,16372,6072,537,-417
16955,22671,7247,16354,6317,601,-494
10969,12311,3421,10938,1373,31,1169
18010,27194,9562,16140,11054,1870,-1548
16804,32761,15028,5410,27351,11394,-1096
17988,29109,10835,14878,14231,3110,-1906
17643,24923,8317,16578,8345,1065,-1036
17953,29471,11094,14566,14905,3387,-1952
14304,17386,5155,14152,3234,152,580
16981,23214,7552,16220,6994,761,-581
17672,25327,8543,16482,8845,1190,-1116
17815,30436,11906,13248,17188,4567,-2025
17975,26735,9277,16362,10373,1613,-1472
17820,25971,8872,16454,9517,1366,-1307
17280,23573,7657,16518,7055,762,-668
17268,32069,13638,9586,22483,7682,-1807
17823,30190,11674,13684,16506,4139,-2026
17480,31448,12905,11276,20172,6204,-1954
11701,13307,3738,11662,1645,39,1103
12179,13993,3963,12134,1859,45,1089
17553,31296,12726,11688,19608,5865,-1994
17752,25560,8644,16544,9016,1208,-1173
8095,8788,2372,8088,700,7,1172
17957,27769,9943,15766,12003,2191,-1671
16016,20423,6298,15654,4769,362,16
16712,32937,15642,3306,29631,13406,-654
17842,26420,9142,16272,10148,1570,-1381
16654,32995,16024,1894,31101,14760,-330
16914,32592,14631,6660,25932,10254,-1325
2816,2896,744,2816,80,0,607
17960,28102,10167,15536,12566,2424,-1722
16660,32994,15930,2268,30726,14392,-423
17897,26878,9389,16200,10678,1697,-1447
16130,20894,6519,15712,5182,418,-99
17986,29570,11137,14592,14978,3394,-2013
17525,31394,12825,11488,19906,6037,-1984
17682,25375,8563,16498,8877,1184,-1132
15706,19927,6115,15394,4533,312,95
14457,17519,5192,14270,3249,187,632
17310,31876,13457,9924,21952,7386,-1816
17302,23674,7708,16516,7158,786,-735
10465,11713,3246,10442,1271,23,1160
17301,31988,13523,9884,22104,7417,-1858
17796,30655,12035,13170,17485,4626,-2092
18162,27908,9966,15952,11956,2210,-1721
17965,28596,10528,15080,13516,2885,-1777
17635,24818,8251,16632,8186,1003,-980
11137,12610,3527,11112,1498,25,1148
17249,23656,7704,16496,7160,753,-731
17809,29764,11377,14020,15744,3789,-1967
68,68,17,68,0,0,16
17950,28299,10297,15410,12889,2540,-1761
17965,29313,10998,14634,14679,3331,-1928
18024,28059,10109,15682,12377,2342,-1718
15853,20123,6179,15530,4593,323,125
13477,15948,4635,13356,2592,121,845
14795,18124,5413,14596,3528,199,542
10477,11764,3269,10452,1312,25,1160
17238,31931,13540,9702,22229,7536,-1788
18051,28148,10143,15724,12424,2327,-1778
5488,5751,1504,5486,265,2,1018
13239,15618,4521,13152,2466,87,877
17944,26479,9153,16346,10133,1598,-1424
16439,21444,6730,15968,5476,471,-177
17160,23194,7481,16464,6730,696,-633
13724,16335,4765,13610,2725,114,761
17254,23727,7755,16434,7293,820,-751
16898,32624,14740,6288,26336,10610,-1251
17637,25087,8410,16534,8553,1103,-1104
17483,31521,12965,11182,20339,6301,-1968
17954,29268,10940,14776,14492,3178,-1928
18000,27589,9825,15878,11711,2122,-1597
18005,26753,9287,16358,10395,1647,-1484
14309,17308,5122,14128,3180,181,630
16796,32794,15090,5228,27566,11568,-1066
17402,31450,12945,11120,20330,6282,-1926
17960,25943,8796,16702,9241,1258,-1295
17873,26446,9146,16308,10138,1565,-1381
480,482,121,480,2,0,116
7358,7909,2116,7354,555,4,1149
17373,24166,7972,16444,7722,929,-831
16618,21757,6848,16122,5635,496,-294
17285,31779,13328,10246,21533,7039,-1855
17303,23737,7739,16518,7219,785,-743
7881,8472,2266,7880,592,1,1195
16693,32960,15746,2936,30024,13757,-573
6040,6356,1668,6040,316,0,1081
3554,3673,948,3554,119,0,730
13858,16616,4880,13712,2904,146,739
17963,28615,10513,15178,13437,2785,-1809
4812,5008,1301,4812,196,0,923
16941,32520,14505,7020,25500,9921,-1380
3020,3116,803,3020,96,0,644
17116,23154,7468,16436,6718,680,-596
16896,22708,7298,16224,6484,672,-483
14409,17512,5196,14240,3272,169,548
17340,24052,7909,16468,7584,872,-827
16949,32506,14462,7164,25342,9785,-1411
17341,31737,13267,10406,21331,6935,-1877
16458,21607,6802,16006,5601,452,-198
13871,16562,4849,13728,2834,143,738
17831,25526,8590,16692,8834,1139,-1196
17128,32229,13936,8714,23515,8414,-1675
17506,24636,8192,16504,8132,1002,-975
11551,13177,3714,11498,1679,53,1080
11283,12825,3598,11258,1567,25,1084
14893,18282,5467,14696,3586,197,461
17992,28471,10409,15306,13165,2686,-1771
13761,16445,4808,13658,2787,103,774
13769,16468,4822,13648,2820,121,744
17574,25052,8424,16408,8644,1166,-1043
14467,17654,5255,14288,3366,179,560
16939,32631,14704,6446,26185,10493,-1292
18006,27155,9547,16122,11033,1884,-1523
17968,26597,9194,16418,10179,1550,-1412
17664,24970,8352,16532,8438,1132,-998
17974,28034,10115,15608,12426,2366,-1695
17777,25918,8867,16368,9550,1409,-1210
16647,33007,16170,1334,31673,15313,-197
17429,24020,7851,16636,7384,793,-790
16917,32501,14501,6998,25503,9919,-1370
17565,31194,12652,11780,19414,5785,-1964
5056,5286,1379,5056,230,0,979
16421,21588,6815,15916,5672,505,-190
17423,24651,8233,16370,8281,1053,-917
17033,23044,7438,16336,6708,697,-537
17753,30454,11950,13108,17346,4645,-1990
17747,26063,8958,16294,9769,1453,-1280
17942,26926,9428,16140,10786,1802,-1468
8796,9622,2614,8788,834,8,1187
17268,31875,13446,9966,21909,7302,-1823
16671,32977,15874,2458,30519,14213,-465
17400,31690,13182,10652,21038,6748,-1909
17826,30421,11892,13274,17147,4552,-2009
17054,23140,7493,16308,6832,746,-618
16449,21479,6745,15978,5501,471,-174
17706,25123,8412,16598,8525,1108,-1039
14435,17582,5224,14268,3314,167,618
17837,26436,9157,16244,10192,1593,-1388
18025,28801,10601,15198,13603,2827,-1891
17908,27085,9539,16014,11071,1894,-1494
17972,27375,9700,15950,11425,2022,-1587
17916,29937,11440,14114,15823,3802,-2039
17925,26449,9135,16358,10091,1567,-1369
17135,32231,13935,8722,23509,8413,-1674
7082,7573,2018,7074,499,8,1166
17030,32385,14216,7906,24479,9124,-1546
16877,32683,14829,6050,26633,10827,-1218
15235,19153,5838,14954,4199,281,260
12134,14042,4001,12080,1962,54,1044
16776,22469,7192,16170,6299,606,-426
17901,29592,11208,14352,15240,3549,-1955
18065,27473,9726,16042,11431,2023,-1624
17125,23571,7708,16310,7261,815,-671
18002,27732,9928,15752,11980,2250,-1646
17897,26171,8952,16534,9637,1363,-1329
17935,27904,10030,15688,12216,2247,-1697
17261,32046,13642,9524,22522,7737,-1781
14611,17883,5332,14438,3445,173,522
17244,32178,13824,9060,23118,8184,-1724
17941,26553,9185,16366,10187,1575,-1434
17030,32355,14206,7886,24469,9144,-1528
16186,20869,6494,15762,5107,424,-50
17981,28722,10555,15224,13498,2757,-1875
17159,23348,7562,16448,6900,711,-634
11069,12534,3508,11036,1498,33,1130
15749,19926,6098,15460,4466,289,163
16922,22710,7281,16296,6414,626,-477
17913,27411,9733,15890,11521,2023,-1565
18016,28207,10211,15570,12637,2446,-1728
14830,18210,5447,14632,3578,198,457
17167,32162,13859,8888,23274,8279,-1683
17812,25337,8492,16706,8631,1106,-1152
17097,23026,7412,16404,6622,693,-553
16415,21588,6816,15912,5676,503,-175
17955,27408,9719,15940,11468,2015,-1579
16847,32711,14958,5590,27121,11257,-1116
11758,13399,3773,11706,1693,52,1089
17964,29438,11066,14612,14826,3352,-1953
17275,23698,7721,16512,7186,763,-682
17843,30612,11991,13260,17352,4583,-2096
17970,27362,9670,16044,11318,1926,-1581
17722,30662,12093,12952,17710,4770,-2037
16172,20882,6494,15788,5094,384,-87
15245,18927,5706,15030,3897,215,339
17051,23199,7520,16318,6881,733,-571
13036,15335,4434,12934,2401,102,871
16645,33021,16216,1178,31843,15467,-164
17632,30724,12212,12600,18124,5032,-1999
17157,32181,13898,8770,23411,8387,-1662
16757,32851,15276,4598,28253,12159,-935
17673,30928,12316,12592,18336,5081,-2077
17634,30948,12373,12404,18544,5230,-2011
13864,16620,4872,13752,2868,112,730
17364,31710,13260,10380,21330,6984,-1852
17661,30910,12314,12564,18346,5097,-2044
12944,15216,4393,12860,2356,84,919
18063,27723,9875,15946,11777,2117,-1704
17479,24439,8077,16570,7869,909,-893
15848,20299,6285,15458,4841,390,40
18036,28637,10501,15270,13367,2766,-1812
16838,32723,14943,5674,27049,11164,-1142
17188,23523,7659,16410,7113,778,-715
16926,22884,7379,16252,6632,674,-493
17885,27006,9492,16044,10962,1841,-1490
18011,28028,10082,15728,12300,2283,-1730
17996,28088,10137,15628,12460,2368,-1718
17572,25128,8458,16424,8704,1148,-1073
16694,22192,7061,16140,6052,554,-305
13403,15915,4635,13290,2625,113,805
14613,17987,5391,14410,3577,203,478
17889,27020,9490,16080,10940,1809,-1483
17277,23639,7701,16474,7165,803,-704
10651,11981,3335,10622,1359,29,1163
14601,17910,5345,14440,3470,161,453
16717,32930,15633,3328,29602,13389,-657
16732,32888,15504,3760,29128,12972,-745
18017,28474,10379,15432,13042,2585,-1808
17210,32060,13672,9432,22628,7778,-1776
15527,19580,5979,15244,4336,283,203
14152,17066,5031,14008,3058,144,653
13315,15778,4590,13196,2582,119,900
17555,31274,12735,11608,19666,5947,-1973
16774,32802,15191,4840,27962,11934,-974
17353,24271,8039,16386,7885,967,-879
17230,23311,7524,16526,6785,704,-632
11303,12893,3632,11258,1635,45,1103
17274,31785,13367,10102,21683,7172,-1823
17300,23916,7836,16488,7428,812,-796
17510,24637,8197,16486,8151,1024,-921
17932,26737,9303,16262,10475,1670,-1445
17854,29882,11438,14012,15870,3842,-2009
17676,25508,8669,16340,9168,1336,-1140
14823,18287,5489,14618,3669,205,414
17804,30417,11872,13346,17071,4458,-2023
17771,25860,8822,16432,9428,1339,-1233
17197,23538,7655,16456,7082,741,-692
10499,11722,3241,10480,1242,19,1173
17895,30124,11575,13948,16176,3947,-2079
16841,22431,7158,16230,6201,611,-381
17976,28422,10395,15264,13158,2712,-1761
17993,27634,9836,15924,11710,2069,-1670
15555,19622,5994,15268,4354,287,189
14107,16982,4995,13984,2998,123,686
10833,12165,3382,10802,1363,31,1146
7529,8059,2148,7526,533,3,1191
17800,25506,8618,16540,8966,1260,-1151
14799,18108,5397,14628,3480,171,456
16093,20816,6484,15696,5120,397,-72
18017,26190,8936,16636,9554,1381,-1349
16711,32928,15541,3692,29236,13019,-746
11355,12870,3606,11316,1554,39,1141
17337,31914,13436,10084,21830,7253,-1866
10755,12100,3367,10732,1368,23,1160
17562,31095,12551,11986,19109,5576,-1994
14519,17717,5270,14354,3363,165,523
17561,24869,8335,16398,8471,1163,-953
17108,32251,14018,8430,23821,8678,-1609
17286,23708,7733,16484,7224,802,-710
4760,4960,1290,4760,200,0,916
10825,12172,3387,10796,1376,29,1180
17908,26620,9245,16260,10360,1648,-1412
15884,20321,6271,15558,4763,326,86
17536,31392,12828,11472,19920,6064,-1992
17721,25509,8647,16430,9079,1291,-1129
17509,31133,12608,11834,19299,5675,-1975
17866,28891,10721,14898,13993,2968,-1859
16997,32422,14333,7512,24910,9485,-1466
9484,10521,2894,9466,1055,18,1206
18050,26906,9383,16280,10626,1770,-1484
14510,17613,5218,14354,3259,156,570
15202,18824,5669,14972,3852,230,352
17537,31356,12799,11516,19840,6021,-1977
17588,25090,8445,16400,8690,1188,-1046
18086,28657,10444,15538,13119,2548,-1877
16582,21695,6817,16122,5573,460,-264
17395,31571,13077,10834,20737,6561,-1900
17867,26024,8901,16444,9580,1423,-1293
17943,26356,9076,16408,9948,1535,-1365
16267,21177,6624,15858,5319,409,-140
17749,30405,11874,13314,17091,4435,-2014
18032,28879,10640,15198,13681,2834,-1905
16938,32619,14616,6774,25845,10164,-1369
9868,10955,3019,9834,1121,34,1191
16820,32798,15091,5232,27566,11588,-1068
12565,14670,4210,12500,2170,65,979
17127,32147,13846,8910,23237,8217,-1681
13860,16749,4946,13714,3035,146,694
12740,14874,4273,12656,2218,84,943
17473,24735,8254,16454,8281,1019,-952
17645,25377,8585,16414,8963,1231,-1154
9508,10474,2865,9488,986,20,1198
17600,31047,12488,12142,18905,5458,-2003
17194,23497,7644,16418,7079,776,-646
12880,15118,4361,12792,2326,88,889
11542,13146,3696,11508,1638,34,1111
17777,25741,8769,16406,9335,1371,-1193
4987,5203,1355,4986,217,1,959
15974,20356,6270,15632,4724,342,71
9796,10882,2998,9772,1110,24,1201
1794,1813,458,1794,19,0,422
8563,9354,2539,8552,802,11,1217
15698,19873,6094,15370,4503,328,122
16718,22130,7012,16212,5918,506,-411
16445,21718,6874,15940,5778,505,-264
17960,28774,10616,15084,13690,2876,-1835
18096,28926,10647,15264,13662,2832,-1915
16645,33016,16167,1364,31652,15281,-208
17296,32083,13671,9482,22601,7814,-1792
17044,32426,14287,7704,24722,9340,-1512
6523,6961,1850,6522,439,1,1109
16147,20842,6477,15776,5066,371,-64
17921,29666,11233,14400,15266,3521,-2003
8036,8740,2363,8028,712,8,1180
7687,8300,2230,7680,620,7,1160
17574,24472,8079,16628,7844,946,-930
16786,22401,7151,16198,6203,588,-409
17603,30935,12402,12262,18673,5341,-1980
18000,27380,9679,16044,11336,1956,-1580
17984,29078,10806,14932,14146,3052,-1900
17605,31200,12629,11884,19316,5721,-2008
18004,28846,10649,15096,13750,2908,-1886
18029,27732,9894,15888,11844,2141,-1658
10514,11837,3298,10482,1355,32,1187
17981,27917,10034,15698,12219,2283,-1676
17201,32106,13781,9088,23018,8113,-1706
9423,10373,2835,9406,967,17,1207
18042,27598,9790,16036,11562,2006,-1663
18014,27925,10033,15718,12207,2296,-1693
17869,26268,9036,16392,9876,1477,-1329
16586,21808,6880,16096,5712,490,-235
15918,20283,6240,15606,4677,312,93
16942,22948,7411,16252,6696,690,-541
16469,21615,6815,15970,5645,499,-222
17367,31807,13341,10250,21557,7117,-1857
13105,15432,4465,13004,2428,101,876
5448,5717,1497,5446,271,2,1022
15744,19962,6127,15416,4546,328,128
17957,26852,9376,16200,10652,1757,-1442
17335,31811,13366,10158,21653,7177,-1836
13498,16063,4681,13402,2661,96,771
17986,27269,9605,16118,11151,1868,-1562
17891,28782,10652,14956,13826,2935,-1804
18031,28417,10339,15478,12939,2553,-1806
17384,23997,7862,16546,7451,838,-810
18007,28516,10422,15344,13172,2663,-1795
17587,31096,12523,12100,18996,5487,-2014
12596,14583,4156,12542,2041,54,953
958,961,241,958,3,0,230
13449,15894,4612,13340,2554,109,815
15990,20458,6313,15664,4794,326,17
17132,23504,7660,16368,7136,764,-645
12515,14494,4133,12456,2038,59,976
17729,31056,12442,12344,18712,5385,-2061
16968,32493,14500,6986,25507,9982,-1366
17356,24423,8136,16302,8121,1054,-867
12901,15113,4354,12810,2303,91,932
15987,20202,6174,15708,4494,279,95
17471,24400,8068,16528,7872,943,-887
17987,27967,10070,15654,12313,2333,-1704
17966,28893,10690,15026,13867,2940,-1863
3244,3330,854,3244,86,0,700
18086,29072,10750,15144,13928,2942,-1941
17587,24884,8315,16508,8376,1079,-985
11110,12643,3556,11062,1581,48,1090
17708,25521,8655,16422,9099,1286,-1156
17501,31391,12840,11422,19969,6079,-1959
14621,17995,5393,14418,3577,203,512
17809,25899,8836,16454,9445,1355,-1210
16216,20993,6544,15810,5183,406,-116
8613,9380,2539,8604,776,9,1236
17578,24322,7984,16708,7614,870,-904
18073,28518,10383,15504,13014,2569,-1818
4176,4321,1117,4174,147,2,835
17888,29845,11415,14030,15815,3858,-1976
14037,17039,5048,13886,3153,151,644
17264,31809,13407,9990,21819,7274,-1812
17720,31036,12394,12496,18540,5224,-2070
17360,31877,13435,10014,21863,7346,-1823
17786,30730,12090,13100,17630,4686,-2099
12236,14096,4002,12184,1912,52,995
17261,31852,13422,10016,21836,7245,-1824
6426,6811,1799,6426,385,0,1091
17618,24967,8357,16506,8461,1112,-1030
16992,32533,14469,7190,25343,9802,-1427
140,140,35,140,0,0,35
4908,5140,1343,4908,232,0,932
17359,31710,13253,10408,21302,6951,-1863
16721,32924,15514,3792,29132,12929,-769
17552,24493,8091,16622,7871,930,-918
17938,27828,9985,15716,12112,2222,-1669
14638,18011,5390,14462,3549,176,457
7641,8264,2223,7636,628,5,1173
17655,24968,8329,16620,8348,1035,-1032
13687,16396,4805,13572,2824,115,756
16153,20798,6457,15768,5030,385,-34
17882,26549,9229,16182,10367,1700,-1391
17938,29072,10826,14840,14232,3098,-1894
17518,31545,12972,11202,20343,6316,-1982
17032,23069,7441,16374,6695,658,-549
18126,27680,9842,15992,11688,2134,-1667
8246,8877,2379,8238,639,8,1220
17920,27165,9584,15994,11171,1926,-1552
12276,14230,4061,12216,2014,60,1026
7147,7641,2034,7146,495,1,1127
14470,17631,5244,14286,3345,184,515
11781,13639,3889,11722,1917,59,993
0,0,0,0,0,0,0
18041,29165,10841,14966,14199,3075,-1962
7991,8589,2298,7986,603,5,1186
17787,30461,11901,13318,17143,4469,-2032
18123,28439,10314,15622,12817,2501,-1844
17495,24579,8166,16494,8085,1001,-922
17918,28194,10222,15500,12694,2418,-1729
16095,20842,6498,15692,5150,403,-42
17995,29056,10793,14940,14116,3055,-1901
18053,28718,10530,15316,13402,2737,-1900
17355,31829,13344,10282,21547,7073,-1881
17256,23398,7571,16512,6886,744,-641
17980,28137,10169,15598,12539,2382,-1752
16453,21528,6768,15984,5544,469,-214
17723,30089,11663,13526,16563,4197,-1958
17702,30447,11938,13142,17305,4560,-2005
17267,32029,13623,9566,22463,7701,-1783
12847,15051,4336,12758,2293,89,874
14126,17087,5054,13958,3129,168,666
9721,10724,2936,9704,1020,17,1232
17131,32154,13847,8920,23234,8211,-1688
16316,21105,6580,15890,5215,426,-107
16710,22117,7012,16186,5931,524,-339
17984,28433,10368,15394,13039,2590,-1801
17293,23897,7840,16434,7463,859,-763
17890,25878,8809,16520,9358,1370,-1256
17132,32275,13954,8734,23541,8398,-1693
16954,32555,14504,7094,25461,9860,-1416
6263,6621,1745,6262,359,1,1115
17890,29599,11225,14298,15301,3592,-1950
17901,28741,10641,14918,13823,2983,-1779
17008,22864,7345,16348,6516,660,-507
16974,32545,14554,6874,25671,10100,-1357
18060,27300,9608,16168,11132,1892,-1604
16985,32530,14472,7172,25358,9813,-1424
14592,17888,5348,14384,3504,208,500
17658,30995,12425,12290,18705,5368,-2028
17759,30458,11895,13336,17122,4423,-2059
16995,32491,14402,7374,25117,9621,-1459
15055,18767,5674,14838,3929,217,268
17491,24362,8039,16568,7794,923,-904
17744,26105,9000,16210,9895,1534,-1292
17601,30883,12354,12350,18533,5251,-1975
17519,24515,8123,16538,7977,981,-883
15430,19382,5907,15136,4246,294,251
17884,29994,11529,13872,16122,4012,-1991
14445,17660,5256,14296,3364,149,544
17359,24062,7905,16504,7558,855,-790
16295,21240,6655,15860,5380,435,-77
17968,28615,10504,15214,13401,2754,-1802
17437,24701,8271,16318,8383,1119,-916
16760,32811,15201,4818,27993,11942,-974
17090,23031,7399,16466,6565,624,-514
930,939,237,930,9,0,223
5076,5327,1395,5074,253,2,949
17764,30526,11966,13188,17338,4576,-2027
17838,26364,9124,16232,10132,1606,-1339
14071,17061,5047,13934,3127,137,687
7430,7972,2130,7424,548,6,1184
4640,4818,1249,4640,178,0,912
16921,22715,7286,16286,6429,635,-494
17297,24108,7955,16396,7712,901,-804
13304,15888,4649,13180,2708,124,834
17774,25293,8491,16622,8671,1152,-1115
16526,21920,6964,15984,5936,542,-246
17422,24523,8163,16394,8129,1028,-894
17021,32486,14374,7476,25010,9545,-1484
17532,24803,8294,16430,8373,1102,-959
14824,18297,5495,14614,3683,210,446
13457,15942,4633,13352,2590,105,855
18064,28342,10292,15516,12826,2548,-1793
13616,16283,4765,13506,2777,110,793
9233,10157,2774,9218,939,15,1204
2892,2950,752,2892,58,0,615
17492,24250,7958,16668,7582,824,-855
14070,16869,4951,13934,2935,136,630
16233,20863,6464,15870,4993,363,-59
17621,25078,8422,16468,8610,1153,-1053
16828,22469,7169,16262,6207,566,-443
17532,31257,12725,11614,19643,5918,-1961
17388,31464,12990,10968,20496,6420,-1902
18096,28219,10185,15698,12521,2398,-1784
16628,22115,7036,16086,6029,542,-336
17509,31405,12865,11350,20055,6159,-1966
17527,24605,8177,16502,8103,1025,-918
8471,9193,2483,8454,739,17,1252
17419,24740,8277,16372,8368,1047,-940
1708,1724,435,1708,16,0,403
14907,18476,5566,14688,3788,219,401
5856,6186,1630,5852,334,4,1036
17819,26581,9250,16162,10419,1657,-1416
17753,25750,8775,16400,9350,1353,-1229
17617,30978,12426,12252,18726,5365,-2001
17915,29859,11393,14146,15713,3769,-1999
18034,27382,9660,16124,11258,1910,-1591
17650,31043,12449,12290,18753,5360,-2045
17523,24635,8183,16538,8097,985,-953
16714,22271,7103,16130,6141,584,-352
17968,28275,10305,15330,12945,2638,-1735
17054,23068,7446,16352,6716,702,-564
17484,31588,13027,11068,20520,6416,-1963
16987,32510,14457,7192,25318,9795,-1422
15760,20256,6274,15416,4840,344,47
11078,12519,3499,11042,1477,36,1126
17009,32537,14420,7394,25143,9615,-1483
15602,19734,6037,15320,4414,282,146
17062,23258,7537,16368,6890,694,-614
5894,6244,1649,5892,352,2,1035
17421,31549,13024,11002,20547,6419,-1933
16354,21271,6655,15922,5349,432,-173
13483,16024,4672,13360,2664,123,847
17013,32412,14260,7784,24628,9229,-1533
344,344,86,344,0,0,84
17606,24661,8184,16586,8075,1020,-944
15726,19928,6112,15408,4520,318,167
16884,22479,7166,16294,6185,590,-405
