Points,Edges,Area,Perimeter,Contact_perimeter,TETRAPIXEL,Euler_General_8_Async
70678,121515,47681,52306,69209,18372,-8263
67128,130159,58904,24702,105457,42426,-5220
68238,93182,30286,65220,27962,3018,-2592
69200,126181,52447,42574,83607,26626,-7830
69286,126412,52583,42492,83920,26794,-7897
36718,40323,10993,36674,3649,44,4884
71677,114969,42382,60410,54559,11267,-7661
69241,95733,31399,65870,29863,3371,-3225
71544,109812,39123,63132,46680,8412,-6606
66144,131441,63661,8238,123203,57906,-1732
66307,131285,62601,12166,119119,54141,-2637
71789,113728,41527,61348,52380,10441,-7473
22979,24199,6357,22970,1229,9,4128
71566,109725,39036,63306,46419,8260,-6534
66053,131570,65096,2756,128814,63297,-425
70752,102222,34684,65708,36514,5044,-4925
64805,83671,26051,63138,20533,1667,-282
68518,93467,30352,65526,27941,2992,-2750
68940,94462,30779,65808,28654,3132,-2951
27191,28889,7649,27182,1707,9,4543
71228,119776,45983,55620,64156,15608,-8338
70083,99709,33471,65534,34175,4549,-4245
68462,93507,30400,65414,28093,3048,-2747
71752,115793,42938,59834,55959,11918,-7799
70680,121760,47861,52076,69684,18604,-8273
67782,129041,56643,31510,97531,36272,-6393
70458,100406,33737,65864,34542,4594,-4418
71758,110766,39610,63092,47674,8666,-6853
70424,101254,34229,65592,35662,4832,-4655
62773,79776,24513,61500,18276,1273,376
71828,109971,39074,63646,46325,8182,-6718
71369,105459,36418,65246,40213,6123,-5702
70981,119918,46248,54844,65074,16137,-8235
66879,130533,59785,21926,108607,44953,-4720
54127,64395,18775,53690,10705,437,3060
70231,100231,33750,65462,34769,4769,-4366
66836,89238,28508,64444,24794,2392,-1777
69039,95375,31281,65626,29749,3413,-3141
38398,42404,11613,38356,4048,42,4838
68963,126728,53174,40760,85968,28203,-7639
67397,90205,28862,64962,25243,2435,-1992
60044,74205,22300,59210,14995,834,1550
71711,115033,42424,60370,54663,11341,-7669
44343,50147,14019,44218,5929,125,4541
67068,130290,59184,23844,106446,43224,-5064
68767,127058,53700,39316,87742,29451,-7420
70870,121341,47334,53346,67995,17524,-8424
70597,121931,48009,51826,70105,18771,-8303
66683,130736,60513,19420,111316,47263,-4188
68491,93817,30566,65370,28447,3121,-2839
69157,96550,31913,65448,31102,3709,-3392
62222,78708,24096,61032,17676,1190,606
71158,104184,35730,65448,38736,5710,-5365
70348,100921,34059,65606,35315,4742,-4599
52933,62681,18201,52558,10123,375,3199
63569,81697,25330,62074,19623,1495,-59
11135,11411,2922,11134,277,1,2425
69289,96407,31791,65650,30757,3639,-3418
70820,102797,35048,65402,37395,5418,-4940
70061,123527,49481,49130,74397,20931,-8281
67103,89696,28650,64792,24904,2311,-1812
69048,126283,52708,41734,84549,27314,-7667
30682,33131,8899,30666,2465,16,4726
68466,93630,30448,65468,28162,2998,-2710
51766,61100,17704,51384,9716,382,3414
71270,105154,36318,65036,40118,6234,-5578
71417,118960,45334,56584,62376,14833,-8226
69573,96981,32011,65918,31063,3655,-3567
69344,96214,31641,65864,30350,3480,-3349
71504,105771,36570,65262,40509,6242,-5781
70553,101670,34442,65572,36098,4981,-4754
70951,120502,46663,54352,66150,16599,-8329
70672,102364,34827,65420,36944,5252,-4913
70825,102133,34598,65874,36259,4951,-4817
67318,129944,58382,26360,103584,40958,-5536
59510,73185,21920,58690,14495,820,1704
68413,93578,30440,65396,28182,3017,-2674
12528,12850,3293,12528,322,0,2623
68549,94002,30632,65476,28526,3073,-2870
67641,129351,57191,29938,99413,37703,-6139
71849,116398,43324,59500,56898,12349,-7931
50658,59080,16951,50356,8724,302,3724
53262,63116,18352,52824,10292,438,3183
71205,104685,35989,65414,39271,5791,-5547
70070,124373,50353,47334,77039,22736,-8212
71622,107662,37707,64496,43166,7126,-6181
71630,109818,39045,63456,46362,8174,-6687
71550,116288,43400,58976,57312,12574,-7807
71429,108327,38158,64022,44305,7407,-6319
66791,88952,28354,64488,24464,2303,-1606
62031,78142,23848,60892,17250,1139,693
66224,87042,27461,64240,22802,1984,-1175
69427,97111,32152,65614,31497,3813,-3584
70065,124106,50060,47972,76134,22093,-8244
71605,115260,42579,60204,55056,11401,-7709
67560,129521,57482,29114,100407,38446,-6017
36250,39763,10831,36202,3561,48,4843
67656,91337,29393,65102,26235,2554,-2225
70671,101429,34272,65770,35659,4901,-4655
64166,82506,25604,62596,19910,1570,-187
68592,93835,30538,65518,28317,3074,-2787
70261,99945,33535,65750,34195,4511,-4295
67988,92476,29949,65156,27320,2832,-2453
68464,127719,54613,36986,90733,31478,-7136
52308,61290,17649,51984,9306,324,3483
71077,104124,35731,65324,38800,5753,-5245
56785,69037,20484,56138,12899,647,2421
68228,92969,30150,65338,27631,2890,-2677
70541,122170,48199,51544,70626,18997,-8309
66997,90002,28890,64444,25558,2553,-1860
71719,108360,38098,64328,44032,7391,-6363
65524,85991,27077,63674,22317,1850,-917
68427,128208,55015,36356,91852,32071,-7205
26439,28144,7465,26428,1716,11,4474
68822,94476,30821,65668,28808,3154,-3047
69804,97960,32516,65856,32104,3948,-3816
61131,76296,23123,60100,16196,1031,1185
70975,103150,35194,65524,37626,5451,-5090
8180,8318,2114,8180,138,0,1845
66715,130691,60492,19414,111277,47301,-4163
70855,102832,35031,65540,37292,5315,-5077
71079,104862,36174,65028,39834,6051,-5506
71315,104790,36060,65340,39450,5975,-5483
66960,89501,28578,64690,24811,2270,-1826
52219,61516,17794,51856,9660,363,3433
70404,100048,33519,66020,34028,4384,-4337
71869,114680,42142,60792,53888,11077,-7670
63803,81819,25318,62366,19453,1437,-36
57565,70208,20888,56864,13344,701,2236
71596,113244,41318,61216,52028,10380,-7271
68337,92936,30080,65552,27384,2785,-2572
70737,121349,47454,52882,68467,17855,-8317
68951,126814,53283,40496,86318,28455,-7615
64364,82869,25710,62898,19971,1466,-255
68202,93262,30314,65268,27994,2934,-2600
68478,127832,54684,36928,90904,31550,-7175
70966,120153,46452,54498,65655,16468,-8218
63458,81550,25265,62040,19510,1418,-51
70342,101732,34563,65212,36520,5130,-4646
57906,70706,21058,57180,13526,726,2106
71112,104656,36072,65024,39632,6088,-5504
71379,116535,43615,58610,57925,12769,-7872
68793,126964,53553,39716,87248,29077,-7461
64973,84841,26633,63150,21691,1823,-723
13702,14117,3633,13702,415,0,2843
68151,92564,29956,65304,27260,2847,-2560
61896,78052,23857,60676,17376,1220,754
28542,30512,8124,28528,1984,14,4617
20975,21965,5740,20970,995,5,3914
64593,83820,26187,62892,20928,1701,-485
66250,87567,27764,64078,23489,2172,-1394
69335,95323,31136,66102,29221,3233,-3195
43188,48818,13647,43048,5770,140,4659
70394,123100,48988,50248,72852,20146,-8389
70433,122778,48781,50432,72346,20001,-8263
67867,128739,56111,33034,95705,34833,-6631
71438,105164,36193,65556,39608,5882,-5717
71331,117962,44687,57176,60786,14155,-7942
28042,29955,7969,28034,1921,8,4574
71513,119083,45338,56814,62269,14699,-8341
69631,97318,32211,65792,31526,3839,-3637
50690,59218,17014,50380,8838,310,3744
71885,115254,42506,60484,54770,11401,-7760
71844,110469,39385,63398,47071,8446,-6791
70616,121749,47906,51874,69875,18742,-8227
60842,76062,23066,59860,16202,982,1121
68817,94836,31031,65548,29288,3269,-2976
49381,57215,16335,49090,8125,291,4016
8679,8845,2253,8678,167,1,1935
70392,122748,48757,50468,72280,19924,-8304
70948,104597,36057,64966,39631,5982,-5400
70949,119858,46269,54640,65218,16309,-8138
55665,66773,19603,55134,11639,531,2736
7056,7168,1820,7056,112,0,1613
71603,106626,37080,64932,41694,6671,-5898
71303,105644,36584,64952,40692,6351,-5683
49618,57468,16400,49336,8132,282,3908
70258,123853,49722,48818,75035,21440,-8355
48697,56262,16014,48468,7794,229,4082
69100,96106,31659,65576,30530,3524,-3321
52132,61320,17709,51804,9516,328,3404
68311,93614,30504,65212,28402,3099,-2778
71294,105808,36675,64916,40892,6378,-5717
71715,110868,39696,62952,47916,8763,-6874
29658,31867,8522,29646,2221,12,4623
23376,24691,6504,23366,1325,10,4179
46057,52538,14791,45912,6626,145,4286
71805,111484,40021,62884,48600,8921,-7042
71772,112570,40772,62052,50518,9720,-7188
67299,129920,58307,26612,103308,40687,-5589
17045,17696,4587,17044,652,1,3368
70384,100726,33903,65840,34886,4544,-4542
42372,47608,13240,42256,5352,116,4680
58882,72328,21641,58092,14236,790,1888
62653,79380,24329,61444,17936,1209,548
32586,35415,9571,32546,2869,40,4827
60954,76086,23062,59924,16162,1030,1157
61797,78257,23973,60622,17635,1175,627
58758,72257,21623,58022,14235,736,1837
29185,31244,8330,29168,2076,17,4713
70152,99247,33148,65902,33345,4250,-4157
71214,120245,46333,55158,65087,16056,-8400
71640,112387,40710,61934,50453,9706,-7116
71523,118117,44628,57722,60395,13801,-8205
21187,22201,5805,21182,1019,5,3956
67361,129635,57909,27634,102001,39727,-5721
68002,92242,29815,65224,27018,2778,-2422
66369,131184,62049,14172,117012,52197,-3086
70267,100008,33546,65832,34176,4435,-4314
65101,84915,26636,63286,21629,1815,-710
69570,97384,32240,65808,31576,3762,-3686
67759,129115,56744,31254,97861,36505,-6362
69069,126535,52898,41478,85057,27591,-7703
65549,86069,27136,63594,22475,1955,-966
71211,120383,46489,54810,65573,16401,-8343
69608,97224,32132,65920,31304,3688,-3730
13702,14121,3635,13702,419,0,2861
71851,109529,38783,63926,45603,7925,-6637
70158,99587,33324,65878,33709,4280,-4226
45576,51856,14575,45412,6444,164,4410
64702,83399,25914,63142,20257,1560,-316
63784,82024,25447,62260,19764,1524,-12
33007,35793,9652,32978,2815,29,4806
68027,92814,30136,65084,27730,2943,-2495
71660,110549,39493,63126,47423,8534,-6790
66826,130550,59893,21528,109022,45298,-4618
56926,68911,20357,56394,12517,532,2350
69843,124573,50559,46910,77663,22933,-8183
71520,110315,39383,63098,47217,8422,-6775
67900,128792,56280,32464,96328,35436,-6524
71710,110872,39716,62880,47992,8830,-6876
5378,5435,1373,5378,57,0,1239
71432,107249,37544,64322,42927,7110,-6070
66135,87528,27751,64052,23476,2083,-1308
68477,94293,30835,65246,29047,3231,-2899
69740,97266,32117,66064,31202,3676,-3639
71420,105941,36695,65102,40839,6318,-5800
27808,29682,7891,27800,1882,8,4619
71038,104683,36040,65206,39477,5832,-5443
66088,131532,64350,5664,125868,60424,-1134
69884,99560,33435,65380,34180,4504,-4206
71803,111542,40093,62712,48830,9091,-7008
64750,83838,26136,63132,20706,1618,-505
65944,86844,27430,63968,22876,1976,-1157
69015,127014,53418,40356,86658,28659,-7644
16926,17624,4581,16924,700,2,3321
67607,129374,57214,29892,99482,37715,-6138
68549,127563,54339,37770,89793,30779,-7263
71706,107887,37811,64530,43357,7176,-6189
69858,124892,50833,46452,78440,23406,-8212
70550,102048,34660,65456,36592,5094,-4798
71704,112955,41077,61602,51353,10102,-7236
71052,120193,46416,54722,65471,16330,-8294
20093,21006,5481,20088,918,5,3809
69077,95601,31383,65670,29931,3407,-3235
70739,121804,47776,52504,69300,18235,-8396
54554,65089,19025,54078,11011,476,2979
71012,105637,36697,64486,41151,6526,-5630
60373,75148,22712,59448,15700,925,1363
64228,82830,25747,62672,20158,1556,-175
70320,123146,49092,49924,73222,20396,-8355
57837,70817,21128,57122,13695,715,2098
30660,33078,8879,30640,2438,20,4659
67092,130185,58884,24834,105351,42258,-5261
16351,16923,4374,16350,573,1,3288
61805,77807,23724,60718,17089,1087,772
40735,45361,12518,40650,4711,85,4755
59309,73109,21928,58506,14603,803,1731
67148,89794,28715,64728,25066,2420,-1837
68710,94744,31016,65424,29320,3286,-2996
70101,99521,33298,65850,33671,4251,-4199
20944,21941,5735,20942,999,2,3896
45552,51827,14569,45378,6449,174,4362
66218,87790,27895,64000,23790,2218,-1321
66079,131546,64582,4764,126782,61315,-915
71621,110090,39251,63176,46914,8445,-6611
66431,88045,27944,64314,23731,2117,-1418
59074,72778,21826,58252,14526,822,1733
66207,131385,63202,9962,121423,56245,-2134
71390,107179,37487,64410,42769,6980,-6028
68471,93378,30322,65468,27910,3003,-2703
68432,127894,54792,36620,91274,31812,-7123
51780,60707,17485,51474,9233,306,3512
63100,80362,24737,61776,18586,1324,162
69617,97147,32096,65910,31237,3707,-3588
66746,130615,60233,20298,110317,46448,-4341
69759,97682,32406,65740,31942,4019,-3672
68939,94778,30956,65732,29046,3207,-3075
34822,37943,10274,34790,3153,32,4813
33783,36801,9967,33734,3067,49,4768
71920,114587,42091,60810,53777,11110,-7602
40025,44390,12208,39948,4442,77,4782
71516,106637,37106,64850,41787,6666,-5965
67676,129318,57141,30072,99246,37604,-6159
70879,102546,34840,65732,36814,5147,-4964
68500,93943,30637,65338,28605,3162,-2807
71631,115200,42607,59972,55228,11659,-7619
69680,97542,32306,65860,31682,3820,-3851
71435,117711,44396,57838,59873,13597,-8055
71669,116026,43141,59488,56538,12181,-7865
70257,122752,48902,49896,72856,20361,-8174
71446,118112,44723,57332,60780,14114,-8112
67435,90608,29089,64860,25748,2575,-2046
67593,129220,57004,30424,98796,37169,-6204
7580,7698,1954,7580,118,0,1727
69753,98296,32737,65644,32652,4109,-3840
10332,10552,2693,10332,220,0,2281
70908,103533,35409,65430,38103,5478,-5169
71606,116380,43386,59216,57164,12390,-7855
45821,52259,14715,45658,6601,163,4367
11422,11687,2988,11422,265,0,2456
66913,89031,28365,64602,24429,2311,-1679
69212,95894,31511,65744,30150,3468,-3387
20588,21543,5626,20582,961,6,3893
35155,38332,10385,35124,3208,31,4842
70753,103393,35362,65338,38055,5415,-5205
67870,91972,29731,65020,26952,2850,-2288
60241,74930,22639,59304,15626,937,1336
71205,117500,44428,57288,60212,13917,-7876
20183,21101,5505,20182,919,1,3833
18166,18952,4935,18164,788,2,3508
69048,95108,31094,65840,29268,3208,-3131
70264,99675,33344,65974,33701,4290,-4234
67832,91171,29254,65326,25845,2506,-2211
71608,110432,39477,62956,47476,8652,-6715
66081,131534,64446,5284,126250,60797,-1039
71603,109952,39132,63376,46576,8227,-6656
71589,112545,40868,61618,50927,9971,-7127
38762,43022,11837,38696,4326,66,4822
32883,35557,9566,32850,2707,33,4813
71845,110903,39624,63310,47593,8535,-6882
67156,130127,58707,25426,104701,41730,-5393
61368,76948,23405,60276,16672,1092,911
68022,128481,55821,33678,94803,34344,-6665
69592,124992,51165,45324,79668,24268,-7998
26847,28527,7554,26838,1689,9,4509
71697,116043,43160,59446,56597,12251,-7831
31150,33625,9030,31130,2495,20,4724
66848,130449,59656,22274,108175,44574,-4763
69527,97350,32232,65772,31578,3755,-3648
67748,128992,56596,31600,97392,36148,-6381
45834,52089,14631,45654,6435,180,4356
71320,118235,44806,57246,60989,14074,-8137
66193,87845,27927,63982,23863,2211,-1336
54831,65657,19243,54342,11315,489,2884
68750,94941,31115,65422,29519,3328,-3114
71064,102875,34977,65842,37033,5222,-5010
64054,82481,25615,62502,19979,1552,-204
69194,95518,31316,65772,29746,3422,-3235
45848,52389,14771,45694,6695,154,4271
70690,102095,34677,65482,36613,5208,-4838
60906,76304,23189,59852,16452,1054,1048
70935,103770,35587,65192,38578,5743,-5172
69060,126165,52472,42442,83723,26618,-7809
66746,130630,60297,20072,110558,46674,-4292
42261,47374,13148,42156,5218,105,4624
70823,121787,47744,52598,69189,18225,-8409
71518,105922,36667,65176,40746,6342,-5806
61332,76469,23149,60342,16127,990,1025
47363,54306,15355,47192,7114,171,4139
65510,85095,26598,63798,21297,1712,-786
20916,21951,5747,20914,1037,2,3884
71176,104729,36048,65266,39463,5910,-5500
67093,89318,28466,64772,24546,2321,-1659
71785,109559,38790,63958,45601,7827,-6660
55120,66275,19491,54586,11689,534,2761
71086,119901,46171,55118,64783,15968,-8234
66410,88161,28012,64274,23887,2136,-1434
71371,117208,44073,58124,59084,13247,-7940
71579,112232,40607,62036,50196,9543,-7130
68079,92336,29867,65204,27132,2875,-2437
70885,120695,46898,53798,66897,17087,-8248
65345,85540,26893,63508,22032,1837,-930
63391,81266,25133,62000,19266,1391,38
68919,94530,30804,65844,28686,3075,-3043
69874,97778,32377,66048,31730,3826,-3778
69367,96106,31577,65904,30202,3463,-3406
69193,96061,31590,65762,30299,3431,-3303
61440,76840,23320,60400,16440,1040,965
67384,129921,58187,27094,102827,40290,-5713
71448,117394,44266,57724,59670,13724,-7947
66325,87924,27924,64152,23772,2173,-1348
60723,75911,23028,59710,16201,1013,1149
64105,82547,25636,62550,19997,1555,-187
69899,124492,50445,47204,77288,22695,-8245
61877,77649,23631,60774,16875,1103,788
65891,87072,27568,63872,23200,2019,-1210
67670,129173,56959,30510,98663,37160,-6197
23382,24609,6461,23374,1235,8,4250
42821,48114,13377,42720,5394,101,4619
68069,128455,55711,34066,94389,34003,-6745
70429,101038,34070,65796,35242,4633,-4649
29896,32127,8594,29878,2249,18,4669
15747,16281,4204,15746,535,1,3189
68315,128127,55080,35934,92193,32381,-7062
70416,122958,48937,50168,72790,20248,-8275
27691,29573,7869,27670,1903,21,4541
70869,121276,47285,53412,67864,17457,-8403
49975,58021,16588,49690,8331,285,3867
67849,128898,56379,32280,96618,35569,-6507
68767,94699,30960,65558,29141,3209,-3113
71573,116203,43276,59302,56901,12271,-7809
71411,116244,43449,58692,57552,12719,-7748
65555,86290,27261,63536,22754,2019,-974
71363,118699,45151,56794,61905,14569,-8200
71425,118350,44838,57348,61002,14077,-8241
71795,110552,39481,63180,47372,8615,-6820
71856,111331,39962,62814,48517,9042,-6919
62701,79602,24448,61412,18190,1289,440
65828,86818,27451,63832,22986,1996,-1257
71359,117046,43989,58136,58910,13223,-7940
43052,48562,13545,42944,5618,108,4516
69205,96078,31608,65724,30354,3481,-3369
46717,53439,15084,46542,6897,175,4263
70856,121271,47382,53014,68257,17842,-8316
71597,115514,42855,59608,55906,11989,-7674
65270,85196,26733,63460,21736,1810,-702
56864,68791,20332,56254,12537,610,2399
66062,131560,64809,3884,127676,62178,-702
70375,122471,48521,50858,71613,19517,-8270
65124,84564,26422,63440,21124,1684,-623
66917,130390,59506,22756,107634,44161,-4846
71342,118860,45252,56712,62148,14630,-8224
71483,107155,37446,64526,42629,6957,-6050
70015,123579,49604,48742,74837,21273,-8219
53962,64138,18691,53512,10626,450,3077
58193,71064,21151,57524,13540,669,1988
68115,92632,29970,65384,27248,2731,-2573
68571,93764,30478,65616,28148,2955,-2872
71243,106361,37035,64582,41779,6661,-5846
71685,116603,43534,59070,57533,12615,-7931
71412,106400,36998,64808,41592,6604,-5856
67586,129373,57284,29610,99763,37976,-6073
67342,90501,29038,64850,25651,2492,-2011
69876,124561,50555,46902,77659,22974,-8202
11864,12160,3114,11864,296,0,2536
71717,109642,38886,63740,45902,7977,-6622
54667,65364,19139,54172,11192,495,2810
66070,87345,27684,63954,23391,2116,-1241
48996,56777,16198,48762,8015,234,3978
71825,115490,42720,60100,55390,11725,-7767
2170,2181,548,2170,11,0,527
69206,125866,52119,43256,82610,25950,-7852
61054,76378,23189,60000,16378,1054,1107
63913,82286,25544,62396,19890,1517,-182
70667,121624,47670,52568,69056,18099,-8324
71694,115179,42521,60274,54905,11420,-7665
66890,89620,28702,64432,25188,2458,-1680
68017,128557,55878,33602,94955,34415,-6700
41944,46926,13001,41848,5078,96,4722
69058,95506,31335,65672,29834,3386,-3211
66660,89356,28606,64288,25068,2372,-1782
71665,111885,40364,62314,49571,9351,-7088
71762,108972,38470,64064,44908,7698,-6514
69512,97225,32152,65842,31383,3670,-3610
58645,72025,21541,57886,14139,759,1843
67623,91001,29253,64990,26011,2633,-2045
68382,128166,55072,36044,92122,32338,-7115
39807,44288,12208,39744,4544,63,4724
25174,26665,7041,25166,1499,8,4365
63929,82009,25391,62454,19555,1475,-47
64723,83959,26227,63010,20949,1713,-443
15790,16333,4219,15790,543,0,3229
68241,128147,55170,35614,92533,32627,-7001
58087,70904,21107,57380,13524,707,2108
69654,97727,32418,65782,31945,3872,-3733
70865,121416,47436,53088,68328,17777,-8372
71340,118697,45214,56538,62159,14802,-8121
69826,98663,32904,65710,32953,4116,-3978
68875,95649,31484,65362,30287,3513,-3176
66840,130549,59945,21318,109231,45522,-4566
71520,116244,43389,58932,57312,12588,-7812
71678,114509,42148,60426,54083,11252,-7539
67858,128942,56508,31852,97090,36006,-6428
40709,45443,12565,40626,4817,83,4776
70473,101658,34467,65448,36210,5025,-4679
68658,127392,53986,38840,88552,29818,-7470
65186,85444,26900,63288,22156,1898,-826
66071,131550,64641,4536,127014,61535,-860
69598,98409,32846,65434,32975,4164,-3960
44884,50935,14276,44766,6169,118,4431
53307,62902,18214,52948,9954,359,3319
48407,55821,15859,48206,7615,201,4088
59233,72928,21850,58456,14472,777,1651
61879,77995,23827,60682,17313,1197,852
71666,115365,42685,59990,55375,11676,-7712
71202,118200,44919,56724,61476,14478,-8010
70993,105160,36389,64764,40396,6229,-5534
65544,85842,27012,63636,22206,1908,-940
64166,82870,25789,62584,20286,1582,-288
70840,120889,47087,53430,67459,17410,-8244
67107,130004,58723,25116,104888,41991,-5255
60225,74508,22411,59372,15136,853,1362
11115,11353,2898,11114,239,1,2416
68623,127237,53951,38670,88567,29953,-7360
69951,124229,50280,47338,76891,22613,-8131
67457,129621,57806,28018,101603,39439,-5795
68183,128301,55467,34734,93567,33449,-6853
68084,128499,55755,33978,94521,34106,-6752
71590,114183,41923,60674,53509,10916,-7486
66366,87670,27773,64248,23422,2118,-1348
64807,84393,26431,63062,21331,1745,-618
58531,71463,21265,57866,13597,665,1954
66425,131091,61735,15242,115849,51183,-3311
58008,70720,21024,57344,13376,664,2092
70390,122993,48970,50106,72887,20284,-8294
68714,94293,30774,65490,28803,3224,-2837
57874,70792,21124,57088,13704,786,2181
61724,77649,23657,60670,16979,1054,801
48699,56294,16034,48452,7842,247,3952
71777,113596,41429,61476,52120,10301,-7441
1472,1474,369,1472,2,0,361
45623,51996,14636,45448,6548,175,4347
71569,109407,38837,63466,45941,8103,-6509
62513,78971,24141,61378,17593,1135,550
70085,123857,49918,48042,75815,22043,-8175
71206,104639,36015,65218,39421,5988,-5413
61198,76969,23464,60082,16887,1116,916
68822,95276,31272,65464,29812,3358,-3099
71804,108587,38215,64314,44273,7490,-6366
18318,19068,4955,18316,752,2,3547
62257,78666,24069,61056,17610,1201,625
70317,101284,34266,65504,35780,4813,-4690
66510,130963,61306,16702,114261,49808,-3615
67033,130317,59200,23834,106483,43199,-5078
71415,117757,44490,57554,60203,13861,-7981
70115,99443,33297,65698,33745,4417,-4252
71402,118184,44827,57060,61124,14342,-8056
60307,74950,22630,59380,15570,927,1317
68345,128209,55208,35586,92623,32759,-7026
43899,49716,13916,43768,5948,131,4503
67277,90742,29198,64692,26050,2585,-2052
34454,37551,10170,34422,3129,32,4832
71580,108803,38418,63934,44869,7646,-6439
70194,123447,49439,49138,74309,21056,-8250
62338,79211,24338,61070,18141,1268,549
70346,100436,33793,65700,34736,4646,-4487
70621,100683,33805,66146,34537,4475,-4570
70454,122742,48754,50468,72274,19986,-8316
71642,109811,39075,63322,46489,8320,-6612
64745,83598,26000,63196,20402,1549,-391
62773,79605,24420,61530,18075,1243,428
10732,10934,2784,10732,202,0,2345
63629,81722,25296,62260,19462,1369,-15
34415,37441,10127,34374,3067,41,4803
71549,109093,38680,63466,45627,8083,-6421
61574,77204,23476,60504,16700,1070,899
55455,66328,19422,54968,11360,487,2758
7546,7655,1941,7546,109,0,1713
68813,94570,30891,65576,28994,3237,-2990
1544,1548,388,1544,4,0,377
57087,69305,20539,56454,12851,633,2269
72051,113625,41343,61878,51747,10173,-7508
71487,115908,43172,59128,56780,12359,-7701
71228,107159,37508,64286,42873,6942,-6032
68272,93119,30234,65302,27817,2970,-2720
36284,39880,10882,36232,3648,52,4842
67542,91951,29792,64734,27217,2808,-2264
71697,113344,41274,61592,51752,10105,-7393
66692,130698,60415,19736,110962,46956,-4242
71474,116090,43263,59128,56962,12346,-7824
71640,117732,44375,57964,59768,13676,-8113
63404,80638,24808,62044,18594,1360,257
67902,92412,29951,65020,27392,2882,-2471
29145,31227,8331,29130,2097,15,4637
64339,83413,26031,62702,20711,1637,-325
71520,107347,37565,64434,42913,7086,-6083
67921,128933,56376,32362,96571,35559,-6557
71888,110126,39163,63600,46526,8288,-6770
39287,43390,11891,39216,4174,71,4862
71906,112459,40661,62274,50185,9632,-7226
66512,88553,28186,64362,24191,2150,-1598
67861,128914,56359,32392,96522,35469,-6541
71265,106363,37021,64642,41721,6623,-5910
70864,120873,47078,53434,67439,17430,-8264
60295,75036,22678,59360,15676,935,1269
68134,128347,55584,34358,93989,33776,-6770
66175,131426,63479,8936,122490,57239,-1898
68544,94172,30758,65312,28860,3232,-2776
63852,81635,25189,62514,19121,1338,-26
66066,131539,64676,4374,127165,61692,-814
68182,92481,29898,65370,27111,2812,-2465
62191,78873,24190,60986,17887,1205,529
43409,48808,13574,43320,5488,89,4690
43553,48970,13628,43428,5542,125,4601
57624,70181,20858,56930,13251,694,2208
10317,10558,2700,10316,242,1,2257
65946,86679,27343,63986,22693,1960,-1072
62393,78592,23978,61272,17320,1121,657
70297,123343,49251,49682,73661,20615,-8353
56636,68492,20234,56048,12444,588,2557
2282,2291,575,2282,9,0,561
68596,94219,30756,65414,28805,3182,-2873
66148,86942,27415,64224,22718,1924,-1164
49096,56702,16135,48864,7838,232,3964
61511,76997,23390,60434,16563,1077,964
50129,58274,16670,49868,8406,261,3797
65333,85054,26618,63636,21418,1697,-834
58575,71963,21521,57842,14121,733,1935
70558,101937,34586,65530,36407,5028,-4844
71670,107037,37292,64906,42131,6764,-6066
69559,125627,51725,44354,81273,25205,-8014
66886,130332,59499,22668,107664,44218,-4791
71225,120523,46597,54658,65865,16567,-8359
71351,106137,36866,64810,41327,6541,-5751
71669,110693,39589,63030,47663,8639,-6802
71771,110727,39577,63146,47581,8625,-6830
4008,4040,1018,4008,32,0,963
57038,69319,20563,56386,12933,652,2316
66446,131028,61551,15852,115176,50594,-3431
71452,117635,44406,57646,59989,13806,-7989
66922,130407,59605,22394,108013,44528,-4763
56749,68641,20280,56162,12479,587,2437
69895,124241,50278,47370,76871,22525,-8162
69954,98786,32957,65744,33042,4210,-4080
71577,108837,38463,63822,45015,7755,-6362
66497,131038,61514,16020,115018,50477,-3482
66304,131274,62501,12544,118730,53760,-2724
56733,68667,20293,56162,12505,571,2423
61264,77147,23535,60154,16993,1110,1024
71798,110640,39516,63216,47424,8582,-6807
30711,33004,8830,30688,2316,23,4746
70608,121838,47961,51832,70006,18776,-8215
69855,98382,32753,65752,32630,4103,-3977
58243,71023,21121,57562,13461,681,2078
71779,109861,38996,63738,46123,8041,-6741
70229,99894,33474,65892,34002,4337,-4303
71338,105991,36760,64942,41049,6396,-5801
69241,126456,52661,42268,84188,26973,-7872
71114,104822,36160,65004,39818,6110,-5492
71366,118941,45361,56438,62503,14928,-8204
67112,89557,28562,64866,24691,2246,-1816
49059,56612,16095,48844,7768,215,4069
58261,71302,21270,57524,13778,737,2043
12602,12961,3330,12602,359,0,2666
67857,91707,29559,65178,26529,2679,-2242
69502,97245,32189,65734,31511,3768,-3658
50601,59047,16946,50310,8737,291,3708
71121,120089,46354,54762,65327,16359,-8278
68581,93582,30398,65572,28010,3009,-2794
61886,77554,23564,60852,16702,1034,861
69689,97680,32397,65772,31908,3917,-3782
70427,101895,34635,65250,36645,5177,-4761
50537,59181,17029,50246,8935,291,3792
71675,116234,43252,59460,56774,12215,-7904
69851,98126,32581,65928,32198,3923,-3882
71049,120434,46627,54360,66074,16689,-8316
61998,78068,23807,60908,17160,1090,722
70970,103825,35587,65302,38523,5668,-5218
70702,122375,48272,51662,70713,19040,-8413
66236,131386,63195,9992,121394,56244,-2143
59487,73716,22210,58592,15124,895,1601
27028,28799,7647,27010,1789,18,4455
65298,85580,26927,63452,22128,1846,-880
70485,100910,34028,65708,35202,4777,-4461
70247,123526,49483,49120,74406,21127,-8305
71571,115933,43101,59462,56471,12109,-7764
66519,88275,28062,64302,23973,2217,-1445
67546,129596,57627,28684,100912,38862,-5953
71560,106594,37036,65044,41550,6516,-5974
52052,61201,17669,51726,9475,326,3470
39075,43344,11919,39012,4332,63,4711
71556,109573,38906,63522,46051,8034,-6606
71814,112806,40935,61872,50934,9942,-7228
47621,54498,15395,47416,7082,205,4263
69553,96959,31994,65942,31017,3611,-3572
70749,101728,34420,65776,35952,4973,-4733
59192,72587,21687,58426,14161,766,1810
63644,81387,25136,62230,19157,1414,82
66512,130961,61240,16962,113999,49550,-3678
46577,53125,14959,46414,6711,163,4225
71092,103699,35449,65602,38097,5490,-5224
70595,102236,34749,65476,36760,5119,-4877
71349,118714,45147,56840,61874,14509,-8205
64705,84054,26270,63028,21026,1677,-551
68835,94636,30888,65720,28916,3115,-2969
55018,65749,19241,54534,11215,484,2893
71598,109387,38820,63494,45893,8104,-6501
71731,112377,40668,62082,50295,9649,-7154
70929,104336,35914,65016,39320,5913,-5394
57508,69987,20786,56830,13157,678,2250
49126,56933,16244,48890,8043,236,4014
67254,89982,28783,64832,25150,2422,-1888
29899,32097,8579,29878,2219,21,4703
62000,78153,23849,60910,17243,1090,794
71055,120061,46299,54926,65135,16129,-8275
23972,25357,6688,23962,1395,10,4230
66862,88888,28280,64656,24232,2206,-1592
68896,126839,53448,39886,86953,29010,-7482
66863,89411,28619,64346,25065,2517,-1777
70660,102137,34686,65530,36607,5130,-4850
67487,129536,57588,28720,100816,38767,-5926
68311,128372,55312,35496,92876,32815,-7056
39896,44422,12254,39828,4594,68,4717
60246,75010,22678,59308,15702,938,1312
70630,122086,48040,52012,70074,18618,-8387
59099,72804,21820,58328,14476,771,1700
70491,122447,48474,50998,71449,19493,-8282
66502,88544,28207,64260,24284,2242,-1566
15222,15712,4051,15220,492,2,3119
71145,104910,36204,65004,39906,6141,-5494
66900,130389,59625,22278,108111,44622,-4725
71480,116491,43541,58818,57673,12662,-7865
70977,104077,35716,65290,38787,5687,-5289
49989,58239,16692,49710,8529,279,3840
71876,112937,41027,61766,51171,10110,-7232
66050,131578,65280,2036,129542,64014,-249
50077,58406,16763,49760,8646,317,3818
56006,67399,19829,55482,11917,524,2705
67749,90879,29130,65238,25641,2511,-2179
71861,112577,40744,62178,50399,9683,-7223
26276,28013,7441,26262,1751,14,4406
68041,92149,29754,65282,26867,2759,-2433
69744,97635,32339,65914,31721,3830,-3769
48415,55444,15667,48220,7224,195,4135
33983,37152,10093,33932,3220,51,4769
68907,95403,31326,65502,29901,3405,-3165
63361,80858,24930,61996,18862,1365,140
71806,112975,41024,61854,51121,9952,-7304
66537,130927,61232,16926,114001,49611,-3654
65886,87102,27597,63816,23286,2070,-1243
70377,122647,48687,50546,72101,19831,-8270
69650,96523,31718,66174,30349,3476,-3528
46893,53655,15157,46682,6973,211,4226
69219,96296,31748,65600,30696,3619,-3382
54881,65486,19139,54416,11070,465,2949
70416,100401,33718,65930,34471,4486,-4457
46746,53416,15071,46548,6868,198,4264
66066,131559,64790,3958,127601,62108,-720
25954,27616,7323,25940,1676,14,4421
70760,102426,34793,65680,36746,5080,-4914
66495,130950,61303,16688,114262,49807,-3603
67009,89243,28446,64702,24541,2307,-1770
71308,106433,37088,64514,41919,6794,-5828
71251,119703,45937,55658,64045,15593,-8288
48483,55855,15861,48266,7589,217,3995
70552,101215,34172,65742,35473,4810,-4591
71451,108335,38199,63874,44461,7577,-6253
71135,103093,35069,65910,37183,5225,-5198
70408,101236,34263,65420,35816,4988,-4652
37855,41701,11399,37806,3895,49,4890
63341,80753,24876,62002,18751,1339,262
43168,48664,13566,43064,5600,104,4588
71752,113427,41324,61558,51869,10194,-7369
71789,111164,39854,62912,48252,8877,-6908
68648,127492,54177,38276,89216,30372,-7362
71698,117250,44014,58444,58806,13254,-8055
68113,92345,29829,65374,26971,2739,-2506
71110,118590,45182,56452,62138,14658,-8102
36433,39907,10854,36398,3509,35,4890
62647,79114,24198,61436,17678,1211,507
71180,105509,36511,64974,40535,6206,-5689
60085,74554,22472,59220,15334,865,1481
71338,106108,36859,64780,41328,6558,-5792
70641,121143,47389,52730,68413,17911,-8185
17119,17747,4594,17118,629,1,3390
63397,81005,24979,62094,18911,1303,165
54510,64940,18957,54052,10888,458,3014
61923,78296,23971,60708,17588,1215,654
58453,71732,21441,57700,14032,753,1988
70797,121147,47254,53278,67869,17519,-8322
70833,120720,46970,53560,67160,17273,-8212
68983,96377,31848,65362,31015,3621,-3447
70137,123824,49807,48420,75404,21717,-8239
65185,85341,26830,63362,21979,1823,-843
65474,85649,26917,63630,22019,1844,-953
71024,104023,35699,65250,38773,5774,-5212
68920,94816,30985,65692,29124,3228,-3079
67216,90355,28996,64726,25629,2490,-2028
71246,118976,45444,56176,62800,15070,-8160
70351,100159,33612,65870,34289,4481,-4381
71604,108774,38370,64068,44706,7536,-6407
67535,129687,57744,28398,101289,39137,-5917
53632,63544,18476,53184,10360,448,3182
68975,126893,53301,40582,86311,28393,-7653
71850,112341,40570,62402,49939,9448,-7211
71611,107915,37844,64454,43461,7157,-6271
67596,129392,57285,29644,99748,37952,-6078
71596,107442,37544,64708,42734,6888,-6117
8784,8926,2267,8784,142,0,1994
68666,94398,30837,65448,28950,3218,-2915
61396,76614,23206,60404,16210,992,947
53423,63060,18270,53040,10020,383,3256
71590,107969,37886,64394,43575,7196,-6295
7314,7433,1888,7314,119,0,1666
13792,14184,3644,13792,392,0,2887
71358,118466,45027,56824,61642,14534,-8108
59756,74288,22439,58820,15468,936,1398
66353,131225,62198,13658,117567,52695,-2980
66562,88295,28043,64418,23877,2144,-1519
36135,39545,10750,36090,3455,45,4916
21329,22377,5857,21326,1051,3,3997
66064,87183,27596,63982,23201,2082,-1262
71065,104856,36164,65056,39800,6009,-5538
28572,30570,8146,28556,2014,16,4628
71915,113423,41290,61686,51737,10229,-7427
68923,94779,30964,65702,29077,3221,-3027
33886,36836,9952,33864,2972,22,4859
71704,117406,44133,58280,59126,13424,-8004
66890,130534,59819,21792,108742,45098,-4675
71046,118933,45511,55822,63111,15224,-8065
63191,80697,24886,61850,18847,1341,213
60730,75760,22951,59716,16044,1014,1098
67842,129075,56573,31858,97217,35984,-6483
66891,88980,28314,64704,24276,2187,-1687
45155,51287,14394,44998,6289,157,4398
70190,100181,33705,65542,34639,4648,-4320
66725,130691,60392,19814,110877,46911,-4261
69354,96122,31607,65816,30306,3538,-3397
71070,119495,45898,55398,64097,15672,-8176
41893,46963,13035,41786,5177,107,4666
69914,98993,33094,65610,33383,4304,-4043
64447,83261,25928,62810,20451,1637,-428
70956,120391,46648,54190,66201,16766,-8246
70345,101976,34707,65124,36852,5221,-4858
69146,126375,52735,41810,84565,27336,-7708
71716,108619,38280,64118,44501,7598,-6381
69264,96332,31711,65820,30512,3444,-3491
70006,124187,50167,47706,76481,22300,-8249
71071,104617,36041,65070,39547,6001,-5414
69425,125706,51963,43560,82146,25865,-7853
71660,108116,38007,64204,43912,7456,-6255
29411,31513,8409,29390,2123,21,4589
71406,106523,37089,64690,41833,6716,-5891
67309,90433,29032,64738,25695,2571,-1928
68282,92711,30003,65410,27301,2872,-2539
57280,69275,20468,56678,12597,602,2382
66334,87659,27767,64250,23409,2084,-1355
71059,103944,35614,65432,38512,5627,-5344
67040,130269,59186,23794,106475,43246,-5045
43374,48728,13548,43264,5464,110,4556
70814,102990,35102,65572,37418,5242,-5083
10172,10380,2647,10172,208,0,2257
66241,131314,62789,11472,119842,54769,-2476
70636,122190,48141,51816,70374,18820,-8381
70436,100809,33951,65814,34995,4622,-4552
62706,79655,24482,61382,18273,1324,394
66014,87371,27696,63958,23413,2056,-1215
56664,68351,20144,56126,12225,538,2521
66790,130565,60050,20930,109635,45860,-4478
67679,129226,56968,30580,98646,37099,-6252
70183,100038,33567,65808,34230,4375,-4349
33450,36432,9863,33412,3020,38,4813
60814,75862,22964,59868,15994,946,1185
68520,127881,54685,37022,90859,31498,-7207
70091,99930,33574,65564,34366,4527,-4251
71827,114445,42014,60834,53611,10993,-7563
26255,27970,7423,26248,1722,7,4412
63986,82294,25533,62456,19838,1530,-172
35639,39128,10666,35592,3536,47,4770
69324,125767,52034,43398,82369,25926,-7857
70215,100585,33914,65514,35071,4701,-4439
9940,10156,2593,9940,216,0,2213
46602,53292,15039,46428,6864,174,4396
68866,126762,53249,40528,86234,28338,-7591
66847,130574,59962,21300,109274,45547,-4575
27003,28769,7637,26990,1779,13,4498
61008,76025,22996,60066,15959,942,1137
71446,106616,37116,64768,41848,6678,-5896
66199,131336,63007,10644,120692,55555,-2282
67032,130189,59079,24062,106127,42970,-5078
53748,63690,18511,53336,10354,412,3141
66297,131285,62552,12362,118923,53935,-2685
60881,76007,23035,59874,16133,1007,1168
71761,113147,41158,61662,51485,10099,-7321
55937,67404,19854,55392,12012,545,2611
66660,130826,60726,18748,112078,47912,-4061
71698,112867,41028,61622,51245,10076,-7215
16773,17390,4502,16772,618,1,3340
67426,129628,57744,28280,101348,39146,-5869
42094,47243,13121,42002,5241,92,4638
60057,74434,22420,59188,15246,869,1457
71511,108074,37991,64184,43890,7327,-6310
71726,116401,43366,59338,57063,12388,-7946
27578,29347,7782,27566,1781,12,4528
68248,128188,55296,35192,92996,33056,-6913
69114,126509,52841,41654,84855,27460,-7762
43340,49025,13710,43210,5815,130,4522
52004,61035,17602,51662,9373,342,3378
71388,117483,44265,57906,59577,13482,-8019
58237,71431,21338,57510,13921,727,1958
67186,130056,58676,25408,104648,41778,-5352
66953,89385,28531,64646,24739,2307,-1789
71525,107526,37662,64404,43122,7121,-6133
71700,110393,39407,63158,47235,8542,-6715
71353,106143,36846,64902,41241,6451,-5819
66447,131132,61771,15180,115952,51267,-3318
39684,44135,12167,39602,4533,82,4830
71270,117405,44268,57738,59667,13532,-7953
70727,120532,46794,53888,66644,16839,-8259
69779,124591,50700,46382,78209,23397,-8071
71146,119755,45993,55538,64217,15608,-8341
14169,14602,3759,14168,434,1,2945
10116,10330,2636,10116,214,0,2223
58442,71536,21336,57728,13808,714,1866
12364,12708,3263,12364,344,0,2627
70675,122068,48020,52056,70012,18619,-8410
40528,45164,12472,40440,4724,88,4774
70712,121847,47871,52210,69637,18502,-8377
67417,129577,57743,28182,101395,39235,-5817
69473,125344,51543,44516,80828,24957,-7928
6614,6711,1702,6614,97,0,1530
47096,54067,15312,46886,7181,210,4084
63179,80572,24829,61828,18744,1351,203
69553,97014,32048,65836,31178,3717,-3628
61342,77003,23431,60282,16721,1060,928
71784,114244,41885,60948,53296,10836,-7550
63484,80972,24949,62148,18824,1336,97
13418,13789,3540,13418,371,0,2856
64540,83468,25994,62960,20508,1580,-385
56543,68542,20289,55928,12614,615,2535
71159,105493,36530,64866,40627,6293,-5707
62973,80257,24720,61634,18623,1339,373
66882,88926,28305,64632,24294,2250,-1665
33409,36295,9805,33370,2925,39,4785
71741,112995,41075,61690,51305,10051,-7277
67677,91601,29573,64910,26691,2767,-2294
67400,90466,28996,64948,25518,2452,-1903
69157,96501,31903,65390,31111,3767,-3418
2390,2399,602,2390,9,0,579
52918,62417,18067,52566,9851,352,3289
58038,70883,21118,57294,13589,744,2072
71211,119661,45955,55502,64159,15709,-8279
71783,109170,38596,63956,45214,7827,-6580
66844,89093,28407,64558,24535,2286,-1580
71688,109510,38860,63580,45930,8108,-6534
69368,125541,51771,43998,81543,25370,-7882
71237,105859,36742,64750,41109,6487,-5744
71649,115462,42797,59736,55726,11913,-7714
52901,62586,18167,52504,10082,397,3333
70817,121492,47502,52976,68516,17841,-8382
61109,76471,23204,60126,16345,983,1044
65675,86096,27103,63780,22316,1895,-1044
70440,100477,33730,66034,34443,4406,-4421
68956,126617,53187,40486,86131,28470,-7507
67715,129138,56786,31132,98006,36583,-6347
61617,77381,23554,60546,16835,1071,881
48636,56190,15991,48416,7774,220,4060
46038,52760,14918,45848,6912,190,4265
60423,74946,22606,59468,15478,955,1357
42428,47481,13156,42338,5143,90,4700
71265,119135,45539,56114,63021,15151,-8183
11389,11650,2978,11388,262,1,2481
70968,102884,35036,65624,37260,5344,-4981
71451,106091,36804,64966,41125,6485,-5828
48211,55781,15893,47990,7791,221,4038
57163,69595,20673,56498,13097,665,2262
71913,111220,39859,63004,48216,8909,-6956
67338,89985,28763,64918,25067,2420,-1913
69685,98092,32620,65704,32388,3981,-3883
39846,44209,12159,39782,4427,64,4781
70892,103833,35583,65334,38499,5558,-5274
64319,82876,25742,62784,20092,1535,-318
68684,127463,54137,38378,89085,30306,-7388
51225,60016,17282,50904,9112,321,3670
66296,131284,62533,12436,118848,53860,-2705
69982,98826,32954,65836,32990,4146,-4059
71719,108747,38344,64118,44629,7601,-6409
66103,131494,64073,6696,124798,59407,-1372
71636,107658,37673,64624,43034,7012,-6241
70456,123014,48996,50044,72970,20412,-8275
71103,120427,46535,54714,65713,16389,-8369
45154,51183,14339,45010,6173,144,4405
69450,96870,32004,65724,31146,3726,-3561
71601,116017,43176,59330,56687,12271,-7779
71268,106312,36948,64832,41480,6436,-5909
71602,110018,39159,63400,46618,8202,-6713
9526,9723,2480,9526,197,0,2107
71443,117980,44562,57712,60268,13731,-8126
64231,82909,25800,62618,20291,1613,-202
71456,107248,37492,64528,42720,6928,-6033
66487,131095,61707,15362,115733,51125,-3343
64412,83077,25838,62802,20275,1610,-262
47041,53673,15121,46862,6811,179,4301
64936,84715,26581,63106,21609,1830,-679
52167,61515,17799,51834,9681,333,3469
71799,113984,41629,61452,52532,10347,-7536
30721,32990,8818,30708,2282,13,4676
71475,108412,38239,63868,44544,7607,-6297
66062,131577,65094,2778,128799,63284,-434
64087,82400,25556,62576,19824,1511,-74
71318,119421,45720,55962,63459,15356,-8278
69558,125671,51698,44550,81121,25008,-8090
67178,89421,28477,64934,24487,2244,-1813
68735,94457,30823,65622,28835,3113,-3035
63553,81139,25027,62170,18969,1383,139
69172,126267,52594,42158,84109,27014,-7753
62570,79282,24316,61300,17982,1270,488
62075,78240,23900,60880,17360,1195,657
71127,120225,46368,54978,65247,16149,-8339
69270,96596,31874,65696,30900,3574,-3521
66759,130568,60229,20220,110348,46539,-4306
66062,131556,64880,3592,127964,62470,-628
71205,103829,35494,65682,38147,5523,-5340
61814,77759,23718,60646,17113,1168,755
66561,88349,28097,64310,24039,2251,-1493
66909,88940,28302,64672,24268,2237,-1612
17803,18543,4821,17802,741,1,3476
69125,96576,31923,65460,31116,3665,-3420
70407,122981,48982,50034,72947,20373,-8289
