Points,Edges,Area,Perimeter,Contact_perimeter,TETRAPIXEL,Euler_General_8_Async
70996,104891,36194,65006,39885,5990,-5513
16676,17272,4467,16676,596,0,3334
44666,50659,14199,44522,6137,144,4475
43071,48490,13504,42964,5526,107,4607
71165,103825,35505,65630,38195,5535,-5307
48683,56203,15989,48450,7753,233,4030
67684,129107,56844,30838,98269,36846,-6256
2076,2080,521,2076,4,0,506
56654,68585,20276,56066,12519,588,2311
58145,71026,21152,57444,13582,701,1967
67201,89850,28713,64848,25002,2353,-1856
71144,104910,36172,65132,39778,6012,-5456
68636,93874,30564,65492,28382,3144,-2789
67060,89768,28725,64636,25132,2424,-1799
59810,74276,22423,58860,15416,950,1530
66050,131578,65332,1828,129750,64222,-197
47324,54175,15308,47118,7057,206,4211
21325,22377,5859,21318,1059,7,3968
67127,130167,58792,25166,105001,41961,-5343
24416,25863,6831,24402,1461,14,4281
70765,103016,35153,65420,37596,5345,-5058
62674,79260,24258,61488,17772,1186,527
67789,129025,56625,31550,97475,36239,-6392
71024,120341,46464,54826,65515,16198,-8381
8220,8342,2116,8220,122,0,1861
71197,102966,35009,65896,37070,5301,-5144
70657,121472,47677,52236,69236,18421,-8192
66945,130339,59436,22934,107405,44011,-4867
11554,11827,3025,11554,273,0,2496
56775,68844,20379,56172,12672,603,2315
70505,99823,33384,66110,33713,4395,-4304
69681,125054,51108,45676,79378,24005,-8098
71584,106821,37161,64998,41823,6586,-6055
64731,83731,26086,63118,20613,1613,-486
31624,34144,9171,31604,2540,20,4749
71047,102883,35009,65730,37153,5317,-5067
71780,111951,40356,62478,49473,9302,-7114
69041,95332,31240,65704,29628,3337,-3211
67643,129257,57052,30306,98951,37337,-6193
66639,130797,60747,18606,112191,48033,-4013
70770,101245,34119,66014,35231,4756,-4652
71323,105431,36426,65158,40273,6165,-5654
71750,113451,41356,61478,51973,10272,-7412
66111,131502,64144,6428,125074,59683,-1310
69430,97461,32346,65538,31923,3892,-3684
60946,75906,22959,59976,15930,970,1144
68408,127804,54653,36996,90808,31412,-7196
70553,101603,34376,65702,35901,4851,-4770
68877,94902,31071,65520,29382,3357,-3094
71824,110986,39731,63048,47938,8776,-6932
6946,7055,1791,6946,109,0,1596
70172,123388,49421,49092,74296,21080,-8253
67277,129827,58247,26666,103161,40611,-5566
61142,76705,23329,60094,16611,1048,921
71828,113204,41199,61612,51592,10216,-7328
71190,106415,37133,64298,42117,6892,-5737
71443,117263,44125,58026,59237,13417,-7961
66755,89126,28460,64412,24714,2343,-1654
66425,87596,27694,64416,23180,2009,-1318
50817,59504,17126,50504,9000,313,3624
70530,101649,34440,65538,36111,4992,-4699
66849,88803,28244,64630,24173,2219,-1624
64509,83265,25904,62914,20351,1595,-339
71664,111665,40234,62394,49271,9270,-7005
71430,105443,36401,65282,40161,6148,-5706
30670,33028,8852,30648,2380,22,4697
67954,92291,29887,65034,27257,2920,-2450
63394,81013,25009,61990,19023,1404,179
63594,81441,25188,62130,19311,1464,-36
71582,110516,39513,62980,47536,8602,-6820
69657,124965,51021,45846,79119,23811,-8106
37363,41109,11226,37314,3795,49,4876
68148,92240,29781,65356,26884,2792,-2480
27185,28987,7701,27170,1817,15,4464
69173,96001,31598,65610,30391,3563,-3254
71589,113825,41706,60826,52999,10763,-7353
67317,130004,58452,26200,103804,41117,-5523
67844,128947,56429,32178,96769,35666,-6518
26072,27692,7330,26064,1628,8,4366
67690,129190,57030,30260,98930,37430,-6142
71599,115319,42679,59922,55397,11677,-7690
53074,62863,18257,52698,10165,376,3314
62558,78931,24119,61386,17545,1172,527
66993,130329,59333,23326,107003,43667,-4961
68175,128457,55562,34666,93791,33509,-6893
70989,120220,46491,54476,65744,16513,-8236
53014,62674,18172,52660,10014,354,3220
71642,111583,40170,62486,49097,9156,-7040
66247,131355,62990,10750,120605,55497,-2318
71088,104185,35741,65406,38779,5682,-5386
69560,125405,51518,44738,80667,24822,-8021
70619,101921,34568,65570,36351,5049,-4794
59804,74129,22333,58926,15203,878,1389
70342,123004,48934,50272,72732,20070,-8332
70349,100093,33571,65902,34191,4447,-4390
21612,22732,5964,21608,1124,4,3979
66143,131453,63703,8094,123359,58049,-1701
71767,108880,38435,64020,44860,7747,-6465
23524,24869,6556,23514,1355,10,4174
68287,92937,30131,65350,27587,2937,-2524
69513,97353,32253,65694,31659,3819,-3638
70423,101564,34401,65524,36040,4899,-4782
62147,78377,23942,60986,17391,1161,616
70261,123249,49320,49218,74031,21043,-8194
71597,116891,43817,58514,58377,13083,-7908
63532,81319,25121,62154,19165,1378,6
70492,123012,48861,50580,72432,19912,-8410
67959,128782,56141,33000,95782,34959,-6652
71652,110104,39217,63340,46764,8312,-6677
628,628,157,628,0,0,157
66395,131126,61906,14628,116498,51767,-3172
71145,106198,36990,64436,41762,6709,-5747
68921,95682,31481,65440,30242,3481,-3238
44350,50249,14072,44210,6039,140,4462
70493,101095,34138,65638,35457,4855,-4620
67576,129303,57196,29822,99481,37754,-6105
64028,82075,25400,62550,19525,1478,-167
71204,119770,46064,55284,64486,15920,-8254
72202,112077,40280,63034,49043,9168,-7247
32484,35219,9497,32450,2769,34,4788
68379,92489,29833,65646,26843,2733,-2554
66824,130564,60042,20960,109604,45864,-4487
50110,58270,16680,49820,8450,290,3816
69754,97551,32262,66054,31497,3700,-3837
9820,9990,2540,9820,170,0,2179
71693,109500,38873,63508,45992,8185,-6498
70544,100949,34016,65834,35115,4710,-4562
70063,99832,33499,65668,34164,4395,-4260
42844,48288,13466,42712,5576,132,4527
65453,85354,26761,63664,21690,1789,-773
70472,121672,47840,51984,69688,18488,-8240
54997,65881,19318,54490,11391,507,2839
71573,111875,40443,61978,49897,9595,-6983
69731,97814,32465,65768,32046,3963,-3800
71493,108200,38094,64024,44176,7469,-6201
49613,57577,16450,49354,8223,259,3838
24213,25621,6759,24206,1415,7,4213
67724,129166,56812,31084,98082,36640,-6337
71705,111488,40154,62360,49128,9345,-6963
71686,110387,39403,63162,47225,8524,-6687
69301,97010,32161,65376,31634,3925,-3580
71722,110190,39238,63428,46762,8294,-6770
71925,111554,40049,62912,48642,9013,-7050
51089,59982,17301,50760,9222,329,3612
67173,129908,58502,25808,104100,41365,-5380
37987,41908,11472,37928,3980,59,4860
27643,29533,7859,27630,1903,13,4520
66922,130398,59483,22864,107534,44058,-4879
65787,85891,26959,63946,21945,1841,-985
66576,130912,61056,17600,113312,48976,-3809
71038,104972,36275,64844,40128,6194,-5497
63332,81104,25065,61948,19156,1384,56
67323,90346,28980,64772,25574,2551,-2003
63544,81528,25236,62112,19416,1432,-15
68299,92952,30105,65484,27468,2815,-2604
55685,66848,19635,55156,11692,529,2755
43176,48621,13546,43058,5563,118,4535
68040,92057,29703,65302,26755,2738,-2376
66267,86786,27294,64396,22390,1871,-1253
67119,130208,59022,24328,105880,42791,-5146
69672,97231,32126,65958,31273,3714,-3713
63512,81252,25108,62072,19180,1440,101
64391,83587,26109,62738,20849,1653,-445
66437,131092,61670,15504,115588,50933,-3374
46993,53886,15249,46776,7110,217,4179
69754,97247,32080,66174,31073,3580,-3746
60734,75521,22813,59790,15731,944,1218
71212,119377,45699,55958,63419,15254,-8233
70414,100398,33738,65844,34554,4570,-4486
64399,82930,25755,62840,20090,1559,-272
70667,100856,33910,66072,34784,4595,-4522
71497,110178,39339,63000,47178,8497,-6702
36047,39651,10829,35986,3665,61,4816
70479,122347,48441,50930,71417,19549,-8240
71725,115910,43046,59636,56274,12089,-7836
68942,126429,52956,41034,85395,27908,-7561
69804,98266,32678,65820,32446,3984,-3926
53151,62894,18256,52764,10130,387,3293
68562,93999,30619,65522,28477,3040,-2901
71396,118140,44755,57260,60880,14136,-8121
69655,98298,32748,65604,32694,4051,-3849
67738,91123,29262,65198,25925,2540,-2254
71313,107834,37952,63860,43974,7453,-6112
27569,29463,7843,27554,1909,15,4496
14986,15446,3977,14984,462,2,3079
66280,131274,62621,12064,119210,54216,-2608
71245,119454,45844,55532,63922,15713,-8162
65651,85545,26796,63906,21639,1745,-897
69670,125072,51145,45564,79508,24106,-8083
67257,90636,29154,64656,25980,2601,-2038
71125,119209,45656,55794,63415,15331,-8191
69241,95504,31286,65864,29640,3377,-3240
67985,92201,29786,65258,26943,2727,-2398
55208,66108,19387,54668,11440,540,2807
69876,98756,32943,65740,33016,4136,-4042
70800,121466,47589,52576,68890,18224,-8278
67031,89341,28491,64718,24623,2313,-1725
66641,87977,27834,64618,23359,2023,-1412
70381,100364,33704,65912,34452,4469,-4482
66285,87673,27801,64142,23531,2143,-1403
64341,83043,25815,62826,20217,1515,-232
19581,20418,5315,19576,842,5,3763
21627,22678,5933,21624,1054,3,3964
70012,124367,50324,47438,76929,22574,-8250
65975,86752,27394,63928,22824,2047,-1069
66130,87387,27666,64110,23277,2020,-1263
69353,125757,51942,43746,82011,25607,-7919
70069,99979,33602,65550,34429,4519,-4332
49622,57660,16489,49364,8296,258,3851
15745,16281,4205,15742,539,3,3224
48188,55509,15758,47986,7523,202,4156
50523,58753,16814,50250,8503,273,3823
71658,114311,42007,60594,53717,11064,-7515
69783,97920,32495,65860,32060,3923,-3851
58401,71746,21469,57616,14130,785,1930
66713,130728,60469,19580,111148,47133,-4213
71400,106375,36962,64902,41473,6498,-5880
57829,70426,20938,57100,13326,729,2190
66205,131374,63123,10256,121118,55949,-2204
60054,74628,22513,59204,15424,850,1414
37484,41295,11292,37422,3873,62,4834
71541,118419,44899,57242,61177,14299,-8197
60349,75015,22650,59430,15585,919,1216
71729,108647,38260,64254,44393,7475,-6435
70657,102030,34624,65564,36466,5093,-4701
71769,111612,40161,62580,49032,9189,-7032
70610,121826,47861,52208,69618,18402,-8360
67487,91218,29401,64832,26386,2655,-2254
71310,119268,45604,56120,63148,15190,-8244
69569,97752,32459,65668,32084,3901,-3711
68670,127286,53962,38724,88562,29946,-7366
62291,78740,24093,61108,17632,1183,599
65883,86320,27149,64044,22276,1839,-1025
4112,4144,1044,4112,32,0,977
71476,118181,44780,57242,60939,14234,-8119
67639,90836,29129,65156,25680,2483,-2109
71599,112718,40873,61944,50774,9655,-7287
42789,48117,13390,42674,5443,115,4561
67033,89434,28551,64664,24770,2369,-1749
25791,27393,7252,25778,1615,13,4361
69675,97314,32151,66024,31290,3651,-3635
71421,105957,36719,65038,40919,6383,-5804
43130,48548,13521,43012,5536,118,4619
71302,105170,36298,65148,40022,6154,-5618
66045,87118,27545,64056,23062,1989,-1191
70742,101995,34542,65822,36173,4920,-4860
49404,57278,16354,49140,8138,264,3928
59537,73310,21967,58752,14558,785,1759
61547,77148,23457,60468,16680,1079,905
57146,69279,20506,56534,12745,612,2334
70829,102838,35053,65464,37374,5365,-5000
57986,70701,21020,57322,13379,664,2154
67299,89687,28599,64978,24709,2321,-1761
62036,78595,24093,60818,17777,1218,664
70445,100129,33585,65918,34211,4527,-4351
67924,128732,56154,32848,95884,35076,-6591
66054,131572,65097,2756,128816,63298,-426
29750,31976,8555,29732,2244,18,4602
70571,122397,48397,51206,71191,19365,-8317
70203,123694,49618,48916,74778,21287,-8327
71288,107208,37567,64148,43060,7140,-6021
66280,87756,27835,64172,23584,2108,-1398
67524,129567,57537,28986,100581,38538,-6013
48954,56670,16156,48716,7954,238,3940
69005,126675,53100,40950,85725,28055,-7636
66207,131359,63117,10250,121109,55957,-2194
67485,129547,57625,28594,100953,38891,-5899
62687,79591,24444,61406,18185,1281,335
71229,106603,37226,64302,42301,6927,-5934
67475,90662,29096,64940,25722,2535,-2020
71524,107585,37682,64442,43143,7082,-6167
67995,128808,56156,32992,95816,35003,-6652
69274,95661,31374,65826,29835,3448,-3232
69489,97497,32347,65606,31891,3883,-3724
69555,125292,51421,44900,80392,24655,-8011
25891,27502,7280,25884,1618,7,4412
67392,129711,57959,27586,102125,39806,-5729
71820,109259,38591,64154,45105,7666,-6650
51169,59851,17209,50866,8985,303,3651
70239,100287,33722,65686,34601,4553,-4405
67729,91969,29744,64962,27007,2767,-2408
70418,101042,34115,65624,35418,4794,-4576
49999,58198,16671,49712,8486,287,3819
68420,127945,54800,36690,91255,31730,-7161
60762,75888,23017,59708,16180,1054,1155
60023,74238,22331,59152,15086,871,1571
67913,128623,56034,33110,95513,34803,-6591
64342,82915,25759,62794,20121,1548,-202
64851,84471,26469,63066,21405,1785,-551
63296,80992,25029,61868,19124,1428,130
69501,125246,51397,44904,80342,24597,-7995
70203,100102,33641,65640,34462,4563,-4232
50123,58535,16815,49810,8725,313,3796
67423,129682,57847,27976,101706,39447,-5819
65900,86297,27138,64042,22255,1858,-965
70921,120263,46513,54474,65789,16447,-8261
71517,114989,42511,59934,55055,11583,-7606
67775,91151,29270,65222,25929,2553,-2266
38534,42637,11701,38470,4167,64,4815
59211,72928,21867,58388,14540,823,1648
55041,66013,19368,54554,11459,487,2777
71226,118954,45405,56288,62666,14938,-8169
70272,123163,49151,49722,73441,20550,-8304
18136,18889,4911,18134,755,2,3522
31152,33562,9001,31120,2442,32,4766
67193,89958,28794,64740,25218,2453,-1870
61759,77481,23565,60702,16779,1057,782
71663,110379,39407,63130,47249,8533,-6745
32297,35043,9455,32266,2777,31,4748
59181,72947,21881,58370,14577,811,1672
70936,120315,46567,54362,65953,16574,-8260
66347,87922,27910,64204,23718,2143,-1364
68781,127277,53839,39198,88079,29583,-7486
70242,100025,33579,65734,34291,4508,-4270
71409,117606,44353,57800,59806,13609,-8028
68677,94169,30701,65534,28635,3143,-2876
71623,111598,40199,62400,49198,9223,-7011
64494,83546,26060,62852,20694,1642,-410
31520,34009,9131,31494,2515,26,4755
70169,100245,33744,65514,34731,4655,-4398
71610,116902,43808,58572,58330,13038,-7911
46928,53845,15236,46746,7099,182,4254
71263,106299,36981,64674,41625,6589,-5876
67939,128841,56287,32534,96307,35405,-6546
70724,100868,33910,66096,34772,4628,-4573
65225,84652,26453,63492,21160,1733,-623
69489,125543,51717,44218,81325,25271,-7943
71141,120711,46707,54594,66117,16547,-8459
68991,126821,53291,40478,86343,28513,-7591
35094,38361,10417,35054,3307,40,4808
71448,106976,37342,64584,42392,6864,-5958
71653,115995,43112,59542,56453,12111,-7825
67850,128916,56442,32064,96852,35786,-6465
39234,43545,11986,39146,4399,88,4784
70505,100957,34016,65850,35107,4655,-4582
70123,123512,49482,49096,74416,21027,-8295
67526,91001,29251,64998,26003,2528,-2232
69048,95054,31075,65808,29246,3240,-3112
70872,120999,47116,53534,67465,17338,-8291
67199,129930,58582,25532,104398,41667,-5325
14620,15092,3891,14620,472,0,3005
66894,88771,28218,64670,24101,2224,-1686
65037,84133,26229,63350,20783,1687,-508
67730,91097,29259,65158,25939,2572,-2091
45499,51820,14577,45332,6488,167,4438
61850,77906,23776,60708,17198,1142,807
71625,116624,43659,58612,58012,13013,-7842
66088,131517,64352,5626,125891,60462,-1118
6082,6151,1555,6082,69,0,1419
69430,97417,32302,65626,31791,3804,-3744
60025,74673,22560,59106,15567,919,1419
66391,131150,62107,13872,117278,52519,-2998
70061,99198,33149,65800,33398,4261,-4104
69526,96774,31919,65872,30902,3654,-3477
64240,82475,25540,62790,19685,1450,-179
70690,101643,34383,65754,35889,4936,-4752
38801,43053,11844,38730,4323,71,4761
23060,24250,6361,23056,1194,4,4168
68559,93226,30190,65692,27534,2867,-2618
69842,124664,50719,46452,78212,23390,-8114
51850,60771,17514,51486,9285,364,3554
71618,115323,42697,59858,55465,11760,-7692
68820,94621,30916,65578,29043,3242,-3008
70588,121723,47808,52214,69509,18374,-8293
55351,66459,19515,54858,11601,493,2802
27121,28870,7657,27112,1758,9,4536
71543,110650,39643,62728,47922,8815,-6716
69710,98117,32596,65850,32267,3860,-3900
70021,99201,33156,65778,33423,4243,-4175
64875,84249,26352,63090,21159,1785,-526
44568,50411,14097,44434,5977,134,4504
28865,30865,8220,28850,2015,15,4674
71499,114350,42089,60344,54006,11155,-7413
68653,94480,30866,65496,28984,3157,-2920
48360,55771,15852,48134,7637,226,4103
71004,120447,46617,54426,66021,16578,-8297
67106,130108,58858,24784,105324,42322,-5226
728,728,182,728,0,0,182
69848,124434,50453,47056,77378,22792,-8161
69305,125769,51997,43550,82219,25755,-7887
67894,128757,56112,33066,95691,34828,-6646
71659,115240,42602,60072,55168,11587,-7733
71659,112836,40992,61704,51132,9955,-7248
71272,104528,35903,65444,39084,5828,-5477
70565,101833,34532,65538,36295,5027,-4770
70077,99494,33351,65584,33910,4493,-4103
68212,93444,30435,65148,28296,3064,-2736
60811,75904,22990,59848,16056,963,1216
59400,73045,21873,58598,14447,802,1702
71778,113053,41091,61742,51311,10036,-7284
25127,26669,7056,25114,1555,13,4286
67622,91241,29371,64998,26243,2624,-2199
70754,101375,34202,65942,35433,4812,-4691
66922,89309,28499,64622,24687,2300,-1720
67914,91772,29587,65196,26576,2718,-2249
42420,47552,13191,42340,5212,80,4700
66645,130736,60659,18836,111900,47809,-4032
60551,75820,23027,59532,16288,1019,1122
62020,78710,24166,60756,17954,1264,611
70212,99565,33315,65870,33695,4342,-4229
71597,109971,39172,63254,46717,8343,-6664
71588,109096,38649,63596,45500,7992,-6453
71429,107287,37523,64482,42805,6947,-6115
71947,108860,38287,64572,44288,7375,-6490
71462,114545,42267,60022,54523,11440,-7416
69107,126378,52720,41876,84502,27231,-7732
70799,121140,47248,53288,67852,17511,-8282
71536,109129,38642,63690,45439,7846,-6456
68046,92342,29873,65192,27150,2854,-2373
66826,89190,28478,64468,24722,2358,-1600
71711,116381,43381,59238,57143,12473,-7900
25624,27208,7200,25616,1592,8,4375
68746,127290,53860,39140,88150,29606,-7482
64407,83530,26071,62776,20754,1631,-333
19515,20349,5296,19514,835,1,3746
59440,73410,22065,58560,14850,880,1528
63632,81655,25298,62118,19537,1514,40
35585,38948,10588,35544,3404,41,4830
66318,87529,27701,64254,23275,2064,-1316
43141,48746,13618,43020,5726,121,4557
18754,19524,5074,18752,772,2,3600
71606,106980,37264,64904,42076,6702,-6030
65951,86960,27504,63904,23056,2047,-1138
70104,123897,49819,48518,75379,21586,-8298
48978,56599,16123,48706,7893,272,4022
69736,124926,50987,45904,79022,23832,-8093
58139,71066,21174,57436,13630,703,2007
70928,103207,35220,65534,37673,5394,-5172
70970,105550,36619,64624,40926,6346,-5599
69076,95636,31390,65712,29924,3364,-3333
7570,7673,1944,7570,103,0,1728
64273,83177,25932,62626,20551,1647,-280
68338,93701,30533,65270,28431,3068,-2768
71317,118570,45099,56744,61826,14573,-8141
70330,101055,34161,65466,35589,4864,-4616
68550,127861,54653,37110,90751,31440,-7229
67520,129467,57473,29042,100425,38478,-5974
56126,67612,19913,55572,12040,554,2643
70807,104446,36013,64840,39606,5967,-5378
71330,118571,45095,56762,61809,14568,-8150
4424,4478,1133,4424,54,0,1045
67795,129012,56656,31400,97612,36395,-6350
14905,15380,3964,14904,476,1,3066
64531,83590,26075,62880,20710,1651,-388
58056,70952,21143,57332,13620,724,2082
71420,116062,43286,58980,57082,12440,-7761
67388,129633,57877,27758,101875,39630,-5732
67560,90583,29017,65098,25485,2462,-2023
70143,99753,33451,65702,34051,4441,-4194
70649,121804,47834,52272,69532,18377,-8327
15865,16464,4266,15864,600,1,3150
67086,130206,59021,24328,105878,42758,-5156
70680,101360,34198,65928,35432,4752,-4701
49076,56806,16201,48808,7998,268,3907
70312,100265,33680,65810,34455,4502,-4377
26428,28136,7466,26408,1728,20,4446
10620,10862,2776,10620,242,0,2319
50519,58847,16864,50238,8609,281,3799
71764,108584,38194,64392,44192,7372,-6382
71426,115092,42608,59752,55340,11674,-7582
57203,69157,20433,56582,12575,621,2370
71079,120489,46651,54374,66115,16705,-8257
34188,37145,10034,34154,2991,34,4825
70629,101312,34181,65900,35412,4729,-4701
70895,120251,46573,54210,66041,16685,-8177
71741,114490,42047,60792,53698,10949,-7579
71830,110400,39355,63380,47020,8450,-6798
50175,58738,16896,49892,8846,283,3640
66913,89043,28366,64622,24421,2291,-1674
71750,107822,37751,64640,43182,7110,-6286
68927,94908,31028,65704,29204,3223,-3095
67792,91609,29519,65142,26467,2650,-2271
59941,73965,22209,59094,14871,847,1570
69344,96806,31981,65688,31118,3656,-3521
71301,106434,37035,64728,41706,6573,-5871
70238,99715,33394,65854,33861,4384,-4286
71424,107358,37609,64280,43078,7144,-6024
71189,118806,45356,56188,62618,15001,-8059
45757,52171,14694,45566,6605,191,4372
70211,99810,33462,65772,34038,4439,-4278
71715,113571,41454,61326,52245,10389,-7354
7006,7099,1798,7006,93,0,1629
66168,131444,63549,8692,122752,57476,-1847
34807,37980,10297,34772,3208,35,4911
70778,102564,34882,65600,36964,5178,-4932
69655,125067,51167,45466,79601,24189,-8039
71474,117307,44129,58098,59209,13376,-7980
71772,115396,42685,60052,55344,11720,-7697
71128,104558,35956,65292,39266,5836,-5413
3334,3361,847,3334,27,0,804
66069,131558,64749,4120,127438,61949,-760
71502,118663,45131,56802,61861,14700,-8166
70641,101905,34551,65606,36299,5035,-4742
70148,123865,49855,48310,75555,21838,-8236
58457,71518,21318,57764,13754,693,2024
37152,40900,11177,37092,3808,60,4844
62582,79304,24315,61348,17956,1234,418
69798,97827,32409,66018,31809,3780,-3766
68934,126968,53465,40076,86892,28858,-7574
69262,96467,31842,65566,30901,3696,-3458
71556,108050,38009,64064,43986,7492,-6178
57264,69468,20574,56640,12828,624,2360
71114,103744,35472,65600,38144,5514,-5279
70420,101033,34104,65650,35383,4770,-4524
2792,2806,705,2792,14,0,672
71605,107635,37708,64438,43197,7167,-6162
21357,22448,5885,21356,1092,1,3954
71850,111005,39713,63158,47847,8692,-6900
71627,111659,40208,62486,49173,9141,-6999
67534,90544,29008,65056,25488,2478,-1981
34588,37837,10281,34550,3287,38,4819
71770,112835,40959,61834,51001,9936,-7259
70688,121816,47820,52352,69464,18336,-8368
68870,95147,31215,65434,29713,3436,-3044
71434,106255,36886,64966,41289,6468,-5870
70134,99272,33140,65984,33288,4150,-4153
70049,98802,32897,66016,32786,4033,-4080
70418,99928,33463,66004,33924,4414,-4286
70708,102879,35132,65230,37649,5478,-5005
71861,110956,39673,63220,47736,8641,-6954
64540,83430,25976,62956,20474,1584,-345
70374,122537,48586,50730,71807,19644,-8279
63984,82380,25587,62412,19968,1572,-68
25961,27522,7273,25952,1570,9,4383
69816,124655,50714,46454,78201,23362,-8120
65110,84682,26497,63376,21306,1734,-675
66049,131582,65475,1264,130318,64785,-58
71810,111594,40121,62704,48890,9106,-6990
62306,78895,24168,61118,17777,1188,558
68163,92703,30052,65198,27505,2965,-2521
68963,126911,53364,40366,86545,28597,-7611
33342,36295,9820,33310,2985,32,4831
71438,104739,35975,65578,39161,5860,-5451
69428,97524,32382,65520,32004,3908,-3681
55909,67296,19797,55404,11892,505,2673
31697,34239,9199,31682,2557,15,4749
71527,116260,43388,58968,57292,12559,-7776
68257,92511,29880,65502,27009,2755,-2480
51448,60315,17375,51130,9185,318,3567
5836,5914,1498,5836,78,0,1358
45479,51621,14480,45322,6299,157,4461
70728,121876,47818,52480,69396,18248,-8443
71668,106839,37169,65002,41837,6666,-6022
61269,76469,23164,60282,16187,987,1077
71559,117078,43885,58616,58462,12943,-8005
67693,91102,29269,65128,25974,2565,-2210
67875,128922,56424,32148,96774,35727,-6491
24995,26506,7006,24988,1518,7,4324
66661,130836,60712,18824,112012,47837,-4079
71356,107028,37401,64452,42576,6904,-6045
69024,126691,53147,40794,85897,28230,-7625
71496,107601,37699,64406,43195,7090,-6131
71347,118185,44830,57050,61135,14297,-8058
69327,96530,31855,65640,30890,3687,-3431
68525,93604,30437,65460,28144,3065,-2762
71083,119506,45885,55472,64034,15611,-8183
46083,52486,14761,45928,6558,155,4412
68661,94401,30854,65386,29015,3275,-2900
66937,89374,28548,64556,24818,2381,-1757
66057,131571,65077,2834,128737,63223,-445
58930,72313,21617,58158,14155,772,1813
61115,76280,23104,60144,16136,971,1086
70499,100513,33773,65934,34579,4565,-4426
71445,106168,36822,65048,41120,6397,-5799
70841,121108,47269,53140,67968,17701,-8264
67699,129344,57074,30392,98952,37307,-6259
69560,97351,32247,65714,31637,3846,-3623
59091,72836,21854,58256,14580,835,1656
41779,46831,12995,41682,5149,97,4739
68780,127073,53637,39598,87475,29182,-7501
70823,102012,34540,65864,36148,4959,-4848
69779,98029,32562,65810,32219,3969,-3880
71777,112330,40622,62172,50158,9605,-7145
71473,107194,37463,64536,42658,6937,-5986
40241,44886,12400,40172,4714,69,4748
71865,111636,40156,62648,48988,9217,-7005
53216,62824,18200,52848,9976,368,3246
69063,95729,31465,65598,30131,3465,-3253
71116,104402,35916,65140,39262,5976,-5424
70495,101261,34199,65726,35535,4769,-4665
68499,93282,30255,65544,27738,2955,-2713
69727,124763,50834,46190,78573,23537,-8096
71425,105408,36385,65276,40132,6149,-5688
71375,119036,45410,56432,62604,14943,-8264
32715,35512,9583,32692,2820,23,4784
70925,103176,35214,65496,37680,5429,-5131
40373,45052,12452,40296,4756,77,4733
69620,98252,32709,65668,32584,3952,-3934
71449,106738,37172,64788,41950,6661,-5969
55626,66676,19550,55152,11524,474,2799
71498,115415,42787,59682,55733,11816,-7677
65884,86637,27353,63862,22775,2022,-1089
8310,8453,2149,8310,143,0,1882
21157,22203,5813,21154,1049,3,3917
69826,124881,50871,46278,78603,23548,-8168
71868,112177,40467,62486,49691,9382,-7143
68710,127384,53977,38860,88524,29850,-7441
61514,77259,23524,60422,16837,1092,891
66327,131216,62262,13384,117832,52943,-2908
69350,97197,32240,65434,31763,3916,-3655
63530,81233,25084,62130,19103,1400,114
71769,111833,40289,62510,49323,9259,-7086
71352,106372,37026,64640,41732,6712,-5823
71628,107521,37543,64870,42651,6758,-6163
64918,84371,26399,63146,21225,1772,-567
71049,120745,46822,54202,66543,16847,-8392
70035,123611,49666,48558,75053,21477,-8223
63736,81704,25266,62344,19360,1392,-108
66781,130614,60167,20560,110054,46221,-4413
58688,72053,21542,57938,14115,750,1780
71213,119235,45659,55834,63401,15379,-8176
67695,91807,29665,64954,26853,2741,-2324
69163,95934,31564,65612,30322,3551,-3306
68791,127192,53736,39440,87752,29351,-7512
66049,131581,65406,1538,130043,64511,-126
70540,101535,34366,65606,35929,4934,-4709
66792,88783,28260,64526,24257,2266,-1599
71821,111852,40290,62544,49308,9277,-7076
70718,121821,47787,52494,69327,18224,-8393
28948,30996,8265,28932,2064,16,4582
70840,102889,35089,65422,37467,5418,-5026
32692,35425,9548,32658,2767,34,4803
65997,87203,27610,63966,23237,2031,-1204
69126,126557,52814,41858,84699,27268,-7817
71681,113578,41525,61056,52522,10625,-7329
69914,99164,33185,65588,33576,4326,-4058
71120,103510,35373,65528,37982,5592,-5141
69478,125280,51497,44572,80708,24906,-7925
66237,131324,62837,11300,120024,54937,-2440
58824,72114,21542,58060,14054,764,1839
2690,2699,677,2690,9,0,651
66992,89238,28439,64720,24518,2272,-1660
56227,67770,19972,55652,12118,575,2615
48015,55274,15682,47820,7454,195,4147
69161,126211,52460,42582,83629,26579,-7834
71797,113539,41453,61266,52273,10531,-7339
56163,67649,19919,55622,12027,541,2551
54828,65601,19219,54326,11275,502,2874
68314,92441,29817,65614,26827,2700,-2505
71744,109859,39029,63602,46257,8142,-6675
64955,84096,26206,63368,20728,1587,-556
71879,112392,40637,62236,50156,9643,-7238
56616,68228,20100,56056,12172,560,2460
70229,100272,33714,65688,34584,4541,-4323
70709,101748,34441,65732,36016,4977,-4779
63892,82028,25403,62444,19584,1448,-123
64704,83756,26116,63048,20708,1656,-442
66118,131471,63836,7598,123873,58520,-1587
64590,83842,26199,62888,20954,1702,-485
71716,116293,43286,59442,56851,12274,-7910
67447,129519,57640,28478,101041,38969,-5857
71944,113219,41088,62086,51133,9858,-7383
66367,131178,62162,13708,117470,52659,-2970
65845,86753,27427,63798,22955,2047,-1115
67724,129213,56922,30738,98475,36986,-6277
55018,65763,19249,54530,11233,488,2917
71844,113155,41158,61678,51477,10166,-7332
71657,110726,39619,62976,47750,8681,-6831
71695,108589,38265,64118,44471,7577,-6382
71621,111205,39953,62598,48607,9023,-6904
70969,102404,34730,65888,36516,5081,-4958
69388,126107,52319,42938,83169,26450,-7878
6250,6329,1602,6250,79,0,1461
71858,115095,42461,60346,54749,11512,-7679
64620,83427,25964,62998,20429,1622,-454
64812,84190,26302,63172,21018,1640,-607
66080,131541,64498,5090,126451,60990,-994
71249,105391,36436,65038,40353,6211,-5655
66995,130315,59370,23150,107165,43845,-4910
71459,108522,38294,63868,44654,7591,-6356
41552,46542,12909,41448,5094,104,4721
12840,13190,3385,12840,350,0,2735
50613,59099,16972,50310,8789,303,3676
69776,98285,32706,65746,32539,4030,-3852
67461,90615,29071,64946,25669,2515,-2098
51502,60622,17524,51148,9474,354,3547
70583,122561,48449,51326,71235,19257,-8425
69036,95803,31504,65590,30213,3446,-3294
71598,108269,38097,64150,44119,7448,-6347
68175,128574,55706,34324,94250,33851,-6874
52308,61333,17674,51970,9363,338,3510
65121,84552,26418,63432,21120,1689,-651
71226,104596,36010,65152,39444,6074,-5407
38844,42925,11766,38786,4139,58,4890
53581,63551,18479,53186,10365,395,3186
70348,122669,48647,50750,71919,19598,-8324
60898,76474,23277,59840,16634,1058,1026
66608,130920,60952,18032,112888,48576,-3926
67315,90356,28973,64820,25536,2495,-1957
71292,118100,44730,57280,60820,14012,-8109
53537,63724,18596,53064,10660,473,3207
48245,55689,15842,48010,7679,235,4016
71258,117520,44362,57592,59928,13666,-7939
44693,50605,14168,44538,6067,155,4425
42714,47946,13325,42592,5354,122,4713
55152,65817,19230,54714,11103,438,2830
69993,99081,33114,65706,33375,4287,-4032
67208,130140,58777,25172,104968,42036,-5325
62315,79209,24347,61030,18179,1285,378
46863,53738,15203,46664,7074,199,4208
61800,77952,23807,60676,17276,1124,661
68786,95338,31327,65368,29970,3418,-3179
69350,96961,32098,65530,31431,3820,-3511
71908,110666,39516,63268,47398,8640,-6860
66109,131500,64021,6916,124584,59193,-1430
42787,48185,13427,42662,5523,125,4701
69789,97975,32527,65842,32133,3947,-3816
71394,117746,44552,57284,60462,14110,-7936
69154,96535,31906,65446,31089,3708,-3390
56029,67642,19973,55392,12250,637,2603
71413,116999,43948,58206,58793,13207,-7938
53100,62751,18201,52698,10053,402,3253
69523,97178,32113,65904,31274,3619,-3597
71666,116714,43611,58984,57730,12682,-8013
69982,124380,50361,47316,77064,22666,-8214
69887,97534,32220,66188,31346,3699,-3825
17926,18570,4804,17924,646,2,3544
6040,6112,1546,6040,72,0,1405
35018,38248,10381,34972,3276,46,4812
33752,36790,9968,33708,3082,44,4738
49297,57025,16251,49046,7979,251,3987
59260,73090,21935,58440,14650,820,1601
71101,119070,45556,55916,63154,15185,-8135
68547,93754,30513,65456,28298,3091,-2769
71095,104285,35812,65322,38963,5773,-5338
71695,115376,42662,60104,55272,11591,-7754
71685,111074,39875,62648,48426,9037,-6873
71590,108514,38233,64096,44418,7494,-6399
67669,90772,29099,65148,25624,2521,-2028
70203,98974,32955,66128,32846,4075,-4133
66549,130971,61211,17098,113873,49451,-3714
20354,21261,5542,20354,907,0,3870
66446,131075,61639,15594,115481,50852,-3390
69679,97441,32231,65958,31483,3721,-3723
67007,130221,59123,23950,106271,43057,-5070
58213,71040,21145,57500,13540,713,2045
66844,130514,59867,21560,108954,45284,-4605
69322,126213,52371,42942,83271,26380,-7932
70875,102394,34781,65664,36730,5211,-4974
7024,7120,1804,7024,96,0,1620
70501,121765,47905,51910,69855,18591,-8235
63173,80555,24832,61782,18773,1391,273
69590,97573,32370,65666,31907,3924,-3715
70003,99515,33346,65646,33869,4357,-4174
68044,128418,55700,34036,94382,34008,-6730
51823,61094,17679,51472,9622,351,3494
70312,100199,33666,65734,34465,4578,-4375
69721,125125,51208,45418,79707,24303,-8081
59824,74028,22265,58996,15032,828,1523
66058,131555,64885,3570,127985,62488,-622
68269,93367,30364,65278,28089,2991,-2648
71142,105073,36241,65182,39891,5960,-5632
71111,105387,36467,64906,40481,6205,-5532
71761,109611,38907,63594,46017,8167,-6605
57163,69368,20547,56548,12820,615,2320
70299,123260,49167,49852,73408,20447,-8345
70522,100202,33565,66144,34058,4378,-4432
56832,68822,20360,56204,12618,628,2362
67202,129914,58389,26272,103642,40930,-5497
71740,110035,39182,63342,46693,8398,-6716
65774,86514,27320,63748,22766,2026,-1109
824,824,206,824,0,0,206
39771,44247,12198,39702,4545,69,4733
42569,47820,13296,42456,5364,113,4686
31470,34020,9146,31456,2564,14,4765
70875,104768,36240,64576,40192,6299,-5430
47709,54931,15580,47542,7389,167,4131
44328,50201,14052,44194,6007,134,4493
62142,78480,24000,60960,17520,1182,650
70224,100091,33627,65674,34417,4550,-4294
70104,98975,32993,65978,32997,4126,-4132
68910,127110,53481,40296,86814,28614,-7675
34580,37765,10250,34530,3235,50,4873
69516,125085,51305,44950,80135,24566,-7919
70948,120379,46634,54222,66157,16726,-8278
44311,50076,13998,44160,5916,151,4526
67311,90199,28880,64878,25321,2433,-1881
71139,120443,46582,54558,65885,16581,-8336
68816,94231,30690,65702,28529,3114,-2961
53624,63510,18453,53208,10302,416,3111
61587,77030,23388,60508,16522,1079,967
54451,64852,18928,53992,10860,459,3048
52913,62325,18018,52578,9747,335,3322
68997,95316,31241,65668,29648,3329,-3305
57874,70820,21108,57208,13612,666,2099
71726,115239,42586,60134,55105,11592,-7641
33235,35929,9662,33210,2719,25,4841
62824,79470,24329,61624,17846,1200,509
60160,74345,22347,59302,15043,858,1494
45205,51430,14453,45048,6382,157,4387
68234,92337,29800,65474,26863,2760,-2513
69916,124687,50657,46746,77941,23170,-8195
71906,113905,41603,61398,52507,10508,-7495
14269,14690,3778,14268,422,1,2976
70437,102094,34734,65252,36842,5185,-4777
70535,101514,34365,65568,35946,4967,-4696
12805,13148,3373,12804,344,1,2732
56866,68787,20325,56274,12513,592,2397
63785,81965,25394,62354,19611,1431,17
71824,111749,40229,62582,49167,9242,-7089
71064,103643,35455,65466,38177,5598,-5194
66319,131213,62259,13390,117823,52929,-2907
66088,131529,64383,5526,126003,60562,-1097
49493,57323,16353,49234,8089,259,3966
55804,67277,19831,55230,12047,574,2664
70033,98686,32847,65984,32702,4049,-4013
71459,107580,37730,64240,43340,7219,-6149
69316,96971,32114,65486,31485,3830,-3600
69691,125293,51434,44850,80443,24841,-7997
57534,69991,20770,56902,13089,632,2266
70980,120233,46508,54434,65799,16546,-8265
48003,55263,15679,47810,7453,193,4228
71744,112587,40788,62022,50565,9722,-7193
61429,76762,23284,60388,16374,1041,1068
67850,91836,29641,65108,26728,2742,-2330
70640,122604,48445,51428,71176,19212,-8460
58760,72263,21651,57922,14341,838,1907
40132,44627,12301,40050,4577,82,4814
70274,123397,49349,49398,73999,20876,-8288
43760,49292,13731,43660,5632,100,4573
71625,109377,38822,63466,45911,8159,-6534
70685,121675,47755,52330,69345,18355,-8315
71621,107093,37357,64758,42335,6863,-6080
27263,29026,7701,27248,1778,15,4487
3334,3361,847,3334,27,0,799
53006,62664,18179,52612,10052,394,3362
71778,110747,39611,63050,47697,8728,-6788
71097,119860,46158,55088,64772,16009,-8275
69583,97403,32266,65742,31661,3841,-3808
6222,6297,1593,6222,75,0,1438
63074,80225,24664,61794,18431,1280,315
66119,131491,63967,7114,124377,59005,-1476
71018,103181,35164,65706,37475,5312,-5077
63512,81487,25225,62074,19413,1438,124
61736,77837,23775,60574,17263,1162,756
71158,104650,36025,65200,39450,5958,-5458
66673,130689,60519,19302,111387,47371,-4140
71670,117697,44302,58186,59511,13484,-8107
71705,110648,39543,63124,47524,8581,-6821
70193,100211,33739,65466,34745,4727,-4341
69265,95933,31525,65766,30167,3499,-3287
67517,91237,29402,64866,26371,2651,-2189
67268,129912,58442,26056,103856,41212,-5448
71728,115570,42804,59924,55646,11804,-7766
54346,64615,18835,53890,10725,456,3045
70801,103360,35351,65316,38044,5485,-5137
50534,58971,16922,50254,8717,280,3682
71591,108673,38333,64014,44659,7577,-6468
68527,127652,54415,37644,90008,30883,-7290
71717,109097,38535,64054,45043,7663,-6530
70935,120329,46570,54378,65951,16557,-8239
47381,54429,15420,47178,7251,203,4190
61203,76807,23359,60178,16629,1025,1009
48729,56412,16083,48492,7920,237,3967
52117,61175,17641,51786,9389,331,3453
40887,45709,12657,40790,4919,97,4659
64644,83640,26052,63072,20568,1572,-391
51087,59907,17260,50774,9133,313,3591
70569,122665,48607,50902,71763,19667,-8355
67102,89457,28540,64754,24703,2348,-1723
71434,106378,36971,64872,41506,6562,-5892
69667,97950,32526,65796,32154,3871,-3798
68555,93732,30465,65604,28128,2951,-2855
61882,77753,23680,60786,16967,1096,816
69577,98728,33021,65372,33356,4205,-4068
62929,79711,24422,61734,17977,1195,441
70735,121815,47747,52642,69173,18093,-8428
68653,94190,30724,65484,28706,3169,-2910
68564,127382,54090,38404,88978,30160,-7328
71914,110879,39624,63262,47617,8652,-6923
66049,131584,65524,1072,130512,64977,-11
67933,128630,56028,33148,95482,34785,-6611
68172,128613,55792,34058,94555,34114,-6823
71625,108276,38098,64160,44116,7465,-6289
70229,123732,49681,48740,74992,21489,-8278
44239,50275,14115,44090,6185,149,4529
71187,118587,45170,56494,62093,14693,-8069
67204,129887,58304,26558,103329,40646,-5547
66320,87963,27955,64106,23857,2214,-1391
66957,130387,59532,22646,107741,44311,-4823
54941,65743,19259,54450,11293,491,2875
71641,116098,43204,59380,56718,12261,-7860
71391,106729,37156,64834,41895,6557,-6009
70373,122938,48949,50080,72858,20293,-8286
70741,102174,34694,65572,36602,5169,-4832
71268,106835,37314,64414,42421,6854,-5996
17218,17894,4643,17216,678,2,3438
69614,125207,51367,44946,80261,24668,-7987
41542,46232,12751,41460,4772,82,4785
70049,99141,33116,65818,33323,4231,-4136
66601,130901,60967,17934,112967,48667,-3891
66742,88956,28365,64452,24504,2290,-1635
63779,82105,25485,62270,19835,1509,-122
61124,76677,23331,60030,16647,1094,948
71052,119810,46194,54844,64966,16208,-8173
13129,13496,3466,13128,368,1,2792
68901,127136,53564,40016,87120,28885,-7644
65658,85902,26985,63864,22038,1794,-976
54873,65411,19105,54402,11009,471,2874
69042,126500,52934,41264,85236,27778,-7631
55026,65946,19339,54536,11410,490,2878
63447,80807,24871,62130,18677,1317,192
69517,96969,32055,65718,31251,3799,-3502
71644,117296,44061,58348,58948,13296,-7990
66719,88480,28115,64500,23980,2219,-1431
69323,96409,31751,65814,30595,3509,-3487
69403,126114,52232,43300,82814,26103,-7970
71795,114384,41955,60948,53436,10847,-7582
70016,99198,33146,65812,33386,4204,-4078
66231,87571,27726,64238,23333,1993,-1329
69181,95970,31566,65676,30294,3505,-3320
70398,123273,49178,49834,73439,20564,-8368
60378,75201,22737,59454,15747,924,1339
66188,131417,63324,9538,121879,56650,-2045
70025,99234,33189,65712,33522,4313,-4094
7754,7875,1999,7754,121,0,1741
32233,34814,9358,32196,2618,37,4775
21641,22709,5945,21638,1071,3,3968
26255,27873,7375,26246,1627,9,4448
67234,129928,58396,26272,103656,40962,-5510
70868,120659,46826,54014,66645,16854,-8284
71313,117958,44644,57340,60618,13973,-8063
71155,119414,45779,55712,63702,15443,-8225
70281,100260,33705,65700,34560,4581,-4364
65437,85866,27030,63612,22254,1825,-948
35527,38789,10525,35478,3311,49,4892
64488,83562,26067,62856,20706,1632,-477
47802,54824,15514,47592,7232,210,4231
66837,130600,59952,21392,109208,45445,-4602
69312,125985,52148,43378,82607,25934,-7951
60210,74677,22512,59306,15371,904,1381
66262,131291,62738,11630,119661,54632,-2504
71340,105940,36722,64992,40948,6348,-5724
71700,110628,39512,63208,47420,8492,-6841
202,203,51,202,1,0,49
71805,112467,40699,62138,50329,9667,-7228
49655,57628,16467,49388,8240,267,3854
62289,78840,24135,61140,17700,1149,637
71638,113632,41530,61144,52488,10494,-7386
68787,126907,53488,39862,87045,28925,-7474
61763,77574,23635,60608,16966,1155,869
71375,107619,37749,64242,43377,7133,-6139
71062,102689,34853,65966,36723,5096,-5058
70172,123599,49570,48918,74681,21254,-8252
68320,93105,30207,65382,27723,2938,-2652
67163,90067,28860,64694,25373,2469,-1852
44265,50209,14075,44118,6091,147,4506
69228,126212,52479,42508,83704,26720,-7836
50762,59262,17012,50476,8786,286,3754
41368,46132,12748,41272,4860,96,4852
52277,61515,17777,51922,9593,355,3438
71683,113568,41507,61108,52460,10575,-7367
23907,25262,6656,23900,1362,7,4247
66617,88329,28063,64406,23923,2211,-1596
69071,126537,52964,41218,85319,27853,-7658
67041,89257,28430,64794,24463,2247,-1707
67024,130288,59225,23676,106612,43348,-5030
35055,38382,10439,35008,3374,47,4804
68170,128366,55498,34740,93626,33430,-6876
70494,122238,48354,51060,71178,19434,-8236
38415,42634,11732,38340,4294,75,4756
66158,87553,27766,64042,23511,2116,-1298
61863,77634,23617,60800,16834,1063,878
68735,127264,53830,39208,88056,29527,-7487
71749,110174,39233,63416,46758,8333,-6709
67613,129435,57319,29594,99841,38019,-6099
48582,56005,15906,48386,7619,196,4008
68132,128365,55553,34518,93847,33614,-6827
62681,79678,24475,61456,18222,1225,323
67526,90880,29201,64956,25924,2570,-2101
49224,57309,16418,48946,8363,278,3935
66203,131389,63223,9886,121503,56317,-2117
68051,128501,55725,34102,94399,33949,-6774
71719,113798,41615,61136,52662,10583,-7437
51446,60351,17395,51122,9229,324,3575
63663,81504,25212,62160,19344,1503,57
60562,75478,22844,59580,15898,982,1270
69375,96556,31872,65624,30932,3751,-3495
63664,81957,25426,62210,19747,1454,-68
70993,103616,35424,65536,38080,5457,-5254
60496,75463,22852,59518,15945,978,1146
66572,130895,61015,17730,113165,48842,-3837
55218,65824,19222,54760,11064,458,2862
70409,101151,34201,65498,35653,4911,-4639
51181,59758,17158,50884,8874,297,3651
71219,106706,37268,64340,42366,6879,-5843
71858,114038,41709,61240,52798,10618,-7533
66341,131177,62206,13530,117647,52811,-2923
69251,126033,52259,43030,83003,26221,-7881
71710,114949,42352,60490,54459,11220,-7640
68784,127131,53725,39362,87769,29422,-7461
61124,76728,23353,60044,16684,1080,1061
70491,100792,33942,65816,34976,4675,-4480
65276,85031,26651,63458,21573,1818,-723
65604,85655,26883,63778,21877,1826,-755
69829,98743,32933,65754,32989,4075,-4042
69319,126101,52273,43110,82991,26209,-7919
71555,114064,41819,60852,53212,10703,-7482
70267,123419,49366,49374,74045,20893,-8291
68638,94525,30921,65366,29159,3272,-2880
