Points,Edges,Area,Perimeter,Contact_perimeter,TETRAPIXEL,Euler_General_8_Async
71301,118787,45275,56474,62313,14827,-8152
71618,116306,43316,59348,56958,12270,-7922
69091,95892,31558,65552,30340,3539,-3251
53999,64668,18955,53516,11152,483,3098
69642,124890,51005,45760,79130,23882,-8037
71667,107452,37529,64788,42664,6879,-6165
71066,105023,36255,65026,39997,6040,-5551
66720,130727,60434,19718,111009,47002,-4251
59869,74121,22311,58998,15123,871,1459
69554,97373,32247,65758,31615,3796,-3689
39245,43410,11908,39188,4222,57,4764
57319,69967,20813,56682,13285,637,2160
68307,92819,30078,65326,27493,2981,-2507
68816,94820,31030,65520,29300,3296,-3113
71807,116825,43647,59062,57763,12745,-7979
69570,125180,51336,45016,80164,24554,-7989
69717,98029,32570,65778,32251,3939,-3760
70387,101100,34160,65560,35540,4827,-4584
71668,111605,40164,62554,49051,9114,-7025
71524,107597,37715,64334,43263,7190,-6174
43499,49271,13799,43346,5925,153,4500
39333,43674,12022,39260,4414,73,4709
53938,64165,18709,53494,10671,444,3145
50274,58582,16795,49984,8598,290,3813
10998,11239,2870,10998,241,0,2425
71197,104957,36196,65130,39827,6067,-5532
64427,83112,25839,62868,20244,1559,-291
41506,46403,12849,41410,4993,96,4626
25032,26511,7000,25022,1489,10,4335
52496,61984,17970,52088,9896,408,3377
71426,117357,44196,57930,59427,13496,-7944
66058,131566,65024,3036,128530,63022,-493
59788,74165,22353,58918,15247,870,1483
65918,86647,27333,63962,22685,1956,-1070
68761,127199,53806,39174,88025,29587,-7449
60756,75741,22919,59806,15935,950,1303
71669,109570,38870,63660,45910,8009,-6578
46587,53265,15029,46414,6851,173,4298
71090,104945,36218,65018,39927,6072,-5402
69851,97915,32499,65834,32081,4017,-3840
69010,126551,52948,41310,85241,27700,-7671
65604,85437,26759,63838,21599,1766,-856
70984,103986,35690,65212,38774,5772,-5294
64170,82883,25804,62550,20333,1620,-326
45675,52041,14646,45498,6543,177,4371
71262,119508,45852,55608,63900,15654,-8174
71769,112996,41043,61820,51176,9949,-7308
71500,106654,37097,64920,41734,6580,-5981
70165,123001,49062,49754,73247,20411,-8220
68978,95652,31467,65436,30216,3542,-3265
58284,71180,21193,57588,13592,696,2011
52134,61163,17623,51834,9329,300,3482
19180,20016,5214,19176,840,4,3760
31875,34452,9264,31848,2604,27,4777
70974,104516,36042,64864,39652,6110,-5305
70785,101743,34392,65918,35825,4867,-4752
67212,89513,28500,65026,24487,2186,-1748
70735,120899,47131,53274,67625,17461,-8194
68250,93165,30266,65266,27899,2984,-2652
68604,127627,54327,37946,89681,30658,-7338
69577,124989,51211,45134,79855,24443,-7959
8236,8382,2132,8236,146,0,1852
67378,129680,57972,27472,102208,39906,-5685
70433,101632,34486,65320,36312,5113,-4678
68816,94972,31116,65480,29492,3336,-3130
45109,51041,14276,44978,6063,131,4497
33492,36337,9804,33458,2879,34,4844
58455,71615,21373,57738,13877,717,2043
57768,70799,21141,57034,13765,734,2039
70031,98720,32828,66128,32592,3903,-4038
21444,22494,5886,21444,1050,0,3979
14050,14459,3717,14050,409,0,2943
69207,126333,52643,42094,84239,27113,-7780
28106,29999,7976,28094,1905,12,4642
71761,110920,39673,63148,47772,8613,-6916
70183,99923,33546,65662,34261,4521,-4314
62443,78952,24164,61248,17704,1195,568
55747,67144,19776,55184,11960,563,2657
71000,120565,46739,54174,66391,16826,-8322
62255,78576,24020,61072,17504,1183,693
69762,98030,32568,65788,32242,3974,-3797
71136,104787,36095,65194,39593,5942,-5481
70017,123928,49894,48280,75648,21737,-8255
70736,102792,35063,65332,37460,5404,-5008
68252,128383,55351,35362,93021,32890,-7045
67661,129273,57050,30346,98927,37315,-6208
53611,63547,18468,53222,10325,389,3098
69017,95213,31160,65786,29427,3231,-3154
71868,110733,39526,63362,47371,8506,-6883
64018,82155,25431,62586,19569,1432,-145
70794,103408,35418,65144,38264,5650,-5087
68437,93745,30540,65330,28415,3107,-2804
71569,109878,39051,63552,46326,8017,-6660
71749,112664,40905,61708,50956,10041,-7167
31243,33604,8996,31224,2380,19,4794
71755,113439,41348,61486,51953,10269,-7367
71826,112078,40422,62468,49610,9358,-7142
70741,121610,47647,52632,68978,18109,-8336
68678,94637,30970,65394,29243,3284,-2955
71552,108426,38197,64064,44362,7488,-6323
61555,77175,23451,60546,16629,1009,803
70829,103960,35716,65056,38904,5773,-5260
70051,123418,49477,48928,74490,21123,-8183
68027,92727,30116,64990,27737,3037,-2456
66998,130352,59379,23188,107164,43810,-4941
66083,131542,64522,4996,126546,61087,-971
70123,99425,33261,65806,33619,4317,-4070
70410,122528,48597,50668,71860,19742,-8236
70373,100214,33613,65976,34238,4397,-4350
50064,58498,16810,49756,8742,308,3690
71635,111434,40114,62412,49022,9223,-6968
62205,78808,24154,61000,17808,1205,674
69614,125041,51055,45862,79179,23752,-8163
71734,115491,42763,59930,55561,11804,-7724
71399,106287,36921,64890,41397,6509,-5934
71863,112689,40811,62134,50555,9729,-7222
988,992,249,988,4,0,244
67862,91809,29594,65242,26567,2620,-2200
62719,79648,24458,61464,18184,1255,453
35456,38818,10555,35416,3402,40,4849
71652,114126,41838,60900,53226,10752,-7485
70012,98922,33017,65776,33146,4236,-4026
68012,92467,29925,65234,27233,2778,-2434
71777,115757,42887,59966,55791,11811,-7802
71443,117299,44088,58246,59053,13197,-8000
64734,84186,26329,63056,21130,1678,-524
67930,128718,56072,33148,95570,34782,-6659
70676,122158,48139,51760,70398,18916,-8344
39241,43584,12000,39168,4416,73,4850
71620,113405,41421,61126,52279,10494,-7281
71640,107184,37427,64660,42524,6980,-6037
30423,32794,8797,30400,2394,23,4710
71475,117710,44367,57952,59758,13523,-8090
55720,67055,19733,55178,11877,542,2582
64482,83033,25798,62874,20159,1608,-430
71792,109553,38804,63890,45663,7902,-6623
67499,90584,29039,65012,25572,2487,-2055
69043,95457,31306,65690,29767,3353,-3210
70991,104124,35759,65212,38912,5779,-5265
52363,61575,17786,52006,9569,357,3426
71468,107608,37722,64328,43280,7140,-6214
52898,62501,18124,52506,9995,392,3254
69357,97232,32248,65472,31760,3885,-3590
68663,127393,54057,38558,88835,30105,-7376
68477,93978,30647,65368,28610,3109,-2918
35782,39164,10649,35732,3432,50,4822
67300,129844,58156,27064,102780,40236,-5660
71545,116181,43366,58898,57283,12647,-7781
67938,91739,29574,65182,26557,2756,-2295
64718,83522,25976,63140,20382,1578,-388
45678,52068,14654,45520,6548,158,4330
68122,92330,29825,65360,26970,2762,-2409
69098,96425,31861,65406,31019,3692,-3394
71613,117668,44299,58140,59528,13473,-8105
68536,127650,54410,37660,89990,30876,-7274
15161,15680,4050,15160,520,1,3090
71191,105142,36314,65028,40114,6163,-5554
70540,101854,34539,65552,36302,4988,-4789
68427,128013,54938,36274,91739,32153,-7111
27557,29412,7821,27540,1872,17,4542
68962,95467,31357,65506,29961,3456,-3157
52666,62252,18063,52252,10000,414,3397
46894,53576,15105,46732,6844,162,4233
71129,104985,36230,65050,39935,6079,-5506
68967,127025,53447,40262,86763,28705,-7648
60599,76067,23159,59498,16569,1101,1139
71258,105712,36619,64948,40764,6310,-5815
69423,96506,31803,65800,30706,3623,-3441
67219,129960,58460,26080,103880,41139,-5472
71155,119965,46237,54982,64983,16173,-8249
66751,130685,60333,20038,110647,46713,-4307
67065,130224,59083,24116,106108,42949,-5110
71536,110412,39481,62900,47512,8636,-6713
68294,93062,30189,65368,27694,2926,-2592
66052,131570,65130,2620,128950,63432,-391
70302,99973,33490,65986,33987,4316,-4359
70657,101863,34506,65702,36161,4955,-4834
71489,116290,43444,58804,57486,12685,-7775
68846,126871,53334,40406,86465,28440,-7614
59390,73151,21935,58562,14589,828,1695
66982,89338,28502,64668,24670,2314,-1678
53178,62931,18268,52790,10141,388,3141
70694,102993,35183,65254,37739,5440,-5070
14193,14604,3754,14192,412,1,2958
70295,123547,49477,49186,74361,21109,-8319
40913,45735,12666,40806,4929,107,4659
71105,105942,36791,64720,41222,6385,-5768
66075,87056,27504,64096,22960,1979,-1155
69215,125829,52195,42878,82951,26337,-7754
39220,43570,12000,39140,4430,80,4787
71382,106310,36938,64868,41442,6514,-5822
63665,81543,25225,62186,19357,1479,41
70015,123989,50014,47922,76067,22093,-8188
71541,108475,38272,63862,44613,7679,-6343
60279,74942,22630,59364,15578,915,1294
70237,123313,49331,49302,74011,20935,-8247
71721,110484,39433,63236,47248,8485,-6760
61515,77182,23481,60440,16742,1075,903
31136,33540,8991,31116,2424,20,4739
64461,83639,26130,62758,20881,1703,-452
41967,47155,13116,41846,5309,121,4629
18970,19793,5155,18966,827,4,3649
68653,127366,53990,38772,88594,29881,-7445
69764,98358,32746,65732,32626,4032,-3837
71096,105163,36335,64986,40177,6110,-5543
66995,89359,28519,64642,24717,2353,-1730
66177,87549,27751,64094,23455,2083,-1223
66888,130493,59742,22018,108475,44870,-4713
69407,96609,31855,65798,30811,3609,-3453
70259,100273,33713,65694,34579,4565,-4404
71574,106842,37203,64872,41970,6702,-5989
69336,97085,32164,65514,31571,3822,-3636
68737,127238,53908,38844,88394,29893,-7391
70636,101226,34126,65948,35278,4688,-4743
65707,86192,27142,63816,22376,1891,-957
66291,131257,62480,12594,118663,53697,-2729
49305,56955,16208,49078,7877,227,3942
9336,9514,2423,9336,178,0,2078
70601,122523,48492,51078,71445,19523,-8339
62775,79654,24440,61548,18106,1227,412
69840,98619,32863,65786,32833,4054,-4006
16999,17587,4544,16998,589,1,3432
68506,128155,54857,36882,91273,31624,-7316
66052,131574,65108,2716,128858,63336,-417
69505,97441,32303,65670,31771,3835,-3704
71332,105220,36349,65044,40176,6288,-5555
70864,120449,46749,53902,66547,16962,-8196
66522,88548,28209,64260,24288,2262,-1415
71792,110856,39702,62904,47952,8888,-6902
71891,111097,39773,63102,47995,8789,-6981
38782,42916,11779,38716,4200,66,4768
63689,81609,25246,62234,19375,1455,-9
69153,126265,52604,42114,84151,27039,-7754
66604,88191,27971,64498,23693,2106,-1485
67379,89990,28744,65004,24986,2375,-1868
66290,88001,27959,64166,23835,2124,-1512
71565,116074,43195,59368,56706,12197,-7897
62536,79149,24231,61374,17775,1162,462
70179,99731,33453,65650,34081,4529,-4247
66502,131014,61405,16408,114606,50094,-3563
62203,78671,24096,60958,17713,1245,693
69171,96379,31785,65618,30761,3553,-3363
71494,112055,40578,61798,50257,9696,-6934
66288,131239,62506,12454,118785,53834,-2689
71616,114450,42078,60588,53862,11028,-7569
70628,122351,48328,51390,70961,19238,-8370
71355,117957,44610,57474,60483,13881,-8080
66105,131511,64191,6258,125253,59847,-1271
59326,73313,22027,58518,14795,808,1527
70199,123959,49821,48634,75325,21565,-8361
68255,92550,29898,65508,27042,2747,-2623
51161,59968,17272,50848,9120,313,3514
35283,38620,10501,35236,3384,47,4862
64121,82600,25648,62608,19992,1513,-148
68406,93758,30570,65236,28522,3170,-2759
71603,110066,39231,63208,46858,8395,-6676
69080,95789,31496,65594,30195,3486,-3349
70156,99703,33402,65798,33905,4358,-4257
71552,112526,40794,61876,50650,9676,-7209
71321,118772,45204,56728,62044,14593,-8211
66574,87963,27857,64498,23465,2076,-1461
56548,68529,20287,55910,12619,638,2396
56116,67535,19869,55594,11941,522,2621
71555,115319,42691,59874,55445,11681,-7654
69996,99194,33162,65740,33454,4256,-4103
1988,1996,501,1988,8,0,482
70481,101289,34224,65682,35607,4799,-4572
67840,92341,29929,64966,27375,2874,-2335
47140,54125,15333,46918,7207,222,4184
66561,87985,27875,64470,23515,2091,-1539
68330,93267,30277,65426,27841,2904,-2692
66154,131428,63483,8924,122504,57230,-1897
68190,92721,30022,65354,27367,2836,-2441
42247,47408,13167,42148,5260,99,4648
68605,94779,31063,65306,29473,3299,-2973
69759,124522,50672,46356,78166,23403,-8041
70670,100758,33840,66156,34602,4514,-4605
69552,97312,32212,65776,31536,3776,-3672
70482,122957,48882,50386,72571,20096,-8356
71707,111282,39950,62764,48518,8943,-6903
69977,124405,50370,47330,77075,22647,-8220
69921,99184,33153,65756,33428,4165,-4086
51292,60019,17271,50954,9065,338,3650
67867,91287,29327,65266,26021,2601,-2262
54430,64676,18841,53988,10688,442,2994
62036,78434,24001,60864,17570,1172,715
71567,114589,42216,60314,54275,11253,-7504
57408,69624,20611,56804,12820,604,2290
71427,117606,44361,57768,59838,13659,-8057
47408,54332,15357,47236,7096,172,4140
53393,63267,18384,52998,10269,395,3177
70590,122820,48659,51004,71816,19586,-8416
71830,113011,41052,61814,51197,10016,-7372
49079,56751,16173,48810,7941,269,4079
71662,114280,41983,60628,53652,11034,-7486
69033,95204,31167,65740,29464,3293,-3208
66367,131156,62093,13940,117216,52427,-3019
67861,91525,29441,65286,26239,2575,-2346
70558,102394,34869,65312,37082,5246,-4908
69922,98963,33058,65694,33269,4228,-4079
49824,57646,16422,49604,8042,220,3798
71455,107166,37441,64568,42598,6887,-6022
67906,128799,56240,32638,96161,35268,-6564
71381,108311,38202,63814,44497,7567,-6223
63852,82031,25420,62382,19649,1470,16
69758,124981,51065,45702,79279,24056,-8067
52355,61529,17764,52002,9527,353,3395
70902,120258,46572,54228,66030,16674,-8204
69406,126228,52344,43080,83148,26326,-7957
70836,120671,46934,53606,67065,17230,-8207
65492,85478,26820,63676,21802,1816,-946
66781,89177,28476,64450,24727,2331,-1754
14320,14766,3803,14320,446,0,2981
69782,97966,32526,65828,32138,3954,-3723
67367,90200,28857,64972,25228,2395,-2057
41590,46571,12913,41490,5081,100,4655
69113,95842,31498,65692,30150,3421,-3371
61295,76609,23240,60258,16351,1037,979
69322,125804,52049,43412,82392,25910,-7866
69639,125471,51521,44858,80613,24781,-8064
64138,82461,25577,62614,19847,1524,-116
64929,83977,26159,63318,20659,1611,-436
36173,39603,10768,36134,3469,39,4865
71794,109663,38858,63894,45769,7900,-6668
62936,79938,24552,61668,18270,1268,403
13380,13786,3548,13380,406,0,2813
2490,2503,629,2490,13,0,606
70820,121512,47542,52856,68656,17964,-8332
71644,107740,37821,64196,43544,7448,-6138
70722,121346,47493,52720,68626,18002,-8273
71112,103849,35539,65542,38307,5570,-5321
71971,110269,39240,63578,46691,8393,-6759
50273,58601,16812,49954,8647,319,3766
69981,124163,50172,47638,76525,22343,-8174
70914,121088,47158,53544,67544,17370,-8386
34773,37907,10268,34742,3165,31,4807
71078,104140,35731,65356,38784,5722,-5404
69139,95270,31171,65856,29414,3283,-3160
46340,52988,14953,46164,6824,176,4300
69009,95728,31507,65428,30300,3581,-3199
67994,128564,55837,33780,94784,34214,-6741
67086,130146,58905,24672,105474,42414,-5211
51646,60692,17516,51320,9372,326,3553
68446,93957,30661,65270,28687,3176,-2773
70043,123787,49834,48238,75549,21805,-8200
70492,101539,34378,65566,35973,4926,-4654
71717,111329,40037,62510,48819,9207,-6909
70713,100590,33721,66296,34294,4417,-4542
61376,77201,23540,60242,16959,1134,918
68501,94447,30924,65198,29249,3303,-2899
63511,81024,24979,62132,18892,1379,187
71354,106637,37168,64602,42035,6752,-5954
67395,129687,57923,27682,102005,39713,-5741
71535,109030,38582,63732,45298,7803,-6445
958,959,240,958,1,0,238
38708,42814,11746,38644,4170,64,4784
71288,116820,43876,58136,58684,13152,-7855
69735,98022,32567,65776,32246,3959,-3815
70696,101862,34498,65732,36130,4964,-4812
53071,62891,18279,52666,10225,405,3279
61082,76675,23332,60022,16653,1060,1032
47698,54713,15479,47510,7203,188,4210
67288,90084,28828,64856,25228,2432,-2042
71593,110701,39656,62778,47923,8815,-6699
69602,97279,32186,65814,31465,3788,-3629
51483,60456,17440,51152,9304,331,3476
70400,99937,33463,66022,33915,4378,-4394
70952,120581,46713,54310,66271,16642,-8342
69455,96613,31855,65806,30807,3649,-3529
64847,83767,26057,63306,20461,1541,-409
69751,125162,51097,45936,79226,23815,-8204
66055,131572,65202,2336,129236,63719,-321
70620,101649,34403,65686,35963,4934,-4771
51034,59914,17281,50704,9210,330,3641
70632,102482,34869,65488,36994,5144,-4868
38772,42982,11818,38692,4290,80,4759
52656,62118,17991,52272,9846,384,3378
17678,18364,4763,17676,688,2,3502
71045,103466,35320,65652,37814,5393,-5239
56908,68878,20355,56336,12542,572,2412
6888,6976,1766,6888,88,0,1584
70037,99299,33264,65542,33757,4495,-4077
66085,131533,64498,5074,126459,61011,-986
44377,50386,14137,44224,6162,153,4440
71651,110082,39183,63432,46650,8219,-6740
69718,124527,50697,46266,78261,23452,-8014
49227,57129,16318,48986,8143,241,3900
34482,37536,10153,34460,3076,22,4806
71763,113532,41380,61544,51988,10219,-7404
71565,115578,42940,59396,56182,12169,-7650
68492,127660,54409,37684,89976,30808,-7289
71700,117333,44033,58534,58799,13166,-8092
58154,71082,21185,57424,13658,730,2086
70217,99660,33341,65956,33704,4261,-4296
67737,91885,29696,64986,26899,2751,-2292
71050,104050,35663,65448,38602,5602,-5369
13420,13806,3548,13420,386,0,2825
55198,65930,19278,54748,11182,450,2862
67905,128924,56398,32256,96668,35649,-6518
70605,102280,34783,65428,36852,5177,-4941
27989,29896,7954,27976,1920,13,4561
57052,68946,20358,56460,12486,592,2426
67010,130189,59114,23922,106267,43088,-5045
70704,101917,34519,65758,36159,4946,-4777
67637,91415,29470,64950,26465,2687,-2205
71138,104483,35914,65310,39173,5828,-5493
70999,103597,35434,65458,38139,5541,-5209
58749,72113,21556,58002,14111,747,1723
67565,91173,29338,64994,26179,2571,-2178
48416,55793,15849,48190,7603,226,4038
67736,129211,56897,30834,98377,36902,-6299
69373,126306,52410,42972,83334,26401,-7971
62561,79359,24342,61350,18009,1211,516
70718,122121,48068,51970,70151,18748,-8387
71768,112274,40584,62212,50062,9556,-7117
64206,82610,25642,62652,19958,1554,-134
70953,120463,46677,54218,66245,16735,-8280
71171,118928,45440,56096,62832,15075,-8120
71887,113125,41058,62018,51107,9869,-7424
71203,104993,36202,65178,39815,6025,-5555
53688,63781,18573,53270,10511,418,3136
71254,105545,36517,65022,40523,6232,-5635
35057,38108,10300,35016,3092,41,4887
71244,104516,35872,65544,38972,5700,-5474
71009,120164,46382,54800,65364,16209,-8270
68572,93884,30551,65564,28320,3008,-2848
52114,61309,17718,51746,9563,368,3512
67860,91547,29441,65330,26217,2530,-2289
68404,93202,30219,65528,27674,2876,-2706
66722,130738,60457,19648,111090,47074,-4244
69694,124745,50794,46314,78431,23380,-8118
13124,13456,3447,13124,332,0,2807
72018,109921,38985,63902,46019,8116,-6710
71604,108636,38326,63968,44668,7636,-6304
68193,93346,30367,65224,28122,2969,-2663
69114,95550,31349,65704,29846,3410,-3291
64579,83541,26019,63006,20535,1573,-385
23413,24662,6480,23404,1258,9,4222
70439,122704,48695,50628,72076,19811,-8324
55032,65814,19269,54552,11262,480,2893
26384,27989,7401,26374,1615,10,4494
40639,45305,12514,40554,4751,85,4764
70596,101875,34550,65550,36325,5046,-4752
70395,101753,34541,65342,36411,5053,-4722
8435,8565,2174,8434,131,1,1921
45795,52200,14691,45636,6564,159,4404
60817,76011,23042,59854,16157,963,1164
58918,72428,21661,58212,14216,706,1740
71551,107973,37919,64270,43703,7281,-6228
64315,82803,25712,62758,20045,1557,-279
70779,101440,34229,65964,35476,4815,-4733
66857,89289,28524,64482,24807,2375,-1658
46726,53442,15078,46572,6870,154,4270
70914,120651,46852,53894,66757,17020,-8257
62184,78629,24061,61014,17615,1170,577
46931,53710,15172,46732,6978,199,4254
70149,99827,33476,65750,34077,4399,-4284
68809,94877,31072,65466,29411,3343,-2971
70877,121034,47164,53412,67622,17465,-8326
71959,112322,40524,62548,49774,9411,-7217
66884,89338,28522,64588,24750,2296,-1739
66632,130724,60646,18864,111860,47768,-4044
68320,93668,30542,65168,28500,3152,-2762
67781,129008,56531,31892,97116,35889,-6466
71430,117684,44420,57688,59996,13742,-8013
66341,131232,62250,13464,117768,52877,-2939
62878,80422,24829,61528,18894,1350,324
70364,122910,48918,50148,72762,20216,-8262
56743,68719,20313,56186,12533,557,2442
66834,88622,28166,64580,24042,2254,-1536
66139,131446,63770,7812,123634,58327,-1629
55092,66081,19396,54578,11503,514,2713
53862,64013,18643,53454,10559,408,3066
71726,112810,40944,61844,50966,9882,-7302
70635,101829,34495,65678,36151,4957,-4833
58646,72004,21533,57876,14128,770,1834
70178,99689,33418,65706,33983,4472,-4276
71485,112898,41120,61316,51582,10169,-7131
65973,86581,27296,63978,22603,1995,-1027
70739,102359,34768,65646,36713,5093,-4911
15452,15944,4109,15452,492,0,3182
3644,3670,924,3644,26,0,862
66362,131219,62225,13538,117681,52824,-2950
68967,126665,53077,41022,85643,27945,-7656
71500,116130,43284,59124,57006,12376,-7826
53054,62711,18198,52630,10081,424,3277
70049,99409,33270,65738,33671,4311,-4147
70678,121396,47529,52676,68720,18002,-8282
70999,104069,35766,65074,38995,5925,-5271
58703,71902,21467,57936,13966,767,1935
66265,87694,27827,64080,23614,2185,-1241
69754,98034,32598,65676,32358,4078,-3809
71585,115556,42833,59780,55776,11805,-7776
71743,109050,38497,64112,44938,7631,-6502
70794,102504,34818,65736,36768,5058,-4990
17452,18093,4684,17450,643,2,3445
60444,75097,22660,59554,15543,890,1321
65803,86450,27260,63860,22590,1943,-1073
71169,105195,36370,64910,40285,6259,-5516
71385,107623,37784,64110,43513,7275,-6152
71726,112112,40491,62260,49852,9466,-7101
66234,87460,27684,64184,23276,2050,-1222
66624,88744,28283,64356,24388,2268,-1507
68682,94724,30998,65456,29268,3226,-2982
22666,23855,6262,22662,1193,4,4105
71519,107354,37565,64448,42906,7071,-6074
33735,36710,9929,33704,3006,31,4812
68500,94094,30732,65260,28834,3240,-2796
68038,128596,55873,33700,94896,34338,-6727
71886,113639,41456,61454,52185,10432,-7414
66384,131134,61975,14368,116766,52016,-3115
45721,51949,14580,45578,6371,143,4336
66377,87446,27649,64296,23150,2081,-1283
51912,60925,17568,51578,9347,334,3584
38254,42340,11621,38196,4144,58,4756
70995,120445,46660,54250,66195,16745,-8224
71603,118066,44584,57796,60270,13807,-8165
70867,121272,47338,53192,68080,17675,-8327
67298,90290,28950,64780,25510,2518,-1977
67399,129506,57684,28276,101230,39123,-5801
66188,131408,63330,9496,121912,56692,-2030
71444,118146,44762,57244,60902,14200,-8043
71469,108456,38223,64020,44436,7449,-6311
70504,122609,48545,51038,71571,19466,-8362
59756,73834,22182,58940,14894,816,1553
67879,92146,29792,65124,27022,2755,-2475
71680,114834,42319,60392,54442,11288,-7612
71560,107185,37422,64682,42503,6878,-6094
40656,45326,12520,40572,4754,84,4706
70099,99170,33138,65788,33382,4311,-4130
71691,116271,43305,59322,56949,12369,-7868
70095,99067,33077,65826,33241,4269,-4021
71793,110440,39376,63376,47064,8417,-6799
71670,113152,41214,61448,51704,10222,-7299
68068,128515,55842,33662,94853,34406,-6681
71644,113184,41221,61484,51700,10160,-7324
62055,78248,23902,60888,17360,1167,726
71459,117831,44543,57490,60341,13969,-8051
56661,68316,20125,56132,12184,529,2473
13789,14184,3645,13788,396,1,2884
70297,99594,33323,65896,33698,4401,-4239
71321,108708,38481,63492,45216,7829,-6300
50220,58648,16834,49960,8688,260,3710
40713,45390,12537,40632,4758,81,4802
71834,112743,40864,62030,50713,9804,-7228
69133,96360,31826,65416,30944,3717,-3332
33595,36514,9867,33560,2954,35,4863
68321,128057,54999,36118,91939,32203,-7087
60820,75920,23005,59820,16100,1000,1217
71098,105061,36297,64934,40127,6164,-5599
46138,52582,14796,45980,6602,158,4227
71518,106509,37032,64890,41619,6628,-5947
59031,72963,21934,58190,14773,841,1803
70218,99596,33336,65848,33748,4370,-4237
71701,108474,38162,64300,44174,7401,-6407
71340,119364,45696,55944,63420,15396,-8262
40384,45068,12462,40288,4780,96,4664
70672,122060,48098,51728,70332,18944,-8322
67397,90033,28739,65110,24923,2287,-1863
67486,90769,29156,64914,25855,2572,-2088
66078,131543,64534,4950,126593,61128,-960
71602,115129,42541,60094,55035,11508,-7668
71106,103794,35538,65436,38358,5670,-5253
71479,106441,36972,64994,41447,6485,-5976
71658,115772,42977,59636,56136,12022,-7815
70960,103877,35632,65226,38651,5734,-5255
65709,86503,27327,63698,22805,2011,-1017
40225,44780,12355,40140,4640,85,4758
71774,111422,40023,62752,48670,9022,-7037
57848,70555,20974,57214,13341,634,2206
59377,73047,21879,58578,14469,799,1639
54745,65109,18986,54274,10835,471,3088
55108,66053,19375,54606,11447,502,2711
71379,105365,36384,65194,40171,6185,-5616
70062,123747,49737,48546,75201,21516,-8242
70231,99682,33394,65788,33894,4443,-4204
50003,58142,16634,49748,8394,255,3760
71646,110121,39238,63290,46831,8356,-6665
69719,125103,51160,45566,79537,24153,-8098
67606,129289,57170,29898,99391,37708,-6107
71685,110312,39342,63256,47056,8429,-6704
70477,122330,48441,50896,71434,19581,-8237
25377,26875,7095,25370,1505,7,4368
66049,131579,65394,1582,129997,64467,-136
66318,131213,62288,13274,117939,53044,-2881
70724,102346,34836,65348,36998,5376,-4844
66881,130545,59853,21678,108867,45203,-4652
71466,118069,44660,57498,60571,13968,-8119
70242,99861,33484,65786,34075,4456,-4338
51726,60791,17548,51390,9401,336,3529
71230,106252,36968,64632,41620,6598,-5842
69655,98296,32740,65632,32664,4023,-3950
64431,83412,26004,62808,20604,1623,-386
58208,71303,21269,57530,13773,678,1913
27231,29037,7714,27218,1819,13,4478
71218,105463,36497,64938,40525,6280,-5646
69792,98287,32722,65686,32601,4106,-3891
70132,124039,50023,47986,76053,22146,-8194
54712,65080,18969,54284,10796,428,2966
68375,94169,30771,65254,28915,3121,-2885
26340,27972,7403,26332,1640,8,4497
36982,40737,11140,36914,3823,68,4735
61472,77400,23594,60424,16976,1048,778
69962,99189,33117,65910,33279,4052,-4237
71546,116473,43421,59262,57211,12284,-7921
69457,97059,32102,65710,31349,3747,-3547
67753,91783,29630,65046,26737,2707,-2415
70977,104289,35856,65154,39135,5823,-5428
69500,125552,51639,44548,81004,24952,-8055
70421,122777,48733,50622,72155,19799,-8325
66508,130911,61254,16806,114105,49702,-3616
71030,103750,35496,65516,38234,5514,-5250
71303,117928,44686,57112,60816,14191,-7982
16900,17500,4525,16900,600,0,3360
71368,118160,44803,57108,61052,14260,-8057
68447,93725,30499,65454,28271,2993,-2775
55768,67392,19894,55208,12184,560,2617
70209,123507,49522,48926,74581,21283,-8261
49881,58038,16606,49652,8386,229,3812
62256,78800,24164,60944,17856,1312,644
69078,126492,52888,41432,85060,27646,-7688
70631,102019,34613,65586,36433,5045,-4787
33866,36831,9957,33834,2997,32,4784
44593,50629,14208,44426,6203,167,4449
62861,79740,24460,61640,18100,1221,379
70496,101010,34078,65708,35302,4788,-4556
46125,52676,14856,45928,6748,197,4334
71929,111489,40025,62878,48611,9051,-7023
68391,93128,30205,65436,27692,2955,-2647
69305,126345,52504,42674,83671,26631,-7927
71598,107273,37451,64742,42531,6856,-6145
66529,88391,28117,64314,24077,2215,-1597
70039,98997,33030,65874,33123,4165,-4058
56971,69024,20420,56368,12656,603,2332
65193,85278,26776,63452,21826,1741,-801
68037,92908,30194,65040,27868,2997,-2524
68493,127838,54636,37132,90706,31361,-7226
61484,77080,23418,60488,16592,996,914
71555,105892,36628,65272,40620,6283,-5821
66386,131084,61929,14452,116632,51934,-3109
68266,128007,54987,36066,91941,32200,-7045
67520,90519,29000,65038,25481,2482,-2116
67439,90559,29056,64894,25665,2545,-2131
54263,64540,18818,53808,10732,455,2990
64902,84446,26418,63220,21226,1682,-537
65700,86203,27151,63802,22401,1898,-1055
66663,88713,28234,64490,24223,2173,-1593
46670,53412,15086,46480,6932,190,4244
7908,8036,2041,7908,128,0,1787
60720,76055,23105,59690,16365,1030,1048
71772,116531,43436,59318,57213,12454,-7978
70890,103410,35331,65496,37914,5394,-5202
67892,91981,29722,65074,26907,2818,-2347
70686,101761,34420,65842,35919,4844,-4814
30046,32200,8592,30032,2168,14,4707
31759,34294,9214,31732,2562,27,4736
70487,101251,34206,65678,35573,4809,-4586
71636,108521,38244,64066,44455,7570,-6355
71628,108434,38129,64352,44082,7276,-6356
68249,92717,30010,65394,27323,2855,-2528
61604,77502,23629,60488,17014,1116,895
67809,128837,56379,32158,96679,35651,-6457
71345,116905,43924,58114,58791,13231,-7857
70529,101566,34407,65504,36062,5025,-4727
70826,103544,35463,65236,38308,5590,-5134
62594,79377,24355,61334,18043,1260,581
54714,65424,19147,54260,11164,454,2932
56736,68864,20395,56148,12716,588,2381
71539,112353,40780,61586,50767,9953,-7062
41790,46888,13021,41692,5196,98,4608
59233,72974,21890,58388,14586,845,1734
70542,100840,33963,65828,35012,4714,-4520
69627,125189,51235,45438,79751,24189,-8090
63072,80732,24958,61632,19100,1440,200
61638,77697,23713,60542,17155,1096,791
65778,85985,27001,63966,22019,1812,-1045
51170,59893,17232,50858,9035,312,3614
68527,127921,54741,36878,91043,31649,-7205
71084,104332,35835,65324,39008,5760,-5365
67264,90343,28979,64770,25573,2494,-1965
15472,15999,4132,15470,529,2,3151
69908,124248,50333,47164,77084,22744,-8127
68415,128082,54942,36396,91686,32019,-7157
66277,88209,28095,64038,24171,2239,-1530
71696,108804,38417,63940,44864,7756,-6428
71685,113494,41438,61236,52258,10449,-7369
63845,81638,25196,62492,19146,1353,57
56833,68357,20105,56294,12063,539,2466
71168,119776,46179,54836,64940,16332,-8110
69280,125691,51946,43598,82093,25682,-7870
59086,72567,21699,58338,14229,748,1683
67071,130104,58846,24824,105280,42247,-5229
12974,13335,3424,12974,361,0,2778
71545,107301,37505,64582,42719,6963,-6095
68692,94302,30776,65500,28802,3192,-2840
40493,45251,12523,40410,4841,83,4786
12449,12778,3277,12448,330,1,2683
66564,130894,61018,17716,113178,48848,-3834
71440,116124,43309,59012,57112,12428,-7753
67958,91924,29652,65240,26684,2718,-2344
69326,95863,31459,65890,29973,3436,-3420
68678,93759,30461,65674,28085,3004,-2822
67079,130277,59098,24162,106115,42917,-5146
70239,98841,32883,66150,32691,4089,-4084
67726,129060,56788,30968,98092,36758,-6271
33813,36852,9981,33780,3072,33,4838
71178,119988,46184,55240,64748,15938,-8353
71484,115422,42846,59460,55962,12024,-7627
70965,121200,47199,53604,67596,17361,-8399
71709,110640,39549,63084,47556,8625,-6829
51722,60612,17452,51416,9196,306,3552
68556,127665,54416,37666,89999,30890,-7276
63404,80393,24660,62146,18247,1258,292
71276,119522,45817,55776,63746,15500,-8264
71852,109174,38560,64108,45066,7744,-6534
69937,124262,50210,47684,76578,22253,-8236
70866,121304,47305,53388,67916,17478,-8411
65677,86132,27128,63752,22380,1925,-1077
69548,96598,31793,66024,30574,3524,-3571
69181,126225,52533,42318,83907,26863,-7784
29020,31114,8307,29000,2114,20,4650
58563,71713,21402,57818,13895,745,1853
69722,125278,51321,45272,80006,24450,-8084
71724,108607,38226,64310,44297,7414,-6415
69724,97570,32317,65872,31698,3852,-3790
71627,108087,37962,64326,43761,7301,-6294
71042,104267,35822,65246,39021,5796,-5386
14352,14791,3808,14350,441,2,2977
39424,43758,12042,39348,4410,76,4728
71077,119169,45651,55734,63435,15343,-8089
12738,13085,3358,12738,347,0,2733
49579,57765,16558,49298,8467,281,3818
70105,99622,33375,65744,33878,4361,-4377
69317,97302,32301,65400,31902,3917,-3658
71316,118717,45244,56458,62259,14858,-8129
67968,92018,29698,65244,26774,2724,-2326
71629,109528,38830,63736,45792,7893,-6598
65595,85777,26947,63766,22011,1829,-993
71709,112529,40744,62082,50447,9627,-7237
69844,124395,50446,47006,77389,22838,-8139
66049,131584,65523,1076,130508,64973,-12
68480,93748,30552,65288,28460,3192,-2856
71622,115887,43079,59458,56429,12164,-7811
68425,93355,30316,65446,27909,2979,-2665
71734,110762,39659,62888,47874,8846,-6765
66122,131471,63907,7314,124157,58808,-1516
71425,108012,38004,64008,44004,7417,-6174
41510,46361,12826,41418,4943,92,4673
70044,99161,33119,65846,33315,4198,-4156
56214,67707,19937,55666,12041,548,2585
48795,56419,16069,48562,7857,233,4025
66051,131576,65247,2164,129412,63887,-280
70489,100452,33735,65964,34488,4525,-4449
48582,56016,15917,48364,7652,218,4009
71586,108769,38448,63746,45023,7840,-6363
59137,73119,21991,58274,14845,863,1687
70109,100419,33849,65442,34977,4667,-4411
27045,28837,7659,27038,1799,7,4475
66906,89174,28423,64656,24518,2250,-1706
54310,64778,18927,53848,10930,462,2933
71542,108832,38477,63756,45076,7786,-6315
55350,66473,19532,54818,11655,532,2801
67642,129396,57314,29536,99860,38106,-6057
48080,55424,15746,47864,7560,216,4171
59829,74017,22257,59006,15011,823,1592
44997,51165,14370,44850,6315,147,4330
70292,99656,33318,66040,33616,4252,-4213
70655,101362,34208,65892,35470,4763,-4652
56358,68038,20069,55800,12238,558,2496
67058,130092,58898,24592,105500,42466,-5165
12616,12932,3312,12616,316,0,2697
54331,64879,18960,53918,10961,413,2891
69380,96101,31552,65994,30107,3386,-3388
71442,107259,37547,64330,42929,7112,-6040
71664,107464,37534,64792,42672,6872,-6233
43941,49512,13801,43820,5692,121,4508
66637,130750,60578,19188,111562,47449,-4130
70906,102366,34729,65816,36550,5090,-4942
68503,93823,30599,65250,28573,3253,-2816
68146,128527,55695,34274,94253,33872,-6839
69764,98204,32643,65836,32368,3928,-3892
71342,105961,36719,65046,40915,6296,-5748
70714,101858,34507,65688,36170,5026,-4758
70141,123952,49929,48188,75764,21953,-8250
69193,126025,52334,42714,83311,26479,-7771
67005,89674,28692,64580,25094,2425,-1826
66861,130348,59625,22196,108152,44665,-4699
69671,97581,32339,65806,31775,3865,-3747
72034,113525,41315,61790,51735,10244,-7418
56066,67396,19814,55536,11860,530,2735
71726,114976,42348,60560,54416,11166,-7745
58866,72212,21587,58076,14136,790,1719
64067,82844,25804,62472,20372,1595,-170
25677,27271,7218,25670,1601,7,4335
69547,97352,32229,65788,31564,3759,-3640
63231,80962,25024,61828,19134,1403,232
67663,90881,29158,65130,25751,2533,-2103
67175,89534,28546,64884,24650,2291,-1790
47900,55095,15625,47690,7405,210,4043
46986,53883,15248,46774,7109,212,4269
56405,68000,20048,55808,12192,597,2563
68928,94873,31013,65694,29179,3234,-3151
71475,105876,36635,65212,40664,6263,-5759
71179,103966,35581,65608,38358,5571,-5341
67719,91473,29492,64978,26495,2741,-2228
70735,101911,34528,65710,36201,5025,-4770
64644,84078,26311,62912,21166,1732,-470
42930,48321,13457,42814,5507,116,4609
68243,128332,55461,34820,93512,33423,-6890
62204,78448,23966,61032,17416,1172,696
71367,118849,45283,56566,62283,14801,-8166
71312,118348,44905,57076,61272,14236,-8170
67197,90371,29013,64690,25681,2507,-1915
71873,114635,42092,60902,53733,10971,-7644
47938,55210,15675,47720,7490,218,4136
69777,97850,32470,65820,32030,3957,-3851
70519,122335,48383,51138,71197,19381,-8269
10210,10405,2650,10210,195,0,2244
69864,124539,50602,46670,77869,23194,-8103
71498,106559,37042,64950,41609,6548,-5883
71687,112758,40957,61688,51070,9999,-7219
70310,122777,48814,50298,72479,20012,-8276
71011,104834,36178,64956,39878,6055,-5465
62613,79561,24448,61330,18231,1283,482
44941,50875,14232,44822,6053,119,4469
62603,78921,24102,61434,17487,1169,586
67885,91714,29570,65148,26566,2737,-2318
71019,104424,35943,65076,39348,5943,-5357
28189,30133,8023,28174,1959,15,4608
71712,114387,41987,60826,53561,10886,-7601
62591,79572,24467,61276,18296,1315,503
71015,104482,35975,65064,39418,5951,-5397
49131,56845,16194,48914,7931,217,4059
65877,86851,27473,63810,23041,2067,-1158
71115,118079,44845,56778,61301,14337,-7993
70583,122759,48659,50882,71877,19701,-8380
51284,60107,17310,50974,9133,310,3608
71751,109848,39056,63472,46376,8279,-6639
68948,126994,53443,40216,86778,28732,-7598
65733,85500,26779,63884,21616,1849,-821
67458,129738,57901,27872,101866,39586,-5810
71664,113302,41292,61436,51866,10228,-7282
66571,88519,28168,64366,24153,2205,-1455
58587,71645,21356,57866,13779,721,2031
68639,127551,54270,38022,89529,30617,-7321
70069,124030,50058,47828,76202,22241,-8175
71462,117581,44262,58114,59467,13348,-8095
70173,124158,50010,48276,75882,21897,-8321
54902,65708,19254,54400,11308,502,2900
67225,129965,58494,25954,104011,41271,-5437
71090,119886,46225,54872,65014,16218,-8214
71193,119601,45862,55754,63847,15439,-8264
69576,97450,32296,65716,31734,3860,-3701
71719,114430,42026,60756,53674,10963,-7579
66231,131326,62899,11056,120270,55175,-2378
68735,93995,30570,65710,28285,3025,-2777
70699,122337,48276,51570,70767,19129,-8408
25702,27224,7189,25692,1532,10,4460
49397,57122,16277,49136,7986,261,4004
62354,79226,24330,61132,18094,1222,487
67876,129141,56611,31838,97303,36038,-6516
48039,55100,15596,47816,7284,223,4093
71433,109565,38965,63270,46295,8163,-6517
38071,42093,11542,38018,4075,53,4785
68426,93728,30504,65440,28288,2986,-2755
32716,35361,9508,32690,2671,26,4846
69666,125023,51056,45822,79201,23844,-8113
64465,83115,25839,62874,20241,1591,-257
71105,119078,45539,56000,63078,15105,-8159
41641,46411,12817,41554,4857,87,4724
51673,60755,17544,51334,9421,339,3523
66176,87079,27483,64226,22853,1950,-1242
46665,53221,14984,46506,6715,159,4374
65678,85819,26970,63758,22061,1920,-922
64563,83883,26217,62898,20985,1665,-447
21903,23015,6033,21898,1117,5,4059
53149,62770,18194,52764,10006,385,3274
70800,121101,47255,53182,67919,17618,-8293
67774,91680,29547,65172,26508,2602,-2430
71639,111775,40300,62350,49425,9289,-7055
66596,88286,28052,64364,23922,2232,-1546
64538,83373,25952,62938,20435,1600,-397
58205,70876,21060,57512,13364,693,2052
67441,90646,29096,64908,25738,2533,-1985
67255,89370,28447,64952,24418,2303,-1661
66983,89357,28510,64674,24683,2309,-1716
57688,70238,20865,57016,13222,672,2163
69529,125044,51239,45132,79912,24397,-7982
71858,111803,40205,62786,49017,9072,-7129
71482,107247,37497,64506,42741,6976,-6034
67746,91535,29495,65090,26445,2656,-2217
71010,104749,36139,64942,39807,6068,-5460
71217,104156,35696,65528,38628,5689,-5411
70511,122324,48390,51088,71236,19423,-8268
9528,9708,2472,9528,180,0,2121
66977,130344,59348,23296,107048,43681,-4957
71263,119731,45941,55698,64033,15565,-8350
54656,65383,19151,54162,11221,494,2892
71810,113209,41201,61614,51595,10196,-7334
70595,100147,33494,66318,33829,4277,-4494
64325,82714,25658,62796,19918,1529,-250
54634,65118,19013,54184,10934,450,2901
71658,111951,40397,62314,49637,9344,-7069
69709,125127,51132,45726,79401,23983,-8124
27300,29152,7755,27284,1868,16,4481
71765,113300,41226,61696,51604,10069,-7418
35496,38864,10570,35448,3416,48,4786
60290,74924,22621,59364,15560,926,1340
71728,112885,40987,61822,51063,9906,-7296
68575,127703,54476,37502,90201,31073,-7251
67008,130365,59432,23002,107363,44006,-4894
69396,125972,52148,43352,82620,26044,-7925
66163,131421,63533,8710,122711,57453,-1840
61071,76109,23031,60094,16015,977,1140
69113,95806,31495,65632,30174,3481,-3230
23719,25042,6593,23712,1330,7,4211
22530,23720,6229,22524,1196,6,4035
71076,118868,45417,56068,62800,15008,-8099
67923,128766,56219,32656,96110,35267,-6559
69618,125062,51201,45320,79742,24298,-8009
64220,82636,25648,62680,19956,1540,-162
69423,96432,31754,65848,30584,3575,-3411
59199,73106,21969,58336,14770,863,1657
69023,126367,52762,41686,84681,27337,-7692
70758,103090,35225,65280,37810,5478,-5029
66738,88694,28199,64592,24102,2146,-1559
68895,94944,31064,65632,29312,3263,-3034
64139,82423,25550,62646,19777,1493,-72
9284,9446,2402,9284,162,0,2060
67482,90595,29046,65006,25589,2476,-2097
14660,15147,3909,14658,489,2,2993
40430,45080,12456,40336,4744,94,4686
70283,100232,33674,65768,34464,4515,-4380
70823,121687,47769,52298,69389,18525,-8332
40425,45032,12431,40340,4692,85,4737
61470,77224,23527,60340,16884,1130,1016
71055,105422,36510,64804,40618,6251,-5621
53702,63626,18485,53312,10314,390,3143
63498,81323,25136,62102,19221,1396,70
66075,131511,64381,5498,126013,60577,-1082
44183,49915,13945,44050,5865,133,4459
66058,86815,27391,64066,22749,1992,-1178
65990,87155,27595,63930,23225,2060,-1073
66299,131213,62436,12682,118531,53617,-2732
69574,97175,32129,65834,31341,3740,-3627
71773,108580,38245,64180,44400,7593,-6427
71304,106220,36902,64832,41388,6472,-5730
69070,126433,52768,41794,84639,27276,-7738
71254,119913,46114,55370,64543,15884,-8308
69876,124372,50381,47220,77152,22656,-8205
71021,103472,35369,65468,38004,5553,-5159
71547,117073,43855,58726,58347,12821,-8047
61551,77332,23552,60456,16876,1095,957
63705,81864,25368,62256,19608,1449,-99
59396,73338,22019,58600,14738,796,1620
38176,42158,11550,38116,4042,60,4806
14856,15318,3945,14856,462,0,3044
71294,117383,44263,57714,59669,13580,-7968
71684,113088,41164,61520,51568,10164,-7283
71962,112628,40758,62224,50404,9738,-7278
69578,96807,31894,66038,30769,3540,-3613
66948,89084,28355,64748,24336,2200,-1762
71348,106477,37066,64690,41787,6658,-5856
69506,125455,51605,44490,80965,25016,-7967
68511,127868,54684,37000,90868,31511,-7219
68649,94356,30804,65496,28860,3153,-2936
52290,61539,17790,51918,9621,372,3410
66611,88910,28349,64424,24486,2187,-1582
70487,122484,48488,51016,71468,19471,-8280
71422,106834,37249,64672,42162,6750,-5943
58249,71114,21168,57556,13558,693,2077
71493,117249,44057,58270,58979,13223,-8011
63446,81195,25079,62074,19121,1372,132
4204,4236,1067,4204,32,0,1003
70535,101520,34361,65596,35924,4939,-4713
3966,3993,1005,3966,27,0,950
65966,86622,27303,64032,22590,1934,-1058
63849,82347,25578,62382,19965,1467,-225
66753,89035,28424,64374,24661,2379,-1613
70457,100798,33938,65844,34954,4613,-4531
71779,113330,41279,61544,51786,10235,-7404
69705,98150,32667,65632,32518,4073,-3811
66900,130485,59765,21910,108575,44990,-4679
71852,111879,40288,62606,49273,9246,-7110
66051,131571,65028,3030,128541,63021,-494
66840,89633,28737,64318,25315,2522,-1830
66124,131460,63840,7560,123900,58564,-1571
71670,114079,41813,60906,53173,10764,-7482
55991,67425,19850,55450,11975,541,2628
65069,84675,26466,63486,21189,1583,-676
35109,38484,10475,35068,3416,41,4797
71752,115135,42486,60326,54809,11426,-7693
68621,94204,30740,65448,28756,3173,-2882
64689,83762,26116,63060,20702,1629,-471
71766,109191,38547,64194,44997,7572,-6562
68595,127557,54296,37930,89627,30665,-7319
56349,68016,20061,55788,12228,561,2509
71682,109462,38767,63856,45606,7826,-6596
4426,4467,1127,4426,41,0,1060
71607,115527,42798,59862,55665,11745,-7731
