Points,Edges,Area,Perimeter,Contact_perimeter,TETRAPIXEL,Euler_General_8_Async
17573,24607,8161,16570,8037,1003,-919
11940,13848,3951,11892,1956,48,1016
17932,27108,9517,16148,10960,1784,-1563
17769,30785,12164,12914,17871,4855,-2071
17459,31326,12824,11356,19970,6103,-1945
4522,4699,1219,4522,177,0,889
14608,17865,5325,14430,3435,178,483
16477,21669,6832,16010,5659,467,-221
17699,30801,12214,12746,18055,4953,-2051
17928,26514,9183,16296,10218,1632,-1419
17942,27321,9650,16042,11279,1900,-1581
7788,8361,2235,7782,579,6,1207
16171,20753,6422,15818,4935,353,-27
10820,12167,3385,10794,1373,26,1186
10836,12231,3414,10806,1425,30,1163
18002,26963,9402,16318,10645,1684,-1533
17841,25551,8608,16670,8881,1171,-1165
16836,22450,7168,16228,6222,608,-430
14778,18261,5487,14574,3687,204,463
17673,24789,8222,16690,8099,983,-973
16650,33001,16106,1578,31423,15072,-255
17350,23686,7696,16588,7098,762,-699
17969,30006,11472,14124,15882,3845,-2047
18061,27480,9714,16104,11376,1957,-1637
17855,26153,8964,16450,9703,1405,-1317
17112,32324,14089,8292,24032,8820,-1604
18046,27857,9956,15890,11967,2156,-1708
17329,31925,13499,9854,22071,7475,-1811
12783,14933,4285,12726,2207,57,942
16744,22254,7082,16180,6074,564,-395
17536,24717,8225,16534,8183,1002,-973
17693,30607,12074,12918,17689,4775,-2012
17530,31372,12819,11468,19904,6062,-1965
16660,32989,15952,2170,30819,14490,-396
12679,14790,4241,12616,2174,63,940
17083,23272,7550,16344,6928,739,-569
6542,6928,1829,6540,388,2,1105
17764,25597,8669,16518,9079,1246,-1184
17883,30201,11650,13802,16399,4081,-2066
16869,22503,7178,16294,6209,575,-424
7904,8566,2309,7896,670,8,1167
17043,22919,7352,16430,6489,613,-571
17467,24323,8031,16522,7801,945,-863
11319,12846,3602,11284,1562,35,1130
18032,27784,9915,15908,11876,2124,-1678
14163,17024,5005,14028,2996,135,611
10901,12264,3413,10876,1388,25,1182
4324,4462,1150,4324,138,0,871
15874,20267,6246,15550,4717,324,91
17427,24433,8099,16470,7963,957,-900
17152,32164,13881,8804,23360,8348,-1662
17999,28514,10423,15336,13178,2663,-1815
13853,16675,4909,13714,2961,139,653
17805,25631,8674,16566,9065,1239,-1196
17290,24070,7941,16376,7694,914,-760
15308,19026,5744,15076,3950,232,283
8882,9673,2618,8874,799,8,1234
13939,16797,4944,13818,2979,121,646
17343,23899,7825,16498,7401,845,-788
17954,26932,9412,16216,10716,1738,-1510
16912,32624,14691,6484,26140,10428,-1296
17116,23517,7688,16282,7235,834,-635
10255,11448,3167,10228,1220,27,1179
17741,25682,8731,16440,9242,1301,-1175
17590,25413,8639,16270,9143,1320,-1120
16923,22567,7205,16314,6253,609,-425
14366,17467,5189,14178,3289,188,578
17062,23335,7599,16274,7061,788,-608
1664,1688,428,1664,24,0,387
12668,14807,4257,12586,2221,82,921
17559,24860,8316,16456,8404,1103,-992
17714,25782,8785,16424,9358,1290,-1226
17743,30584,12014,13112,17472,4631,-2054
17990,29758,11283,14384,15374,3606,-2016
17945,29129,10875,14758,14371,3187,-1883
17570,24563,8130,16606,7957,964,-973
15886,20207,6214,15558,4649,328,65
17864,30049,11572,13810,16239,4054,-2009
14482,17541,5186,14338,3203,144,585
15724,19931,6104,15446,4485,278,123
17949,29305,10985,14670,14635,3279,-1943
16094,20745,6449,15694,5051,400,-57
9124,10025,2736,9106,919,18,1228
17635,24857,8276,16610,8247,1025,-1065
10162,11413,3174,10130,1283,32,1217
15777,19866,6066,15468,4398,309,166
15433,19347,5877,15186,4161,247,229
17414,24043,7883,16554,7489,860,-842
17614,25064,8411,16484,8580,1130,-1096
12264,14191,4044,12206,1985,58,1050
17969,27028,9488,16104,10924,1865,-1505
13934,16785,4945,13790,2995,144,698
17429,24825,8345,16270,8555,1159,-964
18049,28883,10656,15142,13741,2907,-1882
16487,21662,6832,15996,5666,491,-268
13278,15551,4477,13194,2357,84,898
17442,31576,13014,11096,20480,6346,-1965
17517,31570,12982,11212,20358,6305,-1988
16559,21939,6959,16042,5897,517,-248
17093,23358,7586,16372,6986,721,-641
16777,32849,15333,4366,28483,12411,-877
16063,20745,6452,15682,5063,381,-70
16982,22844,7344,16312,6532,670,-484
12950,15211,4390,12862,2349,88,902
17774,30612,12054,13008,17604,4766,-2038
2272,2322,593,2272,50,0,498
12746,14911,4293,12650,2261,96,944
17994,27423,9698,16054,11369,1940,-1618
17708,25368,8541,16572,8796,1136,-1127
15280,19211,5851,15018,4193,262,297
17988,27105,9507,16182,10923,1806,-1540
16675,22297,7122,16106,6191,569,-387
18017,28387,10307,15546,12841,2471,-1816
3796,3914,1008,3796,118,0,779
16935,22662,7247,16336,6326,599,-490
17176,23306,7541,16448,6858,728,-627
17998,27946,10062,15644,12302,2354,-1686
17279,31831,13419,9986,21845,7293,-1803
16807,32764,15056,5304,27460,11503,-1075
17756,25560,8656,16496,9064,1260,-1151
17601,25200,8505,16380,8820,1221,-1055
11450,13048,3673,11404,1644,46,1109
15371,19335,5887,15122,4213,249,207
17000,32520,14428,7328,25192,9672,-1463
8589,9345,2528,8578,767,11,1221
17952,27567,9811,15890,11677,2062,-1607
9932,11065,3054,9914,1151,18,1203
17463,31419,12890,11278,20141,6185,-1944
18022,28520,10412,15392,13128,2630,-1816
17959,29548,11138,14544,15004,3415,-1985
17293,31987,13598,9582,22405,7711,-1773
12197,13989,3961,12134,1855,63,1042
17908,26633,9256,16242,10391,1666,-1427
17558,31340,12777,11572,19768,5986,-1985
17981,29338,11001,14672,14666,3309,-1928
15534,19550,5958,15268,4282,266,209
15169,18878,5702,14948,3930,221,395
15403,19295,5865,15130,4165,273,277
16904,22634,7244,16292,6342,612,-448
14949,18421,5518,14770,3651,179,389
15687,19655,5979,15394,4261,293,153
5846,6142,1610,5844,298,2,1074
2838,2903,742,2838,65,0,611
17161,32164,13839,8972,23192,8189,-1704
17627,24947,8336,16550,8397,1077,-1019
17742,30722,12118,12972,17750,4770,-2091
17883,26006,8867,16544,9462,1339,-1293
17373,31700,13233,10468,21232,6905,-1865
17976,27287,9628,16062,11225,1914,-1576
12504,14454,4118,12436,2018,68,1035
4782,5005,1307,4782,223,0,937
17986,29223,10909,14810,14413,3176,-1932
18016,29162,10871,14840,14322,3176,-1941
8548,9332,2532,8536,796,12,1205
3200,3300,850,3200,100,0,671
17225,23802,7800,16404,7398,821,-728
17671,25102,8422,16516,8586,1155,-1043
17843,30419,11869,13362,17057,4481,-2050
17122,23367,7588,16382,6985,740,-630
12766,14894,4272,12700,2194,66,902
17876,26466,9164,16276,10190,1600,-1386
18024,28291,10255,15562,12729,2462,-1792
15882,20206,6213,15560,4646,322,86
17935,26593,9204,16370,10223,1565,-1415
17159,23502,7658,16372,7130,787,-685
17208,23437,7616,16410,7027,798,-674
17940,29313,10990,14666,14647,3274,-1923
18058,27558,9779,16000,11558,2058,-1637
17236,32169,13811,9094,23075,8142,-1745
16345,21211,6631,15898,5313,447,-110
6549,6972,1850,6544,428,5,1091
17828,26111,8959,16386,9725,1442,-1298
17690,30821,12234,12706,18115,4984,-2043
17460,31480,12976,11056,20424,6404,-1926
17773,26284,9069,16292,9992,1481,-1342
18099,27946,9992,15924,12022,2175,-1739
18076,28441,10344,15506,12935,2570,-1819
17894,25892,8793,16612,9280,1282,-1313
17331,23827,7786,16510,7317,821,-797
18005,27082,9497,16176,10906,1829,-1520
16747,32855,15336,4366,28489,12381,-879
17653,25419,8615,16378,9041,1275,-1123
16342,21368,6706,15912,5456,430,-183
18017,29080,10814,14904,14176,3113,-1913
4492,4682,1218,4492,190,0,880
17601,31269,12692,11770,19499,5831,-2003
17875,26889,9411,16134,10755,1741,-1458
2800,2854,727,2800,54,0,604
13567,16041,4653,13470,2571,97,804
17256,32014,13597,9640,22374,7616,-1809
16746,32840,15310,4440,28400,12306,-892
8521,9380,2562,8512,868,9,1214
17930,30061,11494,14146,15915,3784,-2081
14056,17022,5041,13880,3142,176,647
16694,22345,7152,16082,6263,612,-382
15292,19098,5787,15048,4050,244,342
16789,22658,7292,16148,6510,641,-438
18110,28455,10330,15590,12865,2520,-1839
16646,33015,16168,1358,31657,15288,-206
17287,23748,7750,16496,7252,791,-693
17938,29879,11385,14218,15661,3720,-2033
17767,25698,8750,16396,9302,1371,-1217
17189,23699,7758,16366,7333,823,-709
16837,22597,7243,16222,6375,615,-431
17568,24680,8193,16588,8092,980,-921
17415,24506,8158,16380,8126,1035,-893
18028,29197,10881,14870,14327,3158,-1929
12671,14830,4267,12592,2238,79,901
7309,7845,2096,7306,539,3,1193
1899,1931,491,1898,33,1,426
16851,32658,14858,5884,26774,10967,-1171
216,216,54,216,0,0,54
17769,30354,11796,13524,16830,4245,-2070
15462,19531,5975,15162,4369,300,196
17972,29283,10951,14762,14521,3210,-1946
13444,15853,4590,13346,2507,98,837
17929,30021,11515,13982,16039,3947,-2030
17914,29149,10883,14766,14383,3148,-1917
17767,30300,11775,13500,16800,4267,-2043
15751,19867,6066,15470,4397,281,133
17762,25611,8678,16510,9101,1252,-1200
17292,23831,7800,16462,7369,830,-753
17949,29462,11099,14528,14934,3421,-1947
11107,12555,3511,11066,1489,41,1127
17756,30406,11879,13296,17110,4460,-2025
14929,18434,5543,14696,3738,233,407
16770,22377,7143,16182,6195,588,-374
17326,23896,7816,16528,7368,798,-809
5915,6227,1635,5914,313,1,1051
2628,2690,688,2628,62,0,582
17948,28812,10639,15068,13744,2880,-1855
17413,31714,13170,10748,20966,6665,-1933
10699,12064,3364,10672,1392,27,1195
17399,31693,13193,10614,21079,6785,-1886
17540,31310,12762,11572,19738,5968,-1985
16996,32526,14418,7380,25146,9616,-1477
14599,17915,5354,14414,3501,185,491
11463,13009,3649,11422,1587,41,1110
17888,30089,11584,13842,16247,4046,-2016
10222,11392,3144,10208,1184,14,1252
7452,8030,2154,7444,586,8,1146
6107,6422,1685,6104,318,3,1107
17849,26153,8988,16354,9799,1495,-1276
17685,25701,8756,16378,9323,1307,-1161
16641,33023,16363,594,32429,16047,-19
16467,21906,6974,15916,5990,551,-290
11466,13053,3670,11426,1627,40,1133
13803,16577,4866,13690,2887,113,734
12741,14851,4260,12662,2189,79,943
16784,32794,15110,5148,27646,11636,-1046
15039,18583,5586,14822,3761,217,439
17917,26149,8955,16478,9671,1439,-1293
17437,31536,12986,11128,20408,6309,-1972
17810,26670,9278,16228,10442,1582,-1450
17947,26602,9213,16352,10250,1595,-1408
17642,25022,8378,16532,8490,1110,-1044
10224,11402,3152,10196,1206,28,1203
16022,20598,6384,15660,4938,362,7
7850,8471,2275,7842,629,8,1230
16866,32674,14810,6108,26566,10758,-1229
17956,29286,10970,14692,14594,3264,-1938
14256,17167,5059,14098,3069,158,646
17880,27059,9529,16002,11057,1878,-1476
17441,24622,8205,16424,8198,1017,-904
17154,23102,7426,16500,6602,654,-580
17445,24506,8137,16464,8042,981,-942
17950,28232,10256,15440,12792,2510,-1744
16796,32736,15047,5284,27452,11512,-1052
14443,17581,5221,14278,3303,165,618
17679,25081,8390,16602,8479,1077,-1069
5434,5722,1503,5432,290,2,988
18052,27134,9514,16212,10922,1840,-1554
16712,32930,15545,3680,29250,13032,-744
17586,31318,12723,11744,19574,5842,-2028
16168,20955,6541,15746,5209,422,-74
15398,19387,5913,15122,4265,276,264
17711,26023,8959,16210,9813,1501,-1256
17675,30982,12376,12460,18522,5215,-2041
17650,25309,8541,16454,8855,1196,-1077
15454,19367,5887,15186,4181,268,272
9457,10436,2858,9440,996,17,1190
17273,23550,7641,16536,7014,737,-729
15847,20322,6294,15468,4854,379,47
15940,20488,6356,15552,4936,388,-18
14593,17781,5292,14394,3387,199,567
16668,32968,15792,2768,30200,13900,-535
17704,30520,11995,13060,17460,4644,-2031
17263,23880,7835,16420,7460,843,-763
17846,26457,9175,16214,10243,1632,-1368
15777,19839,6047,15490,4349,287,158
17863,27334,9721,15784,11550,2079,-1539
15215,18871,5693,14970,3901,245,354
17705,25477,8620,16474,9003,1231,-1153
1688,1712,434,1688,24,0,384
14383,17336,5113,14220,3116,163,617
17588,24835,8284,16534,8301,1054,-964
18033,29574,11120,14668,14906,3365,-2027
15983,20808,6519,15540,5268,443,-102
10729,12026,3338,10700,1326,29,1166
16866,32680,14851,5956,26724,10910,-1192
16961,22455,7133,16378,6077,583,-408
11885,13561,3821,11838,1723,47,1076
17528,24995,8395,16410,8585,1118,-980
1054,1065,269,1054,11,0,249
17000,23128,7510,16216,6912,784,-564
10752,12060,3348,10728,1332,24,1126
17488,24252,7985,16564,7688,924,-819
13788,16585,4880,13650,2935,138,729
17258,32087,13693,9402,22685,7856,-1778
17896,26384,9120,16288,10096,1608,-1351
17429,31620,13079,10924,20696,6505,-1948
16645,21850,6882,16172,5678,473,-290
16643,22039,6990,16118,5921,525,-344
16667,32992,15936,2240,30752,14427,-415
17374,24400,8108,16368,8032,1006,-887
1188,1200,303,1188,12,0,280
11689,13359,3770,11638,1721,51,1079
16649,32999,16080,1678,31321,14971,-279
16428,21724,6895,15868,5856,560,-265
14536,17854,5341,14344,3510,192,479
17958,26680,9255,16340,10340,1618,-1447
16507,21763,6889,15970,5793,537,-265
16752,32853,15331,4382,28471,12370,-884
16917,22966,7434,16196,6770,721,-536
11833,13493,3797,11798,1695,35,1094
17416,31519,13009,11002,20517,6414,-1925
16592,21895,6929,16074,5821,518,-294
17813,26248,9058,16264,9984,1549,-1314
12434,14515,4168,12358,2157,76,932
17752,25752,8760,16464,9288,1288,-1213
14322,17322,5120,14164,3158,158,615
16664,32987,15938,2222,30765,14442,-408
16936,32604,14655,6588,26016,10348,-1316
8208,8896,2397,8204,692,4,1189
16984,32543,14475,7186,25357,9798,-1438
10762,12100,3367,10732,1368,30,1180
15442,19426,5921,15168,4258,274,204
12514,14495,4133,12458,2037,56,1023
17853,30097,11590,13834,16263,4019,-2015
17855,26151,8974,16406,9745,1449,-1305
16122,20827,6481,15730,5097,392,-75
5062,5269,1369,5062,207,0,944
15461,19232,5813,15212,4020,249,291
17946,26761,9318,16250,10511,1696,-1424
18040,28415,10355,15410,13005,2630,-1770
17852,30436,11858,13440,16996,4412,-2059
1456,1466,369,1456,10,0,346
17916,29564,11198,14336,15228,3580,-1961
11558,13073,3656,11522,1551,36,1113
18002,29228,10914,14800,14428,3202,-1934
13090,15597,4553,12982,2615,108,810
18061,28401,10324,15506,12895,2555,-1816
17691,25373,8555,16526,8847,1165,-1095
18001,28221,10206,15618,12603,2383,-1773
5853,6190,1632,5852,338,1,1054
6471,6848,1807,6468,380,3,1131
16831,22632,7269,16188,6444,643,-422
17932,26899,9401,16194,10705,1738,-1487
17948,28396,10355,15372,13024,2576,-1770
5235,5507,1445,5234,273,1,959
14420,17592,5232,14256,3336,164,565
17625,25048,8395,16516,8532,1109,-1053
17738,30847,12262,12646,18201,5092,-2038
16048,20497,6330,15674,4823,374,46
17550,31327,12748,11662,19665,5888,-1995
17923,26845,9362,16242,10603,1681,-1460
17285,32041,13625,9582,22459,7703,-1809
16644,33021,16220,1162,31859,15482,-160
17885,26702,9306,16180,10522,1705,-1431
17119,32318,14087,8288,24030,8831,-1604
17673,31032,12427,12356,18676,5317,-2044
17959,26242,9002,16476,9766,1483,-1346
15900,20232,6223,15572,4660,328,34
17433,24428,8094,16480,7948,953,-874
17895,26950,9476,15996,10954,1899,-1466
9940,11094,3067,9920,1174,20,1182
8112,8762,2354,8108,654,4,1195
16717,32898,15498,3804,29094,12913,-763
17658,31129,12523,12166,18963,5492,-2038
17919,27359,9694,15942,11417,1977,-1577
17922,27164,9563,16076,11088,1846,-1533
16935,32581,14621,6678,25903,10257,-1329
16309,21216,6638,15880,5336,429,-114
17489,31436,12894,11296,20140,6193,-1972
16969,32528,14535,6916,25612,10053,-1362
12258,14125,4012,12202,1923,56,956
9008,9799,2650,8998,801,10,1233
17997,28841,10631,15158,13683,2839,-1889
11491,12908,3588,11464,1444,27,1154
17593,31043,12462,12238,18805,5355,-2017
17918,28701,10576,15098,13603,2820,-1798
6676,7127,1895,6674,453,2,1083
15688,19729,6017,15390,4339,298,165
16665,21947,6933,16162,5785,503,-278
15654,19895,6122,15302,4593,352,169
16777,22291,7088,16230,6061,547,-395
16941,22886,7384,16236,6650,705,-449
9406,10356,2830,9392,964,14,1226
17847,26073,8923,16454,9619,1393,-1323
17573,31348,12779,11580,19768,5993,-1984
16737,32859,15414,4062,28797,12675,-805
16642,33021,16268,970,32051,15672,-112
17802,26337,9117,16206,10131,1596,-1354
3673,3778,971,3672,106,1,753
17825,30201,11669,13726,16475,4099,-2048
2972,3054,784,2972,82,0,634
16126,20821,6475,15742,5079,384,-26
15786,20125,6204,15434,4691,352,143
14207,17239,5109,14042,3197,165,578
17983,27152,9552,16096,11056,1887,-1529
17756,25774,8764,16492,9282,1264,-1228
16644,33009,16181,1294,31715,15350,-187
1016,1026,259,1016,10,0,241
18129,27953,9998,15914,12039,2215,-1703
12989,15305,4432,12882,2423,107,900
16017,20507,6344,15638,4869,379,7
17752,25545,8654,16474,9071,1278,-1155
17970,29875,11397,14162,15713,3808,-2002
17047,32368,14202,7928,24440,9119,-1539
16948,32547,14535,6954,25593,9994,-1382
15399,19422,5935,15104,4318,295,270
18048,28967,10716,15070,13897,2978,-1917
17651,25207,8477,16506,8701,1145,-1067
17813,26088,8962,16328,9760,1485,-1265
17245,23819,7806,16414,7405,831,-729
13202,15631,4543,13090,2541,112,848
2266,2305,586,2266,39,0,510
17014,22915,7374,16334,6581,680,-563
17762,26008,8918,16344,9664,1418,-1247
17997,28505,10417,15342,13163,2655,-1824
17680,31095,12458,12358,18737,5322,-2067
17463,31659,13096,10934,20725,6529,-1955
12931,15261,4422,12834,2427,97,897
17909,29599,11189,14442,15157,3467,-2001
16863,32711,14839,6066,26645,10797,-1236
18122,29402,10980,14884,14518,3238,-1997
17904,26912,9413,16172,10740,1732,-1469
10050,11167,3075,10034,1133,16,1208
16794,32802,15166,4940,27862,11854,-1000
16709,22457,7204,16098,6359,611,-451
16646,33012,16139,1468,31544,15178,-232
6971,7431,1973,6970,461,1,1143
12628,14664,4188,12576,2088,52,947
18018,28476,10405,15332,13144,2686,-1799
17728,25882,8840,16404,9478,1324,-1229
16492,21611,6798,16030,5581,462,-243
14792,18134,5414,14612,3522,180,495
13625,16202,4722,13516,2686,109,796
17962,26940,9405,16260,10680,1702,-1510
15532,19593,5978,15274,4319,258,170
8187,8910,2412,8172,738,15,1193
17803,30267,11746,13550,16717,4253,-2023
17604,25023,8387,16498,8525,1106,-1053
16912,32612,14669,6548,26064,10364,-1310
15829,20183,6221,15482,4701,347,122
17891,27399,9757,15770,11629,2121,-1559
10396,11581,3198,10370,1211,26,1185
15801,20162,6213,15472,4690,329,79
9597,10600,2904,9584,1016,13,1202
12691,14832,4264,12608,2224,83,953
9751,10810,2973,9728,1082,23,1213
13840,16548,4841,13732,2816,108,744
7577,8137,2176,7570,567,7,1159
17882,29100,10855,14780,14320,3102,-1870
11451,13036,3663,11420,1616,31,1072
14958,18578,5603,14744,3834,214,327
17952,28848,10666,15032,13816,2920,-1881
17753,25521,8620,16562,8959,1191,-1149
15552,19675,6023,15258,4417,294,168
14844,18169,5421,14654,3515,190,452
6433,6819,1802,6430,389,3,1121
17761,30450,11913,13248,17202,4513,-2033
17760,25204,8437,16660,8544,1100,-1113
16684,32975,15850,2550,30425,14134,-485
16812,32772,15055,5324,27448,11488,-1078
12093,13926,3950,12052,1874,41,1049
17853,30417,11819,13558,16859,4295,-2097
17851,30384,11826,13464,16920,4387,-2029
15903,20243,6221,15602,4641,301,103
7230,7734,2060,7228,506,2,1188
17767,30505,11949,13214,17291,4553,-2045
17195,32205,13875,8910,23295,8285,-1713
17826,26280,9051,16356,9924,1470,-1337
2518,2561,651,2518,43,0,547
16399,21514,6781,15904,5610,495,-178
15447,19455,5936,15166,4289,281,263
18099,28007,10061,15770,12237,2329,-1750
16986,23012,7439,16268,6744,718,-536
17748,25472,8601,16540,8932,1208,-1170
18032,27151,9516,16238,10913,1794,-1547
17625,24751,8218,16630,8121,995,-952
17854,30376,11803,13540,16836,4314,-2065
14291,17269,5097,14150,3119,141,595
15340,19206,5833,15080,4126,260,257
17843,30135,11634,13734,16401,4109,-2019
17482,24638,8196,16492,8146,990,-917
16498,21640,6817,16012,5628,486,-197
17593,25077,8425,16454,8623,1139,-1042
17917,26520,9188,16288,10232,1629,-1413
17477,24456,8094,16536,7920,941,-922
18082,28012,10064,15768,12244,2314,-1747
17955,28470,10399,15344,13126,2611,-1787
17647,24786,8240,16612,8174,1035,-998
16906,22642,7241,16320,6322,586,-498
17056,23171,7502,16334,6837,722,-622
17867,26285,9047,16382,9903,1485,-1341
6511,6912,1829,6508,404,3,1100
17923,28943,10752,14878,14065,3045,-1886
17905,26862,9398,16132,10730,1773,-1447
17835,26346,9083,16360,9986,1475,-1381
17308,31861,13427,10014,21847,7294,-1838
16659,32976,15898,2360,30616,14299,-438
16675,32954,15803,2696,30258,13979,-512
8504,9237,2496,8490,747,14,1204
17643,31196,12558,12160,19036,5483,-2073
17142,23369,7587,16390,6979,752,-666
17990,27868,10006,15712,12156,2278,-1646
17798,30213,11724,13530,16683,4268,-1995
18041,27422,9691,16080,11342,1961,-1623
16721,32920,15567,3572,29348,13149,-712
17727,30974,12366,12484,18490,5243,-2035
9976,11083,3052,9958,1125,18,1196
17762,25994,8901,16384,9610,1378,-1295
14097,17079,5052,13950,3129,147,671
17584,31195,12604,11974,19221,5610,-2032
17759,30189,11701,13574,16615,4185,-2008
18033,27729,9883,15926,11803,2107,-1665
16792,22415,7165,16170,6245,622,-387
10805,12085,3349,10774,1311,31,1169
18054,27602,9805,15984,11618,2070,-1638
16966,22988,7428,16264,6724,702,-560
16573,21764,6855,16108,5656,465,-253
17707,30870,12293,12568,18302,5139,-2012
17992,29427,11024,14758,14669,3234,-1977
17411,31641,13140,10722,20919,6689,-1897
17860,30331,11749,13666,16665,4194,-2082
13111,15290,4388,13028,2262,83,919
14315,17364,5138,14176,3188,139,660
17205,31941,13596,9498,22443,7707,-1748
17995,28169,10213,15486,12683,2509,-1743
16955,32557,14531,6990,25567,9965,-1390
17547,24497,8092,16626,7871,921,-928
16668,32967,15817,2666,30301,14002,-509
15534,19546,5946,15308,4238,226,202
17313,31950,13488,9948,22002,7365,-1842
18054,28995,10724,15094,13901,2960,-1880
13556,16048,4664,13440,2608,116,827
17646,24916,8306,16608,8308,1038,-1044
16898,32666,14760,6292,26374,10606,-1273
16187,21004,6552,15800,5204,387,-138
17032,23329,7594,16282,7047,750,-616
15383,19287,5867,15106,4181,277,257
17430,24576,8178,16440,8136,990,-911
8809,9572,2585,8804,768,5,1255
18002,27417,9709,15998,11419,2004,-1601
4949,5198,1362,4948,250,1,930
4334,4492,1163,4332,160,2,861
16867,22409,7137,16270,6139,597,-414
3070,3133,799,3070,63,0,649
17336,31831,13364,10206,21625,7130,-1862
10184,11311,3113,10170,1141,14,1147
17650,31123,12505,12226,18897,5424,-2049
17736,25518,8620,16556,8962,1180,-1184
14833,18273,5481,14622,3651,211,423
17802,30554,11960,13268,17286,4534,-2057
12614,14588,4158,12544,2044,70,972
17923,26651,9260,16262,10389,1661,-1434
1410,1435,365,1410,25,0,331
17761,30302,11809,13368,16934,4393,-1996
17795,26125,8989,16294,9831,1501,-1260
16650,33012,16122,1536,31476,15114,-249
17942,27428,9738,15904,11524,2038,-1610
10336,11554,3200,10308,1246,28,1235
17993,28414,10372,15340,13074,2653,-1753
3134,3223,828,3134,89,0,676
16292,21195,6629,15874,5321,418,-133
16027,20922,6558,15612,5310,415,-42
17075,32294,14088,8236,24058,8839,-1578
6796,7261,1932,6794,467,2,1128
15236,19013,5765,14966,4047,270,295
11431,13040,3674,11384,1656,47,1097
18038,28175,10176,15646,12529,2392,-1751
17077,22974,7388,16396,6578,681,-536
16641,33024,16366,584,32440,16057,-17
17910,28284,10297,15380,12904,2530,-1763
17803,29746,11362,14044,15702,3759,-1921
17772,30163,11690,13566,16597,4206,-1991
17501,31333,12792,11498,19835,6003,-1981
17933,26806,9339,16256,10550,1677,-1475
17850,30139,11647,13690,16449,4160,-1999
8807,9632,2617,8796,836,11,1203
17742,25632,8717,16396,9236,1346,-1196
14061,16789,4906,13954,2835,107,713
17222,23843,7831,16362,7481,860,-776
12998,15349,4450,12898,2451,100,848
17996,28963,10731,15002,13961,2994,-1878
13631,16124,4678,13536,2588,95,790
17142,23524,7677,16340,7184,802,-650
17882,26457,9153,16302,10155,1580,-1385
16655,32997,16001,1990,31007,14665,-355
17936,27088,9522,16088,11000,1848,-1510
17974,29850,11367,14232,15618,3742,-2028
16437,21569,6792,15970,5599,467,-206
15460,19411,5917,15154,4257,306,211
17455,24416,8076,16528,7888,927,-916
16530,21702,6837,16056,5646,474,-248
16819,22555,7226,16206,6349,613,-423
18007,28271,10239,15586,12685,2421,-1755
16601,21856,6905,16092,5764,509,-294
17810,25635,8683,16538,9097,1272,-1189
16531,21788,6888,16024,5764,507,-288
17690,26024,8946,16264,9760,1426,-1245
10530,11844,3296,10504,1340,26,1124
17512,25168,8523,16244,8924,1268,-1022
7415,7968,2131,7412,556,3,1167
17230,32016,13674,9336,22680,7894,-1722
8448,9247,2514,8438,809,10,1204
17831,29808,11402,14008,15800,3823,-1967
16693,22107,7015,16154,5953,539,-354
13897,16653,4883,13774,2879,123,724
17926,29428,11076,14552,14876,3374,-1947
16033,20435,6296,15686,4749,347,28
17011,32491,14386,7438,25053,9573,-1480
12403,14375,4104,12334,2041,69,972
17908,29862,11395,14144,15718,3764,-2023
17946,27953,10077,15598,12355,2348,-1643
17875,26119,8947,16450,9669,1425,-1299
14076,17003,5016,13942,3061,134,663
11510,13082,3674,11468,1614,42,1124
14607,17931,5361,14418,3513,189,490
16453,21639,6833,15946,5693,507,-237
17689,25522,8665,16384,9138,1305,-1137
17430,24591,8205,16362,8229,1068,-918
15205,19025,5773,14958,4067,247,291
17962,26521,9170,16362,10159,1600,-1381
17133,23569,7693,16366,7203,767,-710
3206,3287,842,3206,81,0,683
15003,18403,5498,14814,3589,189,460
17419,31549,13057,10870,20679,6549,-1887
4571,4751,1233,4570,181,1,892
12717,14823,4248,12654,2169,63,946
17970,29396,11035,14652,14744,3318,-1973
11870,13657,3872,11826,1831,44,1041
17401,31748,13235,10556,21192,6845,-1920
18011,27370,9665,16080,11290,1931,-1624
17982,27952,10058,15672,12280,2310,-1702
17178,23437,7619,16398,7039,780,-659
17472,24135,7917,16602,7533,870,-826
17193,32238,13949,8680,23558,8513,-1663
17380,31793,13295,10406,21387,6974,-1895
16066,20650,6402,15692,4958,374,-27
16877,22490,7168,16308,6182,569,-467
14651,17910,5334,14484,3426,167,491
17811,26020,8893,16468,9552,1343,-1297
17016,22830,7327,16352,6478,664,-535
17992,26665,9230,16410,10255,1582,-1445
17744,25407,8557,16586,8821,1158,-1172
17400,31598,13066,10932,20666,6468,-1947
17537,24653,8194,16530,8123,1007,-932
16848,32737,14924,5778,26959,11070,-1174
17982,27006,9476,16108,10898,1874,-1494
14108,17046,5029,13976,3070,132,685
16646,33010,16163,1368,31642,15278,-206
5238,5501,1441,5238,263,0,945
16310,21373,6720,15866,5507,444,-154
17709,30664,12129,12812,17852,4897,-1995
16177,20968,6540,15776,5192,401,-82
17204,32099,13734,9262,22837,7942,-1748
17585,24874,8296,16564,8310,1021,-1048
17965,29353,11026,14602,14751,3363,-1943
17474,24623,8185,16506,8117,968,-957
17919,26307,9040,16454,9853,1465,-1371
16026,20509,6334,15682,4827,344,28
16642,33024,16338,696,32328,15946,-45
5943,6277,1653,5942,335,1,1050
16760,22341,7121,16198,6143,562,-430
17287,23772,7777,16436,7336,851,-706
18045,27610,9821,15936,11674,2109,-1621
17062,32293,14104,8170,24123,8892,-1567
16640,21855,6899,16114,5741,526,-291
17495,24296,8000,16592,7704,903,-893
17850,25766,8740,16572,9194,1278,-1223
17840,26199,9019,16322,9877,1518,-1320
11471,13065,3677,11422,1643,49,1136
12131,14116,4042,12064,2052,67,1001
8654,9442,2560,8644,798,10,1201
17902,26734,9312,16220,10514,1682,-1421
17642,24668,8159,16700,7968,942,-970
17114,32242,13994,8508,23734,8606,-1625
9917,11014,3032,9900,1114,17,1192
10750,12064,3353,10716,1348,34,1174
13309,15666,4531,13208,2458,101,852
16659,32976,15856,2528,30448,14131,-482
6346,6717,1772,6346,371,0,1113
6291,6629,1742,6290,339,1,1107
17822,30568,11951,13332,17236,4490,-2059
17874,26974,9477,16040,10934,1834,-1465
16733,32883,15383,4234,28649,12499,-859
10599,11952,3332,10576,1376,23,1151
4248,4392,1134,4248,144,0,871
16063,20874,6537,15600,5274,463,-26
16798,32767,15024,5438,27329,11360,-1106
17183,32149,13795,9118,23031,8065,-1734
14924,18269,5451,14734,3535,190,446
17980,27192,9546,16200,10992,1780,-1561
17491,31629,13102,10850,20779,6641,-1933
17594,24793,8249,16590,8203,1004,-1019
18010,28399,10329,15482,12917,2528,-1799
18024,28615,10470,15350,13265,2674,-1831
14120,16981,4995,13982,2999,138,669
17289,23717,7736,16490,7227,799,-696
16095,20647,6391,15730,4917,365,34
17201,32178,13809,9120,23058,8081,-1741
16516,21519,6732,16110,5409,406,-230
15037,18704,5654,14792,3912,245,336
12777,14859,4252,12710,2149,67,974
17523,24802,8283,16472,8330,1051,-968
15780,20095,6187,15442,4653,338,141
12709,14817,4249,12638,2179,71,932
17834,25933,8850,16466,9467,1368,-1247
17848,29665,11282,14202,15463,3646,-1930
17976,28954,10714,15052,13902,2924,-1886
4820,5008,1299,4820,188,0,927
16913,22706,7285,16272,6434,641,-459
16107,20779,6463,15706,5073,401,-55
16198,20966,6539,15776,5190,422,-69
17348,31882,13403,10152,21730,7196,-1863
17981,29899,11378,14286,15613,3695,-2049
16949,22692,7282,16256,6436,693,-452
16005,20547,6369,15618,4929,387,4
17008,32528,14477,7148,25380,9860,-1414
15981,20507,6352,15606,4901,375,-41
5593,5894,1549,5592,302,1,1039
14851,18290,5482,14652,3638,199,428
12022,13798,3910,11956,1842,66,1018
15357,19243,5851,15082,4161,275,304
17822,30423,11863,13394,17029,4428,-2061
18029,27050,9437,16352,10698,1677,-1545
17310,23918,7846,16452,7466,858,-763
9691,10752,2958,9672,1080,19,1220
17254,32145,13776,9186,22959,8068,-1744
17395,31643,13152,10678,20965,6717,-1900
17971,26993,9461,16142,10851,1829,-1478
17879,26867,9422,16046,10821,1833,-1483
18018,27531,9760,16022,11509,1996,-1623
17915,29798,11335,14256,15542,3659,-2015
16262,21100,6590,15840,5260,422,-124
17718,26033,8955,16246,9787,1472,-1253
17832,30494,11876,13484,17010,4348,-2091
17044,32368,14183,8004,24364,9040,-1562
8888,9730,2645,8880,850,8,1247
18056,27699,9870,15918,11781,2138,-1646
16778,22573,7248,16154,6419,624,-470
17981,27311,9652,16014,11297,1967,-1565
18029,29148,10817,15028,14120,3001,-1952
16883,32686,14825,6072,26614,10811,-1224
15036,18534,5559,14832,3702,204,405
14493,17662,5253,14312,3350,181,618
16848,22402,7129,16288,6114,560,-426
17680,25442,8593,16512,8930,1168,-1162
17159,23264,7513,16476,6788,683,-628
9440,10394,2840,9428,966,12,1243
16973,32519,14498,7046,25473,9927,-1396
17195,32134,13764,9212,22922,7983,-1751
17918,29967,11467,14066,15901,3852,-2053
13592,16275,4772,13462,2813,130,765
15990,20613,6409,15590,5023,400,-4
14291,17456,5202,14104,3352,187,522
15078,18636,5606,14848,3788,230,427
18016,28737,10564,15218,13519,2798,-1847
17560,24736,8217,16604,8132,956,-965
17538,24767,8263,16482,8285,1056,-992
16926,32554,14582,6780,25774,10146,-1341
8504,9242,2497,8496,746,8,1238
17990,28412,10338,15472,12940,2518,-1832
17930,29793,11349,14190,15603,3740,-1998
17838,29748,11349,14100,15648,3738,-1971
15558,19573,5967,15278,4295,280,211
10454,11588,3187,10428,1160,26,1253
17920,26304,9048,16416,9888,1504,-1352
17691,25644,8727,16380,9264,1311,-1173
17048,32471,14343,7570,24901,9478,-1498
11723,13467,3816,11670,1797,53,1081
15671,19850,6088,15348,4502,323,135
17862,26652,9278,16192,10460,1670,-1423
17869,30024,11555,13828,16196,4041,-1988
17127,23340,7566,16416,6924,711,-655
18050,28043,10104,15670,12373,2380,-1700
17453,24577,8180,16434,8143,1019,-945
16694,21932,6921,16180,5752,514,-289
17933,26673,9263,16294,10379,1639,-1445
16674,32976,15836,2608,30368,14066,-500
13130,15539,4508,13046,2493,84,814
9397,10375,2842,9382,993,15,1243
18002,28131,10163,15610,12521,2392,-1735
17964,27238,9605,16056,11182,1908,-1548
17693,25661,8740,16362,9299,1331,-1172
18003,27345,9670,16010,11335,1993,-1568
17961,27907,10015,15754,12153,2207,-1712
15959,20447,6327,15586,4861,373,-6
16789,32794,15121,5104,27690,11685,-1035
17973,29570,11151,14536,15034,3437,-1984
17072,23012,7405,16404,6608,668,-578
12211,14100,4012,12152,1948,59,1020
17887,26756,9336,16168,10588,1719,-1432
18029,28742,10548,15292,13450,2737,-1871
18068,27918,9986,15892,12026,2176,-1724
17473,31518,12938,11284,20234,6189,-1995
17661,25644,8745,16308,9336,1353,-1123
17346,31792,13321,10300,21492,7046,-1867
17920,29973,11468,14074,15899,3846,-2033
16866,32692,14854,5968,26724,10898,-1206
17177,23450,7620,16420,7030,757,-629
17901,26350,9067,16432,9918,1469,-1388
2126,2167,552,2126,41,0,484
16796,32803,15167,4938,27865,11858,-998
15466,19268,5833,15204,4064,262,286
7079,7552,2007,7076,476,3,1165
13726,16419,4807,13610,2809,116,760
17601,24942,8335,16544,8398,1057,-1030
15649,19894,6112,15340,4554,309,162
16643,33019,16234,1102,31917,15541,-144
10352,11478,3155,10336,1142,16,1180
6175,6526,1720,6172,354,3,1070
17955,27589,9845,15798,11791,2157,-1616
16897,22633,7247,16278,6355,619,-437
16487,21517,6752,16026,5491,461,-231
16879,22656,7259,16276,6380,603,-428
17252,23622,7707,16416,7206,836,-697
17858,29829,11387,14110,15719,3748,-1983
16831,22509,7193,16246,6263,585,-431
13936,16714,4904,13812,2902,124,729
16770,22291,7095,16202,6089,568,-368
17428,31465,12984,10994,20471,6434,-1910
14717,18087,5420,14494,3593,223,503
16642,33020,16280,920,32100,15722,-99
17855,26051,8927,16394,9657,1461,-1279
18016,28199,10215,15538,12661,2478,-1749
16691,32963,15736,2982,29981,13709,-586
14378,17478,5185,14216,3262,162,548
17558,24416,8053,16620,7796,938,-907
8640,9455,2572,8622,833,18,1184
16963,32623,14570,6966,25657,9997,-1414
17758,30257,11762,13466,16791,4292,-1997
17957,27392,9701,15980,11412,1977,-1589
17630,25624,8728,16336,9288,1294,-1191
18038,27801,9947,15814,11987,2224,-1656
16451,21537,6769,15998,5539,453,-217
16356,21247,6647,15906,5341,450,-100
4,4,1,4,0,0,1
17149,32223,13948,8654,23569,8495,-1650
18015,27157,9543,16142,11015,1873,-1594
16840,32751,14981,5578,27173,11262,-1134
18017,28835,10613,15218,13617,2799,-1908
17644,25004,8368,16536,8468,1108,-1058
16895,22589,7214,16322,6267,573,-462
7541,8078,2154,7540,538,1,1186
17701,25276,8498,16560,8716,1141,-1098
15112,18737,5651,14870,3867,242,356
11768,13536,3840,11712,1824,56,1019
16056,20702,6440,15644,5058,412,-33
17267,23682,7723,16472,7210,795,-718
17902,26745,9334,16154,10591,1748,-1457
17931,26420,9106,16416,10004,1515,-1378
11972,13813,3925,11926,1887,46,1083
13970,16805,4945,13830,2975,140,711
17220,23928,7872,16368,7560,852,-742
15685,19806,6055,15392,4414,293,100
17362,24187,7980,16454,7733,908,-838
17809,30425,11847,13462,16963,4347,-2085
16905,22737,7314,16218,6519,687,-450
16506,21709,6845,16038,5671,468,-227
17481,24663,8218,16454,8209,1027,-975
16733,22074,6982,16220,5854,513,-334
15228,18964,5734,14992,3972,236,352
18004,28532,10431,15340,13192,2664,-1798
13584,16176,4719,13476,2700,108,744
16974,22963,7410,16286,6677,688,-529
7177,7666,2040,7172,494,5,1141
8958,9786,2655,8952,834,6,1215
17440,24139,7927,16570,7569,870,-818
18031,27887,10000,15774,12113,2257,-1684
16398,21396,6720,15912,5484,486,-170
17754,30516,11985,13092,17424,4662,-2014
14046,16906,4980,13892,3014,154,705
17422,31602,13094,10828,20774,6594,-1906
11764,13453,3796,11722,1731,42,1120
17898,27277,9655,15934,11343,1964,-1492
220,220,55,220,0,0,55
2952,3014,769,2952,62,0,646
792,796,200,792,4,0,190
16630,21817,6870,16154,5663,476,-279
8563,9280,2501,8556,724,7,1242
16234,21046,6572,15804,5242,430,-69
14262,17297,5120,14114,3183,148,579
9390,10295,2803,9378,917,12,1212
5860,6170,1621,5856,314,4,1047
17413,23940,7817,16612,7328,801,-766
14002,16921,4996,13858,3063,144,670
17034,23123,7473,16354,6769,680,-578
16650,32997,16089,1638,31359,15012,-267
9327,10310,2828,9308,1002,19,1242
17258,23628,7699,16460,7168,798,-704
14232,17169,5065,14078,3091,154,615
17939,27195,9593,16018,11177,1921,-1544
16852,32688,14830,6056,26632,10796,-1219
15447,19462,5943,15152,4310,295,210
14798,18154,5421,14624,3530,174,426
18013,26912,9388,16272,10640,1741,-1513
17926,27074,9527,16040,11034,1886,-1522
16646,33013,16187,1278,31735,15368,-185
15743,19912,6089,15468,4444,275,143
17497,24325,8011,16606,7719,891,-870
18113,28098,10088,15844,12254,2269,-1790
16353,21389,6717,15910,5479,443,-176
13333,15862,4626,13220,2642,113,794
15417,19234,5833,15136,4098,281,281
17919,29199,10901,14794,14405,3125,-1901
17395,31706,13215,10552,21154,6843,-1886
16603,22087,7033,16042,6045,561,-305
16732,32857,15410,4074,28783,12658,-810
17887,26532,9204,16248,10284,1639,-1408
16844,32750,14977,5592,27158,11252,-1139
16725,22082,6988,16212,5870,513,-348
17599,24681,8175,16662,8019,937,-933
17935,29903,11424,14110,15793,3825,-2022
17251,23770,7778,16428,7342,823,-740
14029,16899,4974,13902,2997,127,661
17350,31856,13359,10276,21580,7074,-1887
18056,27035,9463,16218,10817,1838,-1515
5921,6260,1650,5920,340,1,1038
17770,25290,8488,16628,8662,1142,-1102
17405,24205,7979,16494,7711,911,-845
17263,31920,13530,9720,22200,7543,-1779
17701,25220,8481,16516,8704,1185,-1062
6584,6990,1850,6580,410,4,1129
17454,24336,8028,16560,7776,894,-871
16637,21975,6965,16090,5885,547,-338
17811,30362,11799,13528,16834,4283,-2054
15461,19488,5945,15196,4292,265,191
3661,3786,978,3660,126,1,736
18042,28838,10614,15220,13618,2822,-1896
17209,23369,7562,16490,6879,719,-654
17134,23597,7723,16302,7295,832,-696
16350,21331,6689,15906,5425,444,-166
17602,25056,8401,16508,8548,1094,-1052
7696,8295,2225,7690,605,6,1182
14552,17858,5336,14372,3486,180,528
13769,16427,4800,13654,2773,115,722
17923,28984,10788,14816,14168,3107,-1855
16709,22100,7009,16164,5936,545,-341
11233,12681,3540,11202,1479,31,1144
17578,25023,8407,16418,8605,1160,-1004
17978,29069,10788,14986,14083,2992,-1921
17995,27845,9993,15718,12127,2277,-1662
18034,29214,10879,14912,14302,3122,-1953
6890,7387,1973,6882,505,8,1112
17694,25442,8598,16492,8950,1202,-1148
18068,27526,9750,16052,11474,2016,-1654
17063,32407,14212,7966,24441,9097,-1566
17988,26647,9213,16442,10205,1546,-1461
18050,28426,10315,15592,12834,2458,-1827
12818,15060,4346,12736,2324,82,927
17777,30237,11753,13462,16775,4315,-1998
17890,25907,8821,16530,9377,1360,-1272
16657,32985,15975,2070,30915,14587,-371
16987,23314,7603,16216,7098,771,-592
17984,26861,9355,16302,10559,1682,-1492
17750,30620,12071,12956,17664,4794,-2017
17925,26570,9197,16352,10218,1573,-1417
17213,23573,7675,16446,7127,767,-712
14224,17220,5091,14076,3144,148,635
16885,32620,14702,6432,26188,10453,-1281
9811,10951,3029,9786,1165,25,1173
17685,25489,8639,16422,9067,1263,-1114
17896,29649,11240,14338,15311,3558,-1970
17952,29353,11008,14674,14679,3278,-1937
11952,13731,3890,11902,1829,50,1078
4940,5162,1346,4940,222,0,912
17659,30864,12313,12476,18388,5183,-1993
6054,6408,1691,6052,356,2,1050
17554,31150,12623,11808,19342,5746,-1970
17475,31232,12682,11736,19496,5739,-1987
15799,20054,6156,15484,4570,315,122
13013,15283,4411,12922,2361,91,889
15113,18715,5629,14914,3801,199,360
16352,21258,6658,15884,5374,468,-119
16669,22272,7123,16052,6220,617,-342
15209,19036,5781,14948,4088,261,308
17959,27387,9723,15882,11505,2077,-1563
14095,17035,5030,13950,3085,145,661
12707,14864,4274,12632,2232,75,883
3750,3867,996,3750,117,0,791
17968,27270,9617,16072,11198,1896,-1545
18050,27766,9909,15896,11870,2154,-1687
16279,21370,6738,15788,5582,491,-193
18051,27766,9915,15872,11894,2179,-1666
17031,32393,14247,7798,24595,9233,-1519
11074,12526,3504,11036,1490,38,1108
17966,26719,9294,16262,10457,1704,-1448
