Points,Edges,Area,Perimeter,Contact_perimeter,TETRAPIXEL,Euler_General_4_Async
53128,62836,18231,52748,10088,380,8523
67910,92209,29807,65190,27019,2720,5508
68205,128319,55505,34618,93701,33587,-4609
66800,130619,60207,20410,110209,46390,-3612
61314,76624,23239,60292,16332,1022,7929
70462,101369,34283,65606,35763,4856,3376
38532,42685,11727,38462,4223,70,7574
71360,117468,44278,57824,59644,13536,-1830
67818,91933,29700,65066,26867,2752,5585
69272,125870,52093,43368,82502,25904,-4505
60280,75003,22664,59350,15653,930,7941
71688,115058,42504,60100,54958,11588,-866
54649,65072,18984,54208,10864,441,8561
59374,73236,21977,58564,14672,810,8115
69949,124234,50250,47468,76766,22481,-4035
71004,103676,35501,65348,38328,5656,2829
69656,97571,32351,65738,31833,3918,4436
66938,130481,59706,22138,108343,44800,-3837
70820,103152,35230,65384,37768,5436,2898
71186,118929,45416,56194,62735,14992,-2327
71092,105434,36517,64800,40634,6292,2175
47796,54832,15515,47604,7228,192,8479
56416,68038,20059,55840,12198,576,8437
71346,117910,44614,57364,60546,13982,-1950
67205,130023,58542,25878,104145,41327,-4276
26608,28245,7474,26594,1651,14,5837
46123,52555,14792,45942,6613,181,8360
71729,112667,40831,62010,50657,9719,-107
70645,122167,48124,51838,70329,18807,-3398
28940,31041,8291,28918,2123,22,6190
71140,120056,46295,54932,65124,16208,-2621
69891,124819,50807,46410,78409,23481,-4121
70051,123819,49844,48262,75557,21789,-3924
19478,20304,5283,19476,828,2,4457
66932,89704,28710,64568,25136,2364,5938
71484,116055,43216,59246,56809,12238,-1355
32059,34655,9318,32038,2617,21,6722
70930,102642,34910,65644,36998,5286,3198
68724,127217,53843,39062,88155,29662,-4650
66763,130656,60246,20328,110328,46435,-3647
67989,92713,30089,65070,27643,2919,5365
70001,123258,49411,48872,74386,21129,-3846
55636,66659,19554,55102,11557,534,8531
61892,77952,23789,60748,17204,1144,7729
71334,117633,44422,57578,60055,13756,-1877
37666,41615,11407,37602,4013,64,7458
24967,26445,6984,24954,1491,13,5506
67157,129970,58578,25628,104342,41529,-4235
23298,24552,6452,23296,1256,2,5198
68183,128250,55333,35168,93082,33015,-4734
40570,45434,12598,40476,4958,94,7734
35737,39284,10721,35684,3600,53,7174
71523,106981,37303,64750,42231,6773,1845
66051,131580,65239,2204,129376,63847,-290
70191,100082,33636,65620,34462,4571,3745
66130,131454,63739,7952,123502,58178,-1585
66704,130724,60488,19496,111228,47208,-3532
57577,70021,20774,56946,13075,631,8330
7218,7335,1863,7218,117,0,1746
71826,113155,41177,61602,51553,10224,-152
69305,96401,31789,65646,30755,3659,4693
65784,86432,27257,63836,22596,1948,6609
69231,95658,31349,65920,29738,3311,4922
71087,120196,46378,54880,65316,16207,-2731
69119,95559,31385,65578,29981,3541,4945
66013,87254,27635,63968,23286,2045,6394
51291,60200,17359,50964,9236,327,8450
70086,99438,33275,65776,33662,4310,3923
69519,125810,51832,44292,81518,25227,-4459
42470,47554,13183,42376,5178,94,8099
58010,70990,21170,57300,13690,710,8190
71157,104880,36141,65196,39684,5961,2418
71496,117637,44298,58082,59555,13414,-1843
63505,81355,25164,62054,19301,1451,7314
64791,84540,26521,62996,21544,1795,6772
51897,61043,17634,51550,9493,347,8488
67695,91166,29305,65112,26054,2583,5834
70140,100549,33947,65310,35239,4830,3538
69297,96444,31781,65764,30680,3533,4634
70876,102848,35024,65600,37248,5276,3052
61223,76423,23146,60262,16161,961,7946
67620,91460,29502,64912,26548,2708,5662
70258,100654,33944,65532,35122,4726,3548
3942,3973,1001,3942,31,0,970
62076,78398,23984,60860,17538,1216,7662
56410,67938,19996,55892,12046,518,8468
71072,119675,46043,55178,64497,15894,-2560
45946,52497,14805,45774,6723,172,8254
10570,10797,2756,10570,227,0,2529
71548,116379,43397,59170,57209,12378,-1434
71827,114212,41830,61104,53108,10723,-555
60248,75068,22712,59288,15780,960,7892
68372,92964,30106,65504,27460,2868,5514
52820,62492,18142,52416,10076,404,8470
71656,107905,37828,64498,43407,7158,1579
71488,109405,38820,63530,45875,7958,903
71589,116513,43546,58842,57671,12747,-1378
67831,91521,29451,65238,26283,2593,5761
58698,72058,21544,57940,14118,758,8184
44549,50446,14127,44384,6062,165,8230
26818,28646,7621,26808,1838,10,5793
71215,118940,45485,55940,63000,15275,-2240
10336,10548,2690,10336,212,0,2478
53692,63642,18494,53308,10334,384,8544
68694,127483,54124,38470,89013,30224,-4665
70769,120848,47066,53432,67416,17337,-3013
71576,116058,43181,59392,56666,12184,-1301
70739,102166,34689,65576,36590,5163,3262
70569,122286,48275,51472,70814,19097,-3442
51522,60349,17376,51194,9155,328,8549
19865,20744,5407,19860,884,5,4528
57455,69784,20689,56812,12972,643,8360
71691,116542,43468,59212,57330,12479,-1383
71452,108434,38238,63916,44518,7536,1256
67774,91330,29385,65120,26210,2654,5829
68949,126647,53166,40630,86017,28319,-4532
67756,129152,56782,31176,97976,36580,-4614
70359,99937,33493,65902,34035,4457,3915
65312,85016,26615,63572,21444,1740,6911
70780,102660,34955,65500,37160,5280,3075
66175,87440,27696,64096,23344,2079,6431
23645,24976,6577,23644,1332,1,5246
21789,22923,6015,21786,1137,3,4881
63203,80903,24998,61814,19089,1389,7298
65405,85622,26924,63548,22074,1857,6707
71320,106331,36973,64770,41561,6550,1962
60148,74843,22628,59174,15669,974,7933
69137,126530,52917,41392,85138,27745,-4476
64815,84614,26533,63096,21518,1719,6734
66633,130830,60738,18708,112122,47925,-3459
68129,128326,55484,34716,93610,33413,-4713
56912,68851,20339,56346,12505,566,8400
69841,97975,32500,65950,32025,3891,4366
27267,29133,7754,27250,1883,17,5888
70698,121569,47671,52454,69115,18244,-3200
56773,68721,20315,56182,12539,591,8367
66925,89586,28661,64528,25058,2397,6000
71645,113119,41188,61486,51633,10159,-286
25712,27351,7251,25698,1653,14,5612
70265,123224,49204,49632,73592,20633,-3755
49418,57599,16515,49138,8461,280,8334
33917,36883,9971,33882,3001,35,7005
17048,17685,4581,17046,639,2,3944
66053,131575,65175,2450,129125,63603,-347
69688,98206,32674,65716,32490,3972,4156
68459,93681,30482,65434,28247,3025,5260
70366,123089,49064,49922,73167,20444,-3659
71416,106168,36819,65060,41108,6356,2067
67957,91697,29537,65246,26451,2711,5797
65068,84534,26427,63360,21174,1708,6961
39888,44332,12217,39796,4536,92,7773
71017,120013,46286,54882,65131,16135,-2710
71595,113345,41376,61186,52159,10409,-374
57402,69745,20680,56770,12975,632,8337
63796,81742,25297,62296,19446,1500,7351
68108,93007,30209,65178,27829,2930,5310
53236,63260,18428,52808,10452,428,8404
66772,89676,28779,64236,25440,2536,5875
71430,119218,45498,56444,62774,14986,-2290
66754,88579,28141,64594,23985,2160,6316
63439,81129,25044,62082,19047,1357,7354
63550,81618,25283,62104,19514,1446,7215
67358,129846,58177,26984,102862,40374,-4311
40662,45185,12448,40578,4607,84,7925
42867,48270,13450,42740,5530,127,8047
15229,15694,4040,15228,466,1,3575
71672,110065,39207,63302,46763,8370,814
69683,97778,32437,65808,31970,3875,4342
17218,17874,4633,17216,658,2,3977
69687,98343,32780,65566,32777,4121,4124
71960,108600,38151,64596,44004,7364,1511
64231,82999,25827,62690,20309,1541,7059
66156,87629,27787,64110,23519,2046,6314
69677,97781,32468,65690,32091,3987,4364
71543,109342,38785,63544,45798,7999,986
3764,3792,955,3764,28,0,927
70923,104958,36289,64760,40198,6163,2254
71101,120043,46290,54926,65117,16175,-2652
66290,131185,62315,13110,118075,53180,-2580
64125,82927,25841,62490,20437,1635,7039
63432,81038,25000,62076,18962,1356,7394
59952,74517,22484,59098,15419,854,7919
71557,107710,37752,64412,43298,7145,1599
59913,74416,22451,59028,15388,885,7948
71118,105089,36287,65030,40059,6088,2316
71638,109778,39043,63384,46394,8254,903
68775,94275,30704,65734,28541,3041,5204
71839,115018,42390,60476,54542,11363,-789
63422,80818,24879,62120,18698,1302,7483
56378,68020,20049,55844,12176,534,8407
69725,97677,32384,65818,31859,3907,4432
66092,131504,64126,6504,125000,59588,-1286
68566,94026,30658,65420,28606,3146,5198
45495,51809,14566,45354,6455,141,8252
66700,88873,28308,64514,24359,2186,6135
71862,113955,41664,61254,52701,10608,-429
62506,79226,24294,61276,17950,1230,7574
67003,130211,59150,23822,106389,43181,-4058
32891,35732,9654,32848,2884,43,6813
48496,56023,15948,48254,7769,242,8421
67500,129568,57605,28716,100852,38784,-4463
70972,104526,35982,65124,39402,5848,2428
31840,34426,9260,31812,2614,28,6674
66314,87819,27871,64154,23665,2160,6366
71663,109790,39029,63464,46326,8199,902
67920,91745,29549,65294,26451,2626,5724
62304,78883,24159,61130,17753,1174,7580
71290,119727,46007,55426,64301,15864,-2430
66783,88891,28302,64574,24317,2209,6194
27072,28929,7701,27054,1875,18,5844
68713,94009,30590,65658,28351,3055,5294
67054,130125,58876,24746,105379,42308,-4195
47034,53994,15286,46844,7150,190,8326
69615,125088,51164,45520,79568,24095,-4309
71821,113466,41332,61604,51862,10217,-313
71268,105332,36387,65116,40216,6152,2323
71477,107165,37442,64562,42603,6915,1754
62746,80029,24653,61446,18583,1300,7370
71214,119110,45532,56092,63018,15122,-2364
69832,98511,32798,65830,32681,4002,4119
68490,94047,30684,65358,28689,3132,5127
30012,32355,8679,29994,2361,18,6336
71281,118061,44799,56926,61135,14355,-1981
71912,112972,41003,61932,51040,9980,-57
66141,131458,63781,7792,123666,58349,-1536
47964,55207,15666,47750,7457,214,8423
71825,113294,41234,61652,51642,10173,-235
71290,118570,45140,56580,61990,14710,-2140
65569,86105,27133,63678,22427,1891,6597
71670,112570,40832,61812,50758,9858,-68
71511,115354,42756,59684,55670,11827,-1087
29892,32033,8546,29882,2151,10,6405
71059,103117,35112,65786,37331,5273,3054
68357,93348,30328,65384,27964,2973,5337
69065,126345,52765,41630,84715,27435,-4515
70279,99600,33315,65940,33660,4339,3994
66346,131229,62313,13206,118023,53140,-2570
69893,98818,32978,65724,33094,4169,4053
68167,128421,55580,34522,93899,33645,-4674
70979,120965,47100,53530,67435,17449,-2886
66317,87608,27774,64120,23488,2197,6483
66238,87537,27716,64210,23327,2028,6417
71672,108722,38332,64116,44606,7556,1282
68802,94653,30929,65590,29063,3212,5078
25806,27416,7260,25792,1624,14,5650
16516,17107,4425,16514,593,2,3834
69401,125566,51748,44140,81426,25261,-4417
70201,124126,50034,48116,76010,22085,-3891
9258,9449,2410,9258,191,0,2219
68988,126514,52928,41316,85198,27672,-4598
71602,107898,37860,64356,43542,7246,1564
71728,115833,42969,59790,56043,11938,-1136
68487,94052,30695,65324,28728,3163,5130
71586,116632,43578,58952,57680,12634,-1468
60271,74756,22550,59312,15444,959,8065
59619,73679,22143,58786,14893,833,8083
70859,103339,35301,65474,37865,5385,2821
71746,110534,39478,63156,47378,8590,690
35860,39247,10669,35818,3429,42,7282
66708,130715,60410,19790,110925,46918,-3597
66098,131520,64297,5852,125668,60246,-1125
12264,12568,3218,12264,304,0,2914
69879,124686,50694,46596,78090,23283,-4113
66049,131582,65481,1240,130342,64809,-52
68672,127501,54181,38278,89223,30394,-4648
67274,89878,28705,64936,24942,2338,6101
66921,88701,28150,64802,23899,2119,6370
71805,110962,39687,63176,47786,8629,530
67805,129234,56810,31228,98006,36577,-4619
71683,113512,41444,61248,52264,10435,-385
6859,6949,1760,6858,91,1,1670
53391,63090,18294,53004,10086,387,8595
68976,94876,31015,65692,29184,3284,5115
66245,131287,62674,11878,119409,54367,-2368
71668,116980,43773,58868,58112,12800,-1539
70867,120581,46761,54118,66463,16749,-2953
70156,123720,49627,48932,74788,21224,-3937
50915,59571,17138,50590,8981,325,8482
70566,101397,34265,65734,35663,4832,3434
34842,38031,10314,34806,3225,36,7125
66276,131269,62549,12342,118927,53934,-2444
50173,58204,16625,49908,8296,265,8594
71830,112160,40469,62444,49716,9386,139
71738,114035,41730,61150,52885,10588,-567
70895,102669,34893,65766,36903,5129,3119
24196,25576,6741,24188,1388,8,5361
63092,80472,24801,61740,18732,1352,7421
70798,121035,47173,53378,67657,17420,-3064
61488,77130,23456,60436,16694,1052,7814
71220,118659,45223,56426,62233,14794,-2216
67044,89301,28471,64718,24583,2326,6214
71184,103490,35321,65696,37794,5488,3015
69897,123793,49961,47742,76051,22155,-3935
66433,88266,28090,64172,24094,2261,6257
70178,99130,33081,65936,33194,4242,4129
67855,129046,56502,32084,96962,35771,-4689
70053,99244,33168,65816,33428,4237,3977
20449,21448,5613,20444,1004,5,4614
66942,130370,59534,22604,107766,44338,-3894
69150,126187,52558,42142,84045,27008,-4479
69409,96527,31804,65838,30689,3571,4686
70850,103208,35259,65380,37828,5470,2901
70838,120624,46880,53728,66896,17110,-2906
71410,117692,44441,57620,60072,13790,-1841
68120,128220,55410,34800,93420,33320,-4690
71052,119802,46148,55012,64790,16040,-2602
68431,127880,54778,36648,91232,31783,-4671
48754,56400,16078,48488,7912,266,8432
71345,118389,44962,56930,61459,14415,-2082
67776,128955,56551,31706,97249,36070,-4628
71760,115750,42853,60088,55662,11672,-1137
62476,78886,24131,61248,17638,1228,7721
71451,117594,44342,57820,59774,13631,-1801
44673,50795,14267,44522,6273,151,8145
44451,50394,14123,44296,6098,155,8180
62364,78621,24010,61202,17419,1162,7753
66175,131421,63501,8838,122583,57337,-1745
49034,56853,16231,48782,8071,252,8412
54311,64713,18884,53890,10823,421,8482
71043,103524,35366,65584,37940,5459,2885
66320,131245,62328,13178,118067,53142,-2597
35304,38659,10519,35242,3417,62,7164
30384,32757,8786,30370,2387,14,6413
70846,103568,35461,65292,38276,5554,2739
66589,130844,60922,18000,112844,48589,-3333
68008,93034,30267,65000,28034,3008,5241
508,508,127,508,0,0,127
71510,109833,39111,63222,46611,8288,788
62147,78393,23963,60934,17459,1213,7717
70443,100612,33845,65844,34768,4599,3676
61252,76843,23375,60186,16657,1066,7784
66396,131116,61901,14628,116488,51768,-2819
68247,93419,30406,65214,28205,3033,5234
67551,91042,29253,65072,25970,2479,5762
64071,82367,25529,62618,19749,1453,7233
59645,73948,22279,58780,15168,865,7976
63434,81374,25183,62016,19358,1418,7243
71574,116955,43766,58846,58109,12728,-1615
71486,106487,37028,64862,41625,6624,2027
63801,81863,25339,62370,19493,1431,7277
11626,11937,3062,11626,311,0,2751
19664,20583,5376,19662,921,2,4457
70652,100373,33650,66146,34227,4506,3929
65003,84759,26582,63190,21569,1813,6826
70848,103176,35249,65356,37820,5492,2921
71495,108290,38172,63892,44398,7603,1377
68951,95046,31132,65564,29482,3387,5037
43569,49259,13767,43450,5809,119,8077
69773,124753,50805,46286,78467,23487,-4175
54290,64552,18817,53836,10716,454,8555
69959,123834,49878,48156,75678,21803,-3997
40483,45232,12520,40384,4848,99,7771
54918,65569,19164,54482,11087,436,8513
71781,110055,39152,63502,46553,8279,878
15987,16590,4299,15984,606,3,3696
67167,130030,58679,25344,104686,41823,-4184
69119,96419,31856,65414,31005,3705,4556
71635,107993,37907,64358,43635,7277,1549
70982,103465,35362,65482,37983,5500,2879
58575,71609,21350,57818,13791,757,8316
59840,74254,22389,58952,15302,888,7975
70624,102280,34755,65540,36740,5084,3099
71247,107127,37484,64318,42809,6929,1604
70665,101694,34416,65724,35970,4941,3387
70741,102663,34971,65442,37221,5299,3049
34286,37328,10101,34252,3076,34,7059
71631,108846,38427,63984,44862,7647,1212
71657,107367,37505,64714,42653,6943,1795
69547,125363,51477,44818,80545,24729,-4339
69944,99167,33176,65630,33537,4314,3953
71190,118960,45420,56240,62720,14950,-2350
68820,94448,30798,65704,28744,3116,5170
68480,93651,30472,65414,28237,3066,5301
67134,89633,28625,64766,24867,2368,6126
71739,111120,39859,62804,48316,8935,478
71685,111827,40316,62390,49437,9295,174
69004,95462,31334,65588,29874,3416,4876
68084,92601,29995,65222,27379,2862,5478
62707,79665,24479,61414,18251,1293,7521
63548,81938,25475,61976,19962,1572,7085
71065,104451,35933,65170,39281,5895,2547
70358,123920,49757,48812,75108,21546,-3805
70379,100874,34027,65640,35234,4739,3532
70471,100939,34056,65654,35285,4817,3588
69839,124408,50446,47032,77376,22807,-4123
71567,116670,43608,58908,57762,12659,-1495
15804,16322,4210,15804,518,0,3692
40133,44591,12279,40066,4525,67,7821
44108,49893,13955,43966,5927,142,8170
71650,111668,40244,62360,49308,9290,226
70247,123345,49370,49210,74135,21037,-3728
70566,122140,48183,51548,70592,19018,-3391
69444,96583,31857,65738,30845,3706,4718
71619,113847,41713,60842,53005,10777,-515
66405,131127,61925,14554,116573,51851,-2797
67171,129869,58421,26054,103815,41117,-4277
66056,131540,64726,4176,127364,61880,-758
22022,23098,6044,22020,1078,2,4968
52759,62319,18064,52382,9937,377,8504
60815,75778,22932,59828,15950,987,7969
66214,131390,63122,10292,121098,55922,-2054
41953,46964,13016,41864,5100,89,8005
70668,102051,34620,65622,36429,5046,3237
67148,89968,28802,64728,25240,2420,5982
10452,10676,2725,10452,224,0,2501
6082,6155,1557,6082,73,0,1484
55931,67424,19879,55332,12092,599,8386
70866,119866,46259,54696,65170,16170,-2741
70727,121505,47644,52434,69071,18293,-3134
71504,106526,37023,64960,41566,6544,2001
45712,51947,14581,45570,6377,142,8346
26530,28196,7470,26512,1684,18,5804
64031,82183,25441,62602,19581,1429,7289
71444,105257,36263,65462,39795,5982,2450
67820,91431,29416,65198,26233,2622,5805
46535,52992,14906,46360,6632,175,8449
67532,90546,28999,65096,25450,2436,5985
70343,100112,33577,65916,34196,4427,3808
71435,117638,44340,57916,59722,13519,-1863
67447,129645,57794,28114,101531,39333,-4404
26664,28380,7528,26648,1732,16,5812
28416,30433,8116,28402,2031,14,6099
53692,63722,18535,53304,10418,388,8505
40953,45752,12659,40868,4884,85,7860
68887,126784,53265,40508,86276,28379,-4632
71475,114739,42372,59990,54749,11485,-892
47835,55022,15606,47620,7402,215,8419
60720,76164,23160,59688,16476,1032,7716
58956,72525,21720,58170,14355,786,8151
71772,115679,42868,59886,55793,11886,-1039
65119,85012,26668,63352,21660,1767,6775
70301,123070,49138,49588,73482,20713,-3631
31139,33579,9008,31126,2453,13,6568
70525,101372,34278,65632,35740,4893,3431
66358,87797,27829,64278,23519,2080,6390
45689,52041,14639,45526,6515,163,8287
64437,83793,26204,62770,21023,1667,6848
65009,84480,26415,63300,21180,1709,6944
71764,110786,39616,63108,47678,8656,594
71012,103636,35477,65364,38272,5648,2853
71703,114534,42130,60548,53986,11155,-701
41832,46792,12958,41752,5040,80,7998
68187,93214,30311,65184,28030,3003,5284
57264,69540,20611,56636,12904,628,8335
67776,129086,56783,31040,98046,36736,-4527
69860,98912,33071,65540,33372,4320,4019
70430,123080,49044,49984,73096,20446,-3606
54340,64778,18913,53904,10874,436,8475
71860,111210,39854,63004,48206,8856,504
69646,97670,32368,65868,31802,3778,4344
70040,99631,33455,65442,34189,4598,3864
68092,91948,29626,65392,26556,2700,5770
65569,85898,27035,63656,22242,1913,6706
70703,102044,34590,65728,36316,4975,3249
63765,81595,25201,62386,19209,1379,7371
48721,56168,15958,48504,7664,217,8511
71877,114312,41929,60908,53404,10969,-506
71020,104105,35720,65330,38775,5690,2635
71624,110829,39720,62778,48051,8846,515
66224,131355,63142,10142,121213,56082,-1989
71812,114381,41980,60842,53539,10970,-589
66061,131568,64882,3608,127960,62453,-625
43407,48961,13661,43278,5683,129,8107
66261,87380,27636,64216,23164,2045,6517
70935,103119,35147,65650,37469,5285,2963
69738,97487,32254,65958,31529,3780,4505
17341,17963,4647,17338,625,3,4025
68143,92713,30033,65294,27419,2849,5463
65795,86686,27416,63708,22978,2087,6525
71872,112742,40851,62080,50662,9792,-19
69535,125369,51581,44414,80955,25121,-4253
70644,121788,47854,52160,69628,18484,-3290
69070,126721,53028,41330,85391,27740,-4623
65914,86713,27390,63866,22847,2048,6591
71116,105105,36282,65082,40023,6034,2293
62122,78456,23989,60956,17500,1166,7655
14710,15157,3901,14710,447,0,3454
52834,62511,18145,52442,10069,392,8468
66837,130598,60051,20992,109606,45845,-3710
55065,65979,19347,54570,11409,495,8433
70225,100176,33631,65828,34348,4397,3680
65242,85258,26764,63460,21798,1782,6748
71397,105500,36436,65256,40244,6141,2333
71405,116910,43877,58312,58598,13093,-1628
27548,29427,7830,27534,1893,14,5951
67648,91825,29682,64922,26903,2726,5505
45630,51899,14584,45462,6437,168,8315
66709,130748,60456,19672,111076,47037,-3583
37850,41667,11385,37794,3873,56,7568
71065,103715,35498,65438,38277,5627,2848
51914,61023,17618,51574,9449,340,8509
70926,103307,35291,65450,37857,5476,2910
66136,131464,63778,7816,123648,58320,-1550
71773,111164,39854,62912,48252,8861,463
66144,131451,63731,7978,123473,58166,-1576
39877,44192,12143,39812,4380,65,7828
70550,121955,48025,51810,70145,18740,-3380
70572,101068,34052,65928,35140,4644,3556
70881,120937,47085,53534,67403,17347,-2971
71299,117225,44153,57838,59387,13461,-1773
69531,97435,32298,65678,31757,3853,4394
70420,122420,48505,50820,71600,19600,-3495
71500,107783,37854,64150,43633,7350,1571
67926,128742,56176,32780,95962,35146,-4640
71864,112812,40896,62040,50772,9824,-52
71597,116974,43859,58512,58462,13085,-1518
48061,55409,15745,47838,7571,223,8397
40858,45576,12597,40764,4812,94,7879
67354,129759,57993,27546,102213,39808,-4412
67670,129259,57054,30302,98957,37368,-4535
65544,85970,27059,63704,22266,1840,6633
67208,130143,58816,25022,105121,42186,-4119
59345,73299,22027,58490,14809,855,8073
69354,96797,31993,65622,31175,3732,4550
70380,100502,33767,65936,34566,4444,3645
61099,76416,23191,60068,16348,1031,7874
71287,106542,37131,64560,41982,6727,1876
68441,127823,54743,36674,91149,31767,-4639
68807,95281,31313,65310,29971,3497,4839
61094,76520,23239,60084,16436,1010,7813
71552,115238,42662,59828,55410,11724,-1024
61344,76893,23366,60322,16571,1022,7817
14744,15182,3905,14744,438,0,3467
65460,85563,26862,63678,21885,1782,6759
63300,80479,24730,62038,18441,1262,7551
71204,104158,35693,65544,38614,5660,2739
69357,96166,31646,65748,30418,3609,4837
71632,114806,42351,60208,54598,11424,-823
70093,99120,33103,65828,33292,4265,4076
71862,110492,39357,63556,46936,8306,727
64967,84808,26612,63168,21640,1799,6771
70734,121172,47302,53136,68036,17598,-3136
13312,13692,3518,13312,380,0,3138
71232,118583,45119,56690,61893,14542,-2232
64353,82988,25789,62820,20168,1533,7154
70231,99887,33501,65770,34117,4461,3845
69862,98621,32873,65750,32871,4112,4114
69050,95572,31389,65588,29984,3462,4867
10809,11076,2836,10808,268,1,2569
64219,82867,25764,62678,20189,1541,7116
68166,92637,29984,65338,27299,2828,5513
70422,101043,34122,65598,35445,4824,3501
68603,127545,54162,38442,89103,30161,-4780
63143,80385,24730,61850,18535,1293,7488
50854,59336,17033,50540,8796,314,8551
65989,86661,27319,64046,22615,1943,6647
71557,110069,39244,63162,46907,8395,732
67974,128910,56297,32632,96278,35342,-4639
68451,94232,30805,65244,28988,3207,5024
68493,127876,54679,37036,90840,31457,-4704
71145,119555,45911,55466,64089,15679,-2499
68252,128188,55347,34988,93200,33264,-4589
69506,97670,32454,65524,32146,3982,4290
71319,119792,45992,55616,64176,15703,-2481
69000,126904,53255,40788,86116,28212,-4649
71753,111778,40278,62444,49334,9309,253
71632,110822,39701,62840,47982,8792,511
1600,1604,402,1600,4,0,398
66764,130646,60229,20376,110270,46388,-3653
58197,71256,21258,57480,13776,717,8199
50481,58885,16894,50194,8691,287,8490
38891,43092,11844,38808,4284,83,7643
55650,67091,19776,55078,12013,572,8335
34494,37593,10182,34458,3135,36,7083
59353,73114,21927,58520,14594,833,8166
69645,97351,32191,65938,31413,3707,4485
51190,59944,17254,50872,9072,318,8500
70111,99646,33389,65736,33910,4375,3854
71852,113349,41282,61570,51779,10282,-215
71205,119249,45677,55790,63459,15415,-2367
61549,77100,23427,60492,16608,1057,7876
69255,95862,31483,65792,30070,3463,4876
46741,53353,15038,46554,6799,187,8426
63483,81156,25048,62120,19036,1363,7375
71669,109402,38758,63772,45630,7897,1025
71540,117832,44465,57804,60028,13736,-1827
66155,87019,27467,64170,22849,1985,6603
70633,121836,47898,52080,69756,18553,-3305
71369,117500,44350,57600,59900,13769,-1781
67665,129268,57049,30340,98928,37325,-4554
51487,60325,17366,51186,9139,301,8528
68621,127502,54177,38296,89206,30325,-4704
67698,91582,29534,65028,26554,2670,5650
71090,120154,46415,54648,65506,16442,-2649
37370,41153,11252,37298,3855,72,7469
69887,124239,50281,47354,76885,22533,-4071
70400,122607,48672,50526,72081,19874,-3535
69051,126637,52953,41462,85175,27589,-4633
68031,92330,29856,65236,27094,2795,5557
70466,100218,33620,65956,34262,4510,3868
70937,121281,47318,53290,67991,17647,-3026
71307,119318,45692,55868,63450,15439,-2319
68928,126730,53092,41092,85638,27836,-4710
71105,118344,45076,56384,61960,14721,-2163
71102,104291,35872,65094,39197,6008,2683
37088,40898,11191,37032,3866,56,7381
36386,39880,10854,36344,3536,42,7360
65015,84883,26631,63242,21641,1773,6763
71287,105614,36543,65056,40558,6231,2216
67583,129437,57369,29398,100039,38185,-4485
55674,66684,19559,55132,11552,542,8549
67184,89697,28655,64774,24923,2410,6142
66393,131106,61957,14384,116722,52009,-2756
67447,90411,28971,64938,25473,2509,6007
53068,62881,18278,52650,10231,418,8465
53556,63445,18436,53146,10299,410,8547
69614,97544,32347,65700,31844,3914,4417
68825,94279,30702,65750,28529,3075,5248
68986,95306,31249,65616,29690,3370,4929
71782,113572,41457,61316,52256,10466,-333
68300,93127,30251,65250,27877,3050,5424
7110,7217,1831,7110,107,0,1724
68666,94252,30747,65516,28736,3150,5161
6080,6150,1555,6080,70,0,1485
62909,80277,24757,61526,18751,1383,7389
66657,130843,60676,18982,111861,47675,-3510
67686,91165,29306,65106,26059,2580,5827
67011,89419,28545,64658,24761,2353,6137
70846,101772,34373,66052,35720,4794,3447
68740,94475,30849,65554,28921,3186,5114
71197,105002,36246,65020,39982,6177,2441
71860,111885,40372,62282,49603,9578,347
59655,73557,22066,58850,14707,805,8164
69897,98519,32823,65746,32773,4151,4201
71997,113432,41191,62100,51332,9897,-244
56360,68077,20087,55806,12271,554,8370
64800,84202,26319,63128,21074,1672,6917
51584,60623,17492,51278,9345,306,8453
66067,131562,64728,4212,127350,61855,-767
47736,54742,15485,47544,7198,192,8479
69842,98705,32932,65682,33023,4160,4069
71716,107682,37678,64652,43030,7064,1712
71108,120442,46500,54884,65558,16224,-2834
69612,97837,32497,65686,32151,3926,4272
70676,122421,48337,51494,70927,19182,-3408
71793,114279,41883,61026,53253,10767,-603
69236,126187,52501,42370,83817,26866,-4450
71588,116753,43743,58534,58219,13054,-1422
71729,114569,42113,60686,53883,11043,-727
54800,65270,19044,54364,10906,436,8574
69483,96939,32017,65810,31129,3673,4561
71587,117113,43948,58434,58679,13153,-1578
71705,112915,41051,61626,51289,10079,-159
54944,65583,19178,54454,11129,490,8539
69422,96901,32019,65726,31175,3696,4540
51906,60791,17493,51610,9181,296,8608
47347,54588,15512,47128,7460,219,8271
71572,117203,44011,58362,58841,13210,-1620
71588,111716,40272,62344,49372,9244,144
67231,90053,28843,64734,25319,2497,6021
71453,105658,36511,65272,40386,6181,2306
71868,112678,40754,62340,50338,9528,-56
10164,10398,2658,10164,234,0,2424
70288,122528,48620,50576,71952,19712,-3620
71231,120215,46350,55030,65185,16201,-2634
71737,113380,41309,61524,51856,10213,-334
71370,107912,37937,64076,43836,7294,1395
67842,91186,29266,65308,25878,2534,5922
70101,99450,33285,65760,33690,4341,3936
71670,109348,38761,63652,45696,8018,1083
71645,107448,37560,64656,42792,6989,1757
43787,49415,13786,43686,5729,101,8158
71330,107400,37616,64336,43064,6994,1546
71431,109070,38684,63404,45666,8027,1045
25244,26777,7079,25238,1539,6,5546
65637,85710,26916,63756,21954,1881,6843
56298,67873,19998,55754,12119,544,8423
71107,105300,36390,65040,40260,6067,2197
41599,46468,12857,41508,4960,91,7988
71642,108916,38497,63844,45072,7798,1223
71702,112577,40798,61962,50615,9740,-77
5310,5369,1357,5310,59,0,1298
70414,101168,34202,65528,35640,4886,3448
68853,94967,31135,65394,29573,3459,5021
19806,20679,5389,19802,877,4,4516
69606,125166,51326,45028,80138,24578,-4234
71687,110364,39405,63108,47256,8579,728
71765,109831,39019,63586,46245,8179,953
69818,98919,33072,65550,33369,4268,3971
57864,70349,20867,57230,13119,634,8382
70987,121183,47189,53610,67573,17377,-3007
45279,51471,14455,45122,6349,157,8263
69138,126666,52996,41348,85318,27790,-4532
66928,130445,59693,22118,108327,44810,-3824
67044,130204,59094,24032,106172,43012,-4066
71019,103657,35491,65350,38307,5669,2853
71775,114833,42290,60506,54327,11269,-768
6700,6794,1722,6700,94,0,1628
16126,16667,4302,16126,541,0,3761
66185,131385,63265,9710,121675,56475,-1935
67951,92156,29783,65180,26976,2771,5578
71545,107505,37636,64466,43039,7079,1676
58245,71221,21229,57526,13695,719,8253
57920,70524,20952,57240,13284,680,8348
71676,116801,43656,58978,57823,12698,-1469
71749,109122,38563,63992,45130,7757,1190
524,524,131,524,0,0,131
70278,100321,33724,65746,34575,4532,3681
71030,120172,46462,54496,65676,16534,-2680
38393,42487,11661,38330,4157,63,7567
71211,119049,45552,55890,63159,15321,-2286
69423,96412,31737,65876,30536,3547,4748
70061,99483,33319,65690,33793,4371,3897
35719,39112,10635,35684,3428,35,7242
66265,87561,27714,64266,23295,1999,6418
70467,122997,48945,50214,72783,20253,-3585
71456,117107,44002,58206,58901,13250,-1649
27134,28909,7674,27122,1787,12,5899
67604,129475,57396,29366,100109,38238,-4475
58604,72100,21605,57780,14320,824,8109
52928,62260,17990,52560,9700,368,8658
68870,94622,30896,65660,28962,3210,5144
66448,88027,27940,64294,23733,2154,6361
66951,130404,59508,22776,107628,44175,-3945
68645,127535,54194,38294,89241,30351,-4696
70512,101543,34385,65546,35997,4966,3354
54780,65432,19127,54356,11076,424,8475
69978,98356,32664,66056,32300,3922,4286
68775,93894,30512,65740,28154,3035,5393
53277,63069,18314,52882,10187,395,8522
71407,106257,36900,64914,41343,6493,2050
71280,119385,45709,55934,63451,15346,-2396
53133,62812,18214,52768,10044,365,8535
60994,76199,23098,60006,16193,988,7893
69434,125613,51832,43898,81715,25536,-4347
66873,130508,59771,21932,108576,44941,-3864
63526,81527,25261,62010,19517,1516,7260
69964,124389,50359,47342,77047,22622,-4066
71675,110431,39440,63102,47329,8573,684
71540,111823,40347,62258,49565,9282,64
70731,102500,34886,65456,37044,5275,3117
54739,65466,19164,54276,11190,463,8437
70976,120692,46823,54092,66600,16884,-2893
70822,102484,34817,65700,36784,5122,3155
70486,123366,49234,49796,73570,20690,-3646
70913,102246,34627,65984,36262,4929,3294
71260,118056,44787,56964,61092,14296,-2009
70872,103010,35163,65368,37642,5504,3025
52342,61575,17783,52018,9557,324,8550
69391,125655,51855,43890,81765,25501,-4409
66030,87111,27545,64042,23069,1988,6464
66738,89014,28387,64480,24534,2258,6111
69518,96105,31522,66122,29983,3396,4935
71163,120318,46465,54776,65542,16387,-2690
66477,130951,61311,16658,114293,49819,-3163
69046,95117,31119,65758,29359,3288,5048
67780,128946,56480,31972,96974,35808,-4686
37250,40982,11194,37188,3794,62,7462
37321,41141,11258,37250,3891,71,7438
66377,131097,61860,14754,116343,51623,-2860
66827,89021,28389,64486,24535,2341,6195
71459,108234,38104,64052,44182,7407,1329
58352,71449,21313,57646,13803,706,8216
71581,116165,43334,58994,57171,12587,-1250
70042,124174,50142,47780,76394,22262,-3990
67022,130267,59138,23982,106285,43040,-4107
51869,60977,17607,51526,9451,343,8499
69274,126280,52540,42400,83880,26874,-4466
70704,101679,34389,65802,35877,4902,3414
70855,102869,35038,65586,37283,5269,3024
71688,111459,40110,62478,48981,9210,339
59199,73017,21916,58370,14647,829,8098
70039,124044,50069,47812,76232,22227,-3936
29710,31970,8563,29688,2282,22,6303
63749,81726,25262,62404,19322,1345,7285
40324,44963,12423,40234,4729,90,7784
70544,122080,48117,51692,70388,18852,-3419
71972,113484,41285,61828,51656,10144,-227
68697,127541,54147,38494,89047,30203,-4697
69035,95174,31157,65720,29454,3315,5018
24002,25390,6696,23996,1394,6,5308
2096,2102,527,2096,6,0,521
71553,117229,44040,58298,58931,13255,-1636
58793,71952,21463,58052,13900,741,8304
70816,120768,46980,53616,67152,17200,-2972
67248,129812,58252,26616,103196,40632,-4312
69411,96351,31737,65754,30597,3657,4797
1366,1369,343,1366,3,0,340
58803,72384,21702,57960,14424,843,8121
66051,131576,65157,2524,129052,63527,-368
68388,93476,30375,65452,28024,2936,5287
26953,28764,7647,26940,1824,13,5836
61036,76392,23188,60032,16360,1004,7832
70778,121332,47412,53016,68316,17762,-3142
68746,127166,53736,39388,87778,29358,-4684
69111,95379,31225,65858,29521,3253,4957
66187,131421,63324,9546,121875,56641,-1910
70059,99378,33230,65836,33542,4223,3911
69915,124480,50433,47228,77252,22687,-4132
69795,124924,50964,45992,78932,23803,-4165
66122,131476,63877,7444,124032,58678,-1477
66119,131490,63983,7048,124442,59071,-1388
67605,92066,29852,64724,27342,2881,5391
69001,95428,31312,65608,29820,3393,4885
21701,22781,5966,21698,1083,3,4886
57292,69629,20648,56666,12963,626,8311
67239,129819,58200,26838,102981,40401,-4380
69909,124737,50737,46526,78211,23383,-4091
67990,128678,55984,33420,95258,34570,-4704
56297,68224,20196,55664,12560,633,8269
71584,112499,40805,61778,50721,9806,-110
66082,131522,64414,5388,126134,60694,-1026
71067,119707,46008,55382,64325,15685,-2632
43076,48609,13561,42974,5635,102,8028
71255,106434,37063,64616,41818,6639,1884
71653,108189,38028,64266,43923,7387,1492
68543,93536,30372,65584,27952,2959,5379
70499,101933,34636,65322,36611,5177,3202
67286,90436,29013,64820,25616,2466,5863
68328,128202,55210,35564,92638,32764,-4664
70586,101529,34304,65842,35687,4744,3361
67835,91346,29375,65192,26154,2643,5864
71577,114801,42346,60218,54583,11359,-878
68488,94109,30721,65334,28775,3154,5100
70560,122050,48138,51548,70502,19012,-3352
1644,1648,413,1644,4,0,409
71598,109594,38935,63448,46146,8150,939
66732,89257,28519,64438,24819,2294,5994
71004,104192,35813,65132,39060,5872,2625
61893,77754,23693,60736,17018,1157,7832
66716,89344,28606,64264,25080,2452,5978
71313,105882,36724,64868,41014,6445,2155
62199,78458,23972,61028,17430,1171,7713
67938,128693,56076,33082,95611,34856,-4679
67059,89836,28754,64656,25180,2403,5977
69271,125790,52037,43432,82358,25839,-4482
60840,76228,23153,59844,16384,996,7765
11892,12186,3120,11892,294,0,2826
71199,104211,35705,65602,38609,5597,2693
71747,115707,42849,60018,55689,11729,-1111
69297,96538,31869,65600,30938,3697,4628
43413,48925,13638,43298,5627,115,8126
62727,79963,24638,61374,18589,1353,7402
64083,82004,25344,62632,19372,1451,7423
1808,1812,454,1808,4,0,450
69428,97447,32324,65598,31849,3830,4305
70926,120735,46981,53546,67189,17380,-2828
71349,118913,45337,56478,62435,14871,-2227
58669,71917,21485,57894,14023,775,8237
71234,118072,44819,56868,61204,14366,-2019
37966,41850,11449,37904,3946,62,7565
63717,82155,25546,62126,20029,1591,7108
70505,122410,48428,51108,71302,19397,-3477
66338,131194,62184,13652,117542,52686,-2672
65799,86456,27272,63824,22632,1975,6615
71399,107866,37889,64176,43690,7223,1422
67445,129691,57865,27922,101769,39523,-4381
15552,16078,4151,15552,526,0,3625
70269,100649,33953,65486,35163,4783,3573
71224,117705,44526,57306,60399,13918,-1955
50004,58473,16809,49710,8763,294,8340
13712,14136,3640,13712,424,0,3216
70155,99566,33303,65920,33646,4235,3892
16623,17245,4467,16622,623,1,3845
71448,116928,43850,58456,58472,12992,-1630
33027,35878,9687,33008,2870,19,6836
71407,107629,37805,64038,43591,7369,1583
34443,37537,10165,34414,3123,29,7071
71266,105590,36507,65152,40438,6114,2183
59212,72685,21725,58470,14215,742,8252
71586,116139,43244,59302,56837,12284,-1309
61911,77794,23697,60800,16994,1111,7814
63113,80617,24871,61750,18867,1363,7367
63639,81187,25035,62234,18953,1405,7487
59761,74343,22453,58874,15469,887,7871
71535,107307,37504,64598,42709,6937,1732
59566,73636,22131,58748,14888,818,8061
41515,46548,12922,41408,5140,107,7889
31452,33905,9093,31438,2467,14,6640
68819,127268,53760,39496,87772,29323,-4689
66844,130598,60169,20520,110078,46324,-3585
71542,116113,43272,59138,56975,12404,-1299
70544,101502,34338,65652,35850,4892,3380
49942,57856,16501,49708,8148,234,8587
68949,95757,31500,65514,30243,3435,4692
70664,122003,48046,51822,70181,18842,-3293
66594,130889,60971,17894,112995,48700,-3324
70137,123838,49807,48448,75390,21689,-3894
71439,115384,42824,59472,55912,11967,-1121
60141,74451,22408,59270,15181,871,8098
71418,105634,36519,65192,40442,6226,2303
70781,102634,34962,65420,37214,5361,3109
71417,105389,36369,65302,40087,6115,2397
71738,113408,41366,61352,52056,10386,-304
69379,96277,31676,65850,30427,3529,4778
69852,99050,33145,65520,33530,4332,3947
55499,66769,19640,54978,11791,521,8370
71461,111050,39932,62372,48678,9089,343
61844,77847,23746,60710,17137,1134,7743
23939,25267,6650,23934,1333,5,5322
69027,95209,31174,65722,29487,3305,4992
67018,130357,59313,23462,106895,43556,-4026
46279,52899,14923,46106,6793,173,8303
71676,115879,43021,59674,56205,12002,-1182
69561,97513,32316,65762,31751,3799,4364
69223,126481,52619,42486,83995,26737,-4639
69598,97786,32487,65624,32162,3974,4299
69402,97011,32092,65654,31357,3748,4483
70892,121011,47188,53270,67741,17622,-2931
65164,85060,26696,63336,21724,1828,6800
70686,102092,34658,65552,36540,5134,3252
69232,126204,52407,42780,83424,26452,-4565
66972,89605,28663,64558,25047,2414,6030
71865,111790,40230,62660,49130,9205,305
66268,131284,62668,11896,119388,54372,-2348
71322,106121,36848,64850,41271,6472,2049
67500,129599,57721,28314,101285,39186,-4378
69721,124939,51032,45750,79189,23971,-4186
71015,104087,35715,65314,38773,5701,2643
67313,91224,29452,64640,26584,2673,5541
60757,75580,22841,59796,15784,961,8018
70780,121929,47839,52502,69427,18278,-3310
60902,75871,22939,59986,15885,916,7970
66356,87793,27827,64278,23515,2078,6390
69972,99855,33577,65402,34453,4570,3694
66950,90013,28888,64474,25539,2476,5825
71282,119664,45902,55720,63944,15562,-2480
66946,88596,28085,64852,23744,2094,6435
69927,99085,33107,65742,33343,4185,3949
70835,103280,35323,65268,38012,5567,2878
71023,120681,46805,54142,66539,16881,-2853
9946,10155,2591,9946,209,0,2382
60554,75308,22754,59600,15708,954,8000
65907,86763,27380,64006,22757,1901,6524
69449,96781,31925,65862,30919,3587,4593
71133,120709,46786,54274,66435,16859,-2790
12836,13172,3377,12836,336,0,3041
71473,117735,44462,57622,60113,13851,-1800
71610,110018,39202,63228,46790,8382,794
60854,76122,23105,59824,16298,1030,7837
65819,86593,27333,63854,22739,1965,6559
56915,68975,20405,56330,12645,585,8345
70793,120839,47100,53278,67561,17515,-2946
71373,105479,36447,65170,40309,6203,2341
66439,87710,27757,64392,23318,2047,6486
69641,124710,50791,46256,78454,23385,-4278
67921,128793,56145,33006,95787,34915,-4727
27172,28919,7669,27162,1757,10,5922
69614,97125,32093,65878,31247,3736,4582
71246,105351,36417,65034,40317,6212,2312
56741,68717,20316,56170,12547,571,8340
36974,40658,11098,36924,3734,50,7414
62659,79579,24433,61426,18153,1233,7513
60511,75441,22829,59566,15875,945,7899
71920,110895,39666,63126,47769,8794,691
56161,67738,19964,55620,12118,541,8387
71852,110403,39347,63418,46985,8434,796
12928,13278,3407,12928,350,0,3057
71354,116914,43835,58488,58426,12866,-1725
5994,6061,1532,5994,67,0,1465
59745,74083,22324,58870,15213,875,7986
71406,105637,36502,65266,40371,6140,2271
70852,102530,34813,65808,36722,5044,3135
38811,43059,11844,38742,4317,69,7596
71346,117992,44725,57084,60908,14262,-1921
70148,122967,49095,49554,73413,20594,-3724
69770,124779,50807,46330,78449,23440,-4202
69371,97310,32288,65468,31842,3903,4349
65141,84768,26546,63352,21416,1789,6919
20309,21256,5552,20304,952,5,4605
69021,95928,31593,65484,30444,3537,4686
68915,94802,30966,65740,29062,3175,5079
61401,76942,23375,60384,16558,1017,7834
67908,128814,56368,32156,96658,35752,-4538
70332,123106,49111,49768,73338,20564,-3663
70892,119937,46278,54762,65175,16130,-2767
22464,23651,6211,22458,1193,6,5024
54915,65511,19132,54494,11017,421,8536
31884,34539,9305,31858,2681,26,6650
70029,98912,32975,65924,32988,4105,4092
70742,101955,34559,65674,36281,5068,3346
71233,119487,45798,55782,63705,15451,-2456
66326,131165,62236,13386,117779,52940,-2603
67386,129831,58120,27182,102649,40204,-4325
71029,102959,35036,65774,37185,5255,3106
67703,91567,29540,64974,26593,2729,5676
31821,34362,9233,31792,2570,29,6692
37772,41565,11351,37726,3839,46,7558
67468,90644,29090,64928,25716,2540,5914
54800,65293,19054,54370,10923,430,8561
70627,122701,48683,50670,72031,19957,-3391
56784,68618,20259,56200,12418,584,8425
70446,100965,34066,65666,35299,4780,3547
69331,126003,52185,43266,82737,26065,-4487
66925,130520,59764,21984,108536,44941,-3831
71686,113825,41660,61010,52815,10676,-479
55418,66471,19506,54918,11553,500,8453
16935,17561,4547,16934,627,1,3921
67572,129554,57455,29288,100266,38284,-4527
40991,45819,12683,40906,4913,85,7855
71684,114158,41863,60864,53294,10820,-611
70546,122065,48107,51702,70363,18844,-3412
46483,53175,15011,46306,6869,177,8319
70906,102635,34889,65714,36921,5192,3160
67925,128661,56090,32962,95699,34963,-4646
61249,76856,23397,60124,16732,1125,7790
69849,124500,50620,46520,77980,23329,-4031
67547,129524,57442,29280,100244,38267,-4535
71673,106829,37139,65102,41727,6571,1983
71781,111327,39926,62950,48377,8831,380
