Points,Edges,Area,Perimeter,Contact_perimeter,TETRAPIXEL,Euler_General_8_Async
17964,27070,9474,16244,10826,1720,-1561
16710,32933,15584,3530,29403,13180,-708
17474,24224,7973,16556,7668,918,-850
6117,6468,1705,6116,352,1,1075
17906,26181,8981,16438,9743,1468,-1322
16643,33019,16234,1102,31917,15541,-144
16555,21811,6882,16094,5717,461,-263
17914,28754,10595,15128,13626,2786,-1862
13829,16482,4813,13712,2770,117,680
17887,29613,11240,14266,15347,3621,-1948
15685,19947,6133,15362,4585,323,169
17995,27304,9639,16052,11252,1943,-1563
17815,26112,8973,16332,9780,1483,-1292
17042,22979,7395,16378,6601,664,-498
6629,7036,1861,6628,408,1,1103
18011,28478,10397,15368,13110,2643,-1798
16376,21408,6728,15904,5504,472,-171
17977,29465,11068,14658,14807,3319,-1973
17992,26617,9202,16426,10191,1566,-1420
6263,6589,1729,6262,327,1,1099
17985,28167,10228,15422,12745,2563,-1719
17919,27295,9664,15934,11361,1985,-1534
13478,15972,4640,13384,2588,94,812
12527,14523,4147,12458,2065,69,1020
17737,25785,8788,16418,9367,1319,-1200
17721,25714,8754,16412,9302,1309,-1227
16641,33023,16317,778,32245,15863,-65
17990,28956,10701,15108,13848,2882,-1912
14696,18004,5372,14520,3484,176,511
17824,30007,11518,13942,16065,3882,-2028
17203,23406,7583,16480,6926,723,-635
9207,10122,2762,9196,926,11,1192
17308,31728,13298,10264,21464,7044,-1840
10733,12029,3336,10714,1315,19,1177
16032,20574,6369,15672,4902,360,6
17728,30793,12202,12778,18015,4950,-2047
14632,17776,5266,14488,3288,144,545
16693,32943,15672,3198,29745,13495,-631
17939,27648,9864,15840,11808,2099,-1627
13059,15372,4441,12980,2392,79,911
13987,16747,4908,13862,2885,125,677
16921,23051,7478,16190,6861,731,-509
11963,13737,3889,11918,1819,45,1067
17750,25417,8558,16602,8815,1148,-1140
10308,11599,3231,10274,1325,34,1144
2982,3047,778,2982,65,0,649
8729,9505,2572,8722,783,7,1216
4882,5070,1315,4880,190,2,969
13072,15292,4398,12992,2300,80,883
18067,27884,9963,15916,11968,2151,-1719
17975,26968,9413,16284,10684,1691,-1541
16826,22519,7205,16218,6301,608,-416
17898,29741,11307,14254,15487,3644,-1997
17610,31103,12506,12182,18921,5428,-2027
17745,26273,9088,16194,10079,1551,-1323
17184,23452,7628,16392,7060,792,-677
17451,24087,7895,16594,7493,857,-795
17028,23088,7467,16308,6780,720,-554
17077,32383,14168,8094,24289,8983,-1596
5691,5974,1565,5688,286,3,1037
9128,10027,2735,9114,913,14,1217
17186,23460,7626,16416,7044,770,-659
17570,25110,8460,16380,8730,1190,-1032
15960,20414,6296,15644,4770,316,36
17053,32427,14230,7934,24493,9119,-1566
16741,32895,15418,4118,28777,12623,-838
17134,23369,7575,16438,6931,696,-649
2366,2421,619,2366,55,0,526
16708,22467,7217,16066,6401,642,-380
17500,31522,12965,11184,20338,6316,-1949
7206,7681,2039,7206,475,0,1141
16744,32844,15297,4500,28344,12244,-908
16455,21524,6756,16024,5500,431,-236
17850,26082,8924,16468,9614,1382,-1285
16427,21695,6872,15902,5793,525,-236
16982,22886,7361,16328,6558,654,-508
17768,26256,9081,16188,10068,1580,-1300
17818,25837,8807,16446,9391,1372,-1239
14919,18472,5561,14700,3772,219,464
17925,26927,9438,16102,10825,1823,-1462
17906,27281,9644,15986,11295,1920,-1552
16936,22993,7432,16258,6735,678,-578
15347,19176,5816,15088,4088,259,292
2672,2730,697,2672,58,0,581
15083,18845,5711,14846,3999,237,331
17505,24454,8090,16548,7906,957,-892
17346,24206,8001,16408,7798,938,-843
14211,17223,5093,14074,3149,137,625
16828,32738,15009,5440,27298,11388,-1093
17524,31447,12857,11466,19981,6058,-2004
5986,6312,1660,5984,328,2,1081
11293,12883,3628,11254,1629,39,1129
14350,17275,5080,14230,3045,120,637
9180,10105,2761,9166,939,14,1227
9110,9973,2711,9102,871,8,1252
16134,20996,6570,15712,5284,422,-88
16774,22382,7139,16208,6174,566,-390
17094,32313,14091,8262,24051,8832,-1601
17775,25705,8713,16558,9147,1217,-1196
18030,29116,10797,15044,14072,2986,-1944
16671,32979,15852,2550,30429,14121,-486
17919,29812,11354,14208,15604,3711,-1981
17884,26417,9130,16314,10103,1570,-1337
14644,17861,5307,14494,3367,150,514
16672,32980,15885,2420,30560,14252,-454
17821,25914,8830,16508,9406,1313,-1257
16785,22378,7126,16252,6126,533,-397
16986,32486,14398,7380,25106,9606,-1460
17457,24361,8045,16542,7819,915,-919
10026,11139,3068,10006,1133,20,1226
16642,33023,16321,762,32261,15880,-61
17389,31733,13220,10586,21147,6803,-1904
16326,21386,6735,15832,5554,494,-170
17561,24970,8377,16432,8538,1129,-1043
17273,23759,7765,16458,7301,815,-736
17947,26686,9260,16332,10354,1615,-1447
17609,31062,12501,12120,18942,5489,-2005
17781,30564,12002,13120,17444,4661,-2048
17696,31028,12406,12432,18596,5264,-2055
17744,30513,11966,13162,17351,4582,-2034
15702,19844,6069,15412,4432,290,182
7886,8534,2297,7880,654,6,1180
5957,6294,1658,5956,338,1,1046
17905,26625,9259,16214,10411,1691,-1420
16963,22574,7187,16400,6174,563,-434
8933,9765,2651,8926,839,7,1265
10356,11540,3186,10336,1204,20,1175
168,168,42,168,0,0,42
6771,7232,1925,6764,468,7,1113
13052,15375,4444,12974,2401,78,861
17958,30141,11557,14054,16087,3904,-2114
16424,21464,6736,15984,5480,440,-203
128,128,32,128,0,0,32
13942,16853,4974,13810,3043,132,598
18061,29015,10725,15130,13885,2931,-1919
17283,23691,7720,16502,7189,781,-722
16575,21816,6888,16080,5736,495,-246
16077,20690,6417,15712,4978,365,-1
17910,29362,11050,14524,14838,3386,-1909
16655,33003,16049,1810,31193,14845,-313
17608,31220,12627,11932,19288,5676,-2025
16748,32907,15388,4262,28645,12486,-879
14784,18156,5434,14576,3580,208,488
17987,26917,9415,16174,10743,1813,-1477
17874,26912,9427,16116,10796,1758,-1456
17787,30337,11802,13466,16871,4321,-2021
18065,27677,9856,15930,11747,2135,-1663
17612,25028,8387,16508,8520,1104,-1023
17360,31787,13351,10170,21617,7190,-1830
10266,11402,3140,10244,1158,22,1211
17631,24555,8108,16678,7877,953,-970
17721,30816,12204,12816,18000,4905,-2069
16676,22124,7032,16120,6004,556,-333
18058,29216,10864,14976,14240,3082,-1938
17342,24203,8000,16406,7797,936,-813
9906,10986,3023,9880,1106,26,1183
17985,27648,9862,15848,11800,2137,-1641
17942,29080,10864,14704,14376,3238,-1855
15818,20212,6238,15472,4740,346,56
17203,24076,7961,16308,7768,895,-794
18072,27771,9911,15898,11873,2174,-1675
15123,18619,5578,14926,3693,197,391
14453,17784,5331,14244,3540,209,538
7407,7939,2118,7406,533,1,1176
18047,27677,9853,15942,11735,2105,-1644
268,268,67,268,0,0,67
18050,27413,9656,16202,11211,1848,-1614
14799,18160,5424,14624,3536,175,428
18084,27082,9450,16364,10718,1720,-1542
15986,20738,6469,15600,5138,386,-64
17847,30189,11648,13786,16403,4061,-2049
16739,32868,15405,4116,28752,12623,-824
17968,28378,10337,15408,12970,2560,-1791
18057,28307,10228,15702,12605,2355,-1816
17357,24136,7943,16500,7636,857,-781
17843,30223,11698,13654,16569,4189,-2037
16655,22010,6981,16096,5914,559,-316
14532,17651,5231,14378,3273,154,553
15653,19734,6028,15356,4378,297,217
18140,28453,10313,15654,12799,2486,-1836
11159,12607,3521,11130,1477,29,1150
15019,18689,5645,14798,3891,221,320
17959,26919,9413,16186,10733,1773,-1493
17390,31597,13121,10710,20887,6680,-1880
17697,30495,11979,13074,17421,4623,-1995
12264,14212,4056,12200,2012,64,1020
16087,20628,6383,15724,4904,363,-49
17670,25635,8734,16334,9301,1336,-1162
17270,23692,7724,16488,7204,782,-719
17050,32389,14214,7922,24467,9128,-1547
17323,23792,7763,16532,7260,791,-723
11860,13621,3859,11806,1815,54,1073
10933,12351,3452,10894,1457,39,1162
17414,24416,8105,16412,8004,1002,-866
15672,19907,6107,15386,4521,286,142
16546,21770,6872,16052,5718,494,-233
17526,31110,12579,11904,19206,5622,-1965
17518,31348,12814,11440,19908,6078,-1966
17906,26745,9303,16278,10467,1628,-1437
17739,30852,12241,12740,18112,4999,-2046
17792,30397,11865,13334,17063,4458,-2006
13525,16166,4735,13392,2774,133,772
16476,21479,6735,16018,5461,458,-267
17393,31565,13054,10914,20651,6479,-1923
14858,18366,5523,14640,3726,218,417
15906,20438,6343,15504,4934,402,25
18003,28205,10215,15550,12655,2453,-1745
17573,24775,8249,16554,8221,1019,-1000
17083,32338,14107,8248,24090,8835,-1611
9683,10781,2975,9662,1119,21,1168
16854,22518,7191,16272,6246,582,-474
17926,29230,10948,14668,14562,3258,-1890
9705,10776,2964,9696,1080,9,1175
14482,17743,5296,14302,3441,180,568
18113,27364,9623,16236,11128,1877,-1616
17408,24541,8176,16378,8163,1030,-887
17735,25337,8525,16574,8763,1161,-1113
17166,23564,7684,16392,7172,774,-669
16929,32579,14615,6698,25881,10231,-1336
8630,9388,2538,8624,764,6,1203
17946,27167,9567,16066,11101,1880,-1527
16982,32522,14433,7312,25210,9670,-1455
17949,29299,10987,14650,14649,3299,-1908
12321,14400,4138,12248,2152,73,995
17988,28737,10546,15290,13447,2698,-1875
800,804,202,800,4,0,193
14176,17143,5070,14006,3137,170,669
17920,27171,9593,15970,11201,1950,-1552
17940,29056,10819,14836,14220,3104,-1864
17276,31957,13589,9558,22399,7718,-1755
17907,26048,8897,16508,9540,1399,-1312
12432,14411,4116,12358,2053,74,975
17445,24384,8071,16484,7900,961,-856
17981,29156,10851,14908,14248,3073,-1937
17983,27934,10038,15716,12218,2267,-1725
17983,27373,9702,15938,11435,2045,-1535
17978,30194,11610,13948,16246,4030,-2114
12713,14797,4240,12634,2163,79,929
16865,32700,14923,5708,26992,11157,-1142
12012,13779,3899,11962,1817,50,1056
17361,31727,13280,10334,21393,7027,-1853
17678,25729,8805,16238,9491,1440,-1115
15370,19119,5773,15146,3973,224,326
17869,26562,9222,16236,10326,1633,-1373
9493,10448,2855,9476,972,17,1213
13572,16171,4720,13462,2709,110,766
18046,27206,9548,16220,10986,1826,-1577
15787,20156,6214,15456,4700,331,82
17922,26496,9177,16284,10212,1638,-1366
10479,11785,3280,10450,1335,29,1135
712,716,180,712,4,0,175
10551,11819,3277,10530,1289,21,1179
16878,22679,7280,16238,6441,640,-477
15886,20352,6292,15536,4816,350,9
17230,32029,13664,9402,22627,7828,-1754
17662,25618,8710,16396,9222,1266,-1198
17326,31732,13304,10248,21484,7078,-1835
3517,3618,930,3516,102,1,747
17870,26107,8936,16470,9637,1400,-1281
9496,10555,2909,9474,1081,22,1185
9904,10989,3023,9886,1103,18,1182
16860,32711,14895,5842,26869,11018,-1182
17923,27900,10045,15620,12280,2303,-1666
18036,28541,10428,15370,13171,2666,-1836
7202,7724,2062,7200,524,2,1128
17827,30075,11579,13834,16241,3993,-2047
8743,9589,2613,8726,863,17,1198
7986,8669,2339,7982,687,4,1179
7115,7619,2031,7114,505,1,1160
17893,30044,11557,13860,16184,4033,-2007
17890,25893,8810,16546,9347,1344,-1240
17694,25935,8919,16194,9741,1500,-1245
17371,31748,13266,10432,21316,6939,-1873
17828,25780,8766,16496,9284,1332,-1203
16852,32711,14875,5922,26789,10930,-1200
17663,25306,8517,16544,8762,1119,-1084
9557,10599,2916,9534,1065,23,1217
15466,19404,5901,15204,4200,262,271
17952,26987,9433,16242,10745,1710,-1514
17286,24011,7893,16450,7561,836,-824
14049,16733,4881,13942,2791,107,741
15236,19058,5789,14960,4098,276,262
16118,20570,6346,15756,4814,362,-6
17576,30775,12285,12410,18365,5166,-1967
17816,26006,8903,16400,9606,1416,-1269
17872,26610,9243,16248,10362,1624,-1464
16745,22059,6975,16218,5841,527,-276
18063,27822,9947,15856,11966,2207,-1681
16624,21948,6954,16080,5868,544,-368
17652,25635,8734,16334,9301,1318,-1192
18149,27571,9750,16142,11429,2007,-1673
17960,29525,11125,14550,14975,3410,-1983
16764,32780,15125,5060,27720,11704,-1020
17306,24248,8036,16352,7896,954,-821
16664,32979,15869,2482,30497,14182,-469
12037,13792,3900,11984,1808,53,1083
1674,1697,430,1674,23,0,386
17544,31371,12811,11498,19873,6046,-1976
12838,15034,4327,12760,2274,78,915
17146,23495,7658,16358,7137,788,-673
16877,22315,7076,16326,5989,551,-396
16975,22858,7340,16356,6502,619,-549
1598,1615,408,1598,17,0,376
12012,13733,3879,11950,1783,62,1112
17435,23955,7830,16590,7365,845,-794
18012,27035,9474,16174,10861,1838,-1528
17908,27299,9676,15894,11405,2014,-1555
17752,25758,8785,16376,9382,1376,-1227
16495,21527,6758,16022,5505,473,-230
16103,20647,6390,15734,4913,369,-13
17582,31137,12585,11934,19203,5648,-1993
17738,30735,12182,12742,17993,4996,-2009
18140,28674,10469,15472,13202,2668,-1897
15772,19819,6031,15514,4305,258,181
17940,27918,10052,15628,12290,2312,-1658
16471,21558,6775,16016,5542,455,-217
13483,15794,4547,13400,2394,83,866
15626,19640,5976,15376,4264,250,230
17671,25163,8460,16486,8677,1185,-1087
9750,10764,2947,9740,1024,10,1246
17013,23180,7532,16232,6948,781,-567
15677,20102,6225,15304,4798,373,70
7965,8603,2312,7958,645,7,1163
16637,21811,6860,16182,5629,455,-310
17005,23034,7447,16280,6754,725,-526
12458,14490,4146,12396,2094,62,969
17929,26518,9174,16340,10178,1589,-1400
9388,10323,2818,9374,949,14,1198
14192,17072,5026,14040,3032,152,666
1676,1700,431,1676,24,0,383
17962,27843,9965,15826,12017,2136,-1704
17325,31805,13355,10190,21615,7135,-1848
17526,24799,8279,16482,8317,1044,-1017
6080,6440,1701,6076,364,4,1078
18119,27582,9742,16196,11386,1923,-1674
17255,23430,7580,16540,6890,715,-653
17056,32403,14197,8018,24385,9038,-1579
16671,22053,6999,16110,5943,561,-348
16656,32993,15999,1990,31003,14666,-354
17196,23469,7629,16422,7047,774,-662
12776,14915,4282,12702,2213,74,924
17755,30730,12155,12840,17890,4915,-2034
17156,23382,7583,16432,6950,724,-634
16220,21002,6544,15828,5174,392,-107
17528,24746,8251,16488,8258,1040,-1002
17983,29557,11135,14574,14983,3409,-1994
17991,29026,10771,14968,14058,3023,-1877
338,341,86,338,3,0,82
16747,22356,7143,16140,6216,607,-399
17901,29573,11174,14450,15123,3451,-1974
16269,20977,6523,15862,5115,407,-70
16753,32870,15353,4328,28542,12425,-877
14337,17495,5217,14122,3373,215,613
17030,32418,14268,7764,24654,9266,-1526
17088,32416,14176,8128,24288,8960,-1610
17119,32290,14002,8572,23718,8547,-1665
17122,23650,7754,16284,7366,838,-730
8665,9393,2532,8658,735,7,1263
11392,12890,3604,11364,1526,28,1154
17841,26247,9048,16302,9945,1539,-1296
17980,27871,10015,15682,12189,2298,-1674
17466,31559,13027,11010,20549,6456,-1941
14516,17735,5277,14362,3373,154,529
17284,31881,13458,9930,21951,7354,-1825
3237,3334,858,3236,98,1,696
16893,32719,14866,5974,26745,10919,-1217
17551,25013,8395,16446,8567,1105,-1052
15826,20040,6139,15524,4516,302,123
17960,26945,9440,16130,10815,1830,-1506
18074,29593,11112,14738,14855,3336,-2027
17867,30230,11711,13616,16614,4251,-2034
17372,24259,8010,16478,7781,894,-868
16949,22963,7415,16266,6697,683,-538
17885,30159,11632,13790,16369,4095,-2030
17753,25455,8575,16610,8845,1143,-1139
17987,26968,9420,16256,10712,1731,-1513
17741,30155,11721,13426,16729,4315,-1947
16894,32639,14756,6254,26385,10640,-1255
16958,22627,7221,16370,6257,588,-505
17394,24338,8054,16460,7878,934,-894
18000,29074,10811,14904,14170,3096,-1908
17863,30063,11587,13778,16285,4085,-1998
3506,3611,929,3506,105,0,723
17564,31363,12763,11674,19689,5890,-2023
18071,27260,9606,16096,11164,1975,-1566
15160,18802,5667,14936,3866,224,370
13877,16673,4906,13722,2951,155,690
12504,14581,4183,12430,2151,74,975
17709,30348,11858,13264,17084,4445,-2001
18044,29589,11128,14666,14923,3378,-2015
17040,23180,7517,16292,6888,748,-600
3260,3344,857,3260,84,0,688
17998,28067,10103,15722,12345,2276,-1751
13741,16543,4874,13590,2953,151,707
16988,32372,14252,7736,24636,9252,-1498
17564,24868,8309,16500,8368,1064,-983
17466,31556,13008,11080,20476,6386,-1948
17889,26735,9328,16158,10577,1731,-1449
13911,16670,4886,13796,2874,115,739
17922,29752,11293,14332,15420,3590,-2006
17199,23558,7673,16424,7134,775,-678
18062,28523,10393,15474,13049,2588,-1832
16610,21990,6975,16080,5910,530,-304
16366,21292,6662,15936,5356,430,-185
17642,25190,8467,16512,8678,1130,-1084
16400,21490,6766,15916,5574,484,-199
16896,22954,7439,16152,6802,744,-543
11968,13702,3870,11924,1778,44,1025
17680,30769,12232,12610,18159,5070,-2011
13379,15623,4487,13298,2325,81,881
17944,27236,9621,15988,11248,1956,-1557
15070,18699,5638,14846,3853,224,374
530,531,133,530,1,0,131
17291,23939,7871,16394,7545,897,-795
16587,21776,6862,16104,5672,483,-278
16316,21316,6702,15824,5492,492,-141
17946,29731,11296,14278,15453,3668,-1986
6427,6827,1807,6426,401,1,1114
9986,11093,3055,9966,1127,20,1206
16806,22556,7231,16188,6368,618,-426
13394,15842,4595,13304,2538,90,810
13539,16221,4755,13422,2799,117,756
17868,26962,9463,16072,10890,1796,-1474
15938,20313,6258,15594,4719,344,90
16562,21648,6807,16068,5580,494,-229
17352,31745,13253,10478,21267,6874,-1902
16662,32995,16022,1902,31093,14760,-332
17773,25805,8788,16458,9347,1315,-1257
16033,20603,6391,15642,4961,391,13
5289,5569,1463,5286,283,3,990
13872,16643,4884,13750,2893,122,703
15530,19660,6027,15212,4448,318,168
17029,23010,7419,16344,6666,685,-581
16925,22627,7234,16318,6309,607,-491
17175,23613,7705,16406,7207,769,-674
15357,19270,5863,15088,4182,269,249
18013,28077,10136,15610,12467,2403,-1732
17647,25165,8457,16502,8663,1145,-1060
12642,14704,4208,12576,2128,66,1012
17975,29633,11187,14518,15115,3457,-2004
15889,20200,6212,15552,4648,337,47
16642,33021,16306,818,32203,15824,-74
17904,27583,9837,15818,11765,2086,-1633
892,904,229,892,12,0,211
14497,17621,5234,14306,3315,191,544
4088,4244,1100,4088,156,0,805
17396,24266,8019,16456,7810,940,-867
17254,23993,7899,16390,7603,864,-808
13615,16229,4742,13490,2739,125,752
16701,22394,7184,16052,6342,649,-445
17413,24301,8038,16450,7851,963,-848
16677,32967,15823,2642,30325,14035,-503
18030,28795,10589,15234,13561,2796,-1869
16485,21416,6699,16036,5380,449,-194
17207,23496,7639,16436,7060,771,-652
17288,31997,13559,9758,22239,7530,-1820
14941,18279,5445,14778,3501,163,453
15431,19405,5915,15150,4255,281,261
8428,9155,2473,8418,737,10,1226
17872,29839,11410,14038,15801,3834,-1982
17565,24674,8195,16568,8106,997,-968
1374,1393,353,1374,19,0,311
16967,32454,14362,7460,24994,9507,-1465
16158,21154,6650,15708,5446,450,-146
14944,18467,5551,14730,3737,214,421
17925,29028,10810,14816,14212,3109,-1865
11514,13146,3706,11468,1678,46,1154
15816,20118,6186,15492,4626,324,84
16885,23004,7466,16144,6860,741,-534
14370,17462,5176,14220,3242,150,587
17910,28807,10660,14974,13833,2936,-1813
17412,31615,13102,10822,20793,6590,-1923
17802,30307,11770,13534,16773,4268,-2033
17397,23474,7564,16692,6782,705,-740
17345,24172,7977,16436,7736,909,-829
17735,25323,8520,16566,8757,1169,-1116
11025,12470,3487,10992,1478,33,1121
13643,16362,4804,13508,2854,135,790
3646,3767,972,3646,121,0,746
17570,24739,8249,16482,8257,1088,-914
17972,26375,9063,16498,9877,1474,-1383
18076,28160,10183,15588,12572,2488,-1746
15318,19288,5884,15040,4248,278,272
12550,14609,4180,12498,2111,52,937
17501,24784,8278,16456,8328,1045,-927
16946,32588,14563,6924,25664,10022,-1391
15323,19229,5854,15042,4187,281,256
17788,25787,8762,16526,9261,1262,-1220
11275,12782,3581,11240,1542,35,1157
17036,32437,14297,7686,24751,9350,-1511
17586,31257,12674,11818,19439,5768,-2018
11674,13317,3752,11626,1691,48,1085
17785,27289,9693,15806,11483,1979,-1531
17447,24090,7898,16588,7502,859,-816
17111,32236,14005,8452,23784,8659,-1613
10889,12237,3403,10862,1375,27,1159
15762,20139,6208,15446,4693,316,113
17961,28042,10094,15708,12334,2253,-1753
16823,32802,15113,5152,27650,11671,-1051
7171,7662,2040,7164,498,7,1175
17741,30676,12065,13092,17584,4649,-2076
16821,32769,15059,5302,27467,11519,-1074
18094,27679,9826,16054,11625,2040,-1682
12934,15141,4359,12846,2295,88,886
16990,32524,14438,7296,25228,9694,-1453
17079,32332,14136,8120,24212,8959,-1570
6027,6363,1675,6026,337,1,1047
16992,22964,7418,16256,6708,736,-507
12767,14868,4257,12708,2160,59,957
17934,29703,11263,14354,15349,3580,-2013
12725,14806,4241,12648,2158,77,983
17905,29393,11064,14530,14863,3375,-1944
16536,21750,6863,16048,5702,488,-269
18014,28118,10157,15608,12510,2406,-1730
17265,31850,13465,9840,22010,7425,-1781
16255,20879,6465,15898,4981,357,-45
17073,32327,14134,8118,24209,8955,-1566
17255,31948,13526,9792,22156,7463,-1817
17143,32225,13957,8622,23603,8521,-1652
16586,21822,6897,16056,5766,530,-261
16379,21182,6601,15960,5222,419,-129
15939,20373,6284,15610,4763,329,61
15483,19501,5954,15186,4315,297,201
12251,14106,4007,12184,1922,67,1007
12991,15266,4405,12912,2354,79,914
16141,20549,6320,15818,4731,323,-6
16488,21549,6775,15998,5551,490,-219
18011,27018,9426,16332,10686,1679,-1543
17678,25171,8445,16562,8609,1116,-1075
14404,17653,5270,14226,3427,178,538
13866,16492,4808,13752,2740,114,742
11370,12926,3629,11336,1590,34,1108
17698,25403,8582,16478,8925,1220,-1126
17855,26511,9190,16262,10249,1593,-1365
17399,24420,8093,16468,7952,931,-871
18005,29152,10840,14944,14208,3061,-1933
17936,30180,11612,13912,16268,4024,-2061
17768,25701,8726,16498,9203,1270,-1238
10564,11808,3270,10536,1272,28,1178
12534,14618,4193,12464,2154,70,974
18079,29157,10828,15002,14155,3077,-1942
4096,4244,1098,4096,148,0,827
17647,30693,12136,12842,17851,4805,-2017
5927,6241,1639,5926,315,1,1056
15806,20227,6251,15450,4777,356,68
10200,11336,3123,10180,1156,20,1150
17861,26818,9375,16136,10682,1725,-1445
15099,18773,5672,14858,3915,241,400
17952,28923,10717,14978,13945,2974,-1881
17475,31509,12980,11098,20411,6377,-1926
18024,27340,9640,16120,11220,1904,-1601
16811,32796,15099,5196,27600,11615,-1059
18028,27904,10005,15788,12116,2240,-1702
17296,23903,7845,16426,7477,870,-780
17470,24370,8052,16532,7838,938,-890
18044,28402,10302,15596,12806,2448,-1830
18092,28215,10201,15626,12589,2466,-1755
16719,32907,15556,3590,29317,13129,-712
17674,31007,12404,12398,18609,5276,-2046
16879,22739,7321,16194,6545,685,-447
17196,32044,13684,9352,22692,7844,-1746
17798,25966,8891,16368,9598,1430,-1282
17656,30502,12019,12928,17574,4728,-1999
11911,13672,3870,11864,1808,47,1050
16787,32774,15101,5144,27630,11643,-1038
15619,19720,6025,15340,4380,279,175
9907,10938,2995,9896,1042,11,1249
16646,33002,16101,1600,31402,15046,-261
17581,24852,8296,16520,8332,1061,-988
16727,22361,7154,16106,6255,621,-396
18060,27431,9692,16094,11337,1966,-1607
17103,23550,7694,16324,7226,779,-673
17029,32393,14262,7738,24655,9291,-1510
17488,24726,8258,16420,8306,1068,-961
17387,24134,7939,16512,7622,875,-849
15372,19264,5857,15100,4164,272,317
16451,21182,6573,16072,5110,379,-159
17873,26593,9227,16278,10315,1595,-1397
16746,32860,15400,4120,28740,12626,-822
14259,17328,5143,14084,3244,175,615
17909,27426,9738,15900,11526,2009,-1568
602,603,151,602,1,0,150
17112,32278,14022,8468,23810,8644,-1634
17967,27364,9681,16004,11360,1963,-1608
17266,24035,7924,16374,7661,892,-766
17898,29603,11198,14414,15189,3484,-1975
17451,24153,7930,16586,7567,865,-816
15589,19596,5969,15316,4280,273,191
2540,2600,665,2540,60,0,565
16996,32516,14424,7336,25180,9660,-1467
18075,28144,10137,15740,12404,2335,-1740
18006,27472,9733,16012,11460,1994,-1634
17351,31743,13276,10382,21361,6969,-1859
1578,1597,404,1578,19,0,362
16273,21017,6531,15910,5107,363,-84
17882,29678,11292,14188,15490,3694,-1945
15459,19418,5916,15172,4246,287,259
16972,22883,7352,16358,6525,614,-528
17241,23700,7742,16432,7268,809,-695
17930,29054,10796,14924,14130,3006,-1898
3076,3162,812,3076,86,0,650
16641,33020,16257,1012,32008,15629,-122
17672,30822,12247,12656,18166,5016,-2034
13469,15963,4632,13398,2565,71,741
15178,18791,5655,14962,3829,216,372
17028,23287,7577,16266,7021,762,-603
17394,24302,8045,16424,7878,970,-829
16046,20575,6356,15726,4849,320,-16
17973,28801,10626,15098,13703,2875,-1868
14495,17556,5192,14344,3212,151,580
17765,30511,11958,13190,17321,4575,-2040
17282,23505,7616,16546,6959,736,-687
17983,28993,10749,14990,14003,2993,-1877
17019,32443,14310,7646,24797,9373,-1512
17893,28239,10276,15374,12865,2519,-1732
17788,25815,8792,16462,9353,1326,-1225
17915,29283,10958,14734,14549,3181,-1929
16409,21575,6811,15906,5669,503,-197
16858,22091,6945,16402,5689,456,-371
17864,26346,9097,16304,10042,1560,-1352
18075,27501,9716,16138,11363,1937,-1651
17882,26959,9468,16046,10913,1836,-1495
18002,26839,9349,16282,10557,1720,-1487
17985,29829,11359,14222,15607,3763,-1995
2814,2873,733,2814,59,0,611
17629,25378,8601,16352,9026,1277,-1126
14318,17411,5167,14154,3257,164,550
1284,1296,327,1284,12,0,296
17880,29887,11427,14066,15821,3814,-2010
17955,29337,11021,14590,14747,3365,-1911
17989,26541,9165,16422,10119,1567,-1441
17935,27786,9970,15692,12094,2243,-1679
17955,27528,9776,15952,11576,2003,-1627
17259,32016,13619,9556,22460,7703,-1773
18084,28655,10482,15382,13273,2702,-1874
5416,5689,1491,5414,275,2,986
13132,15461,4467,13054,2407,78,873
15283,19002,5737,15056,3946,227,270
18058,28584,10438,15416,13168,2642,-1812
16644,33013,16192,1258,31755,15386,-180
814,821,207,814,7,0,197
13129,15536,4506,13048,2488,81,812
16813,22308,7092,16248,6060,565,-392
6974,7472,1994,6968,504,6,1160
17871,30048,11561,13852,16196,4019,-2013
17133,32265,14016,8466,23799,8667,-1625
17890,29988,11484,14040,15948,3850,-2022
16692,32954,15722,3020,29934,13672,-591
18035,27435,9689,16114,11321,1921,-1603
15074,18743,5656,14862,3881,212,326
17941,28920,10735,14900,14020,3041,-1852
16825,32819,15148,5046,27773,11779,-1030
16906,32643,14700,6486,26157,10420,-1309
15732,20153,6229,15390,4763,342,88
17988,27053,9480,16186,10867,1802,-1525
16756,22406,7169,16136,6270,620,-379
15571,19768,6062,15288,4480,283,169
17961,27105,9531,16086,11019,1875,-1528
17786,25965,8885,16390,9575,1396,-1266
16559,21724,6845,16068,5656,491,-261
16418,21382,6688,16012,5370,406,-158
10347,11547,3193,10322,1225,25,1198
18064,28365,10305,15510,12855,2554,-1804
17651,25445,8627,16382,9063,1269,-1100
17959,29975,11463,14098,15877,3861,-2039
13489,15972,4637,13396,2576,93,838
17229,23637,7708,16442,7195,787,-691
16689,32945,15713,3038,29907,13651,-592
17993,27626,9856,15828,11798,2165,-1623
17281,23702,7730,16484,7218,797,-725
18022,27554,9795,15928,11626,2094,-1601
17507,24353,8027,16598,7755,909,-855
10119,11293,3121,10102,1191,17,1193
17721,25209,8467,16550,8659,1171,-1137
17774,30496,11907,13364,17132,4410,-2073
16666,32987,15914,2318,30669,14348,-432
624,630,159,624,6,0,149
18117,28160,10115,15860,12300,2257,-1804
17969,29028,10782,14928,14100,3041,-1880
17970,28100,10163,15548,12552,2422,-1693
17876,30198,11680,13676,16522,4200,-2040
17568,24789,8258,16546,8243,1022,-957
16300,21088,6576,15872,5216,428,-110
16551,21711,6838,16070,5641,481,-283
11084,12520,3497,11052,1468,32,1161
16703,21981,6945,16182,5799,521,-302
17226,32076,13698,9360,22716,7866,-1763
9825,10855,2975,9810,1045,15,1178
16669,22125,7029,16134,5991,535,-373
17936,26121,8924,16546,9575,1390,-1325
17671,25324,8532,16520,8804,1151,-1120
17770,30970,12327,12632,18338,5138,-2079
16061,20486,6312,15724,4762,337,-42
17758,30276,11791,13388,16888,4370,-1981
15720,19985,6147,15382,4603,338,99
8427,9095,2441,8426,669,1,1232
16656,33003,16031,1882,31121,14774,-331
16649,33010,16123,1528,31482,15121,-246
12163,13998,3972,12108,1890,55,1063
17830,26663,9300,16126,10537,1704,-1406
17183,32158,13816,9052,23106,8131,-1726
17791,26348,9123,16204,10144,1587,-1330
18044,28706,10513,15360,13346,2684,-1859
16913,22607,7234,16278,6329,635,-442
16313,21155,6597,15922,5233,391,-129
17586,30968,12426,12232,18736,5354,-1990
11835,13596,3852,11784,1812,51,1046
16298,21278,6677,15848,5430,450,-161
17788,30537,11940,13314,17223,4474,-2059
17439,31749,13201,10694,21055,6745,-1934
12075,13885,3935,12030,1855,45,1037
18111,27367,9632,16206,11161,1905,-1626
12292,14188,4035,12236,1952,56,1033
16987,32480,14402,7352,25128,9635,-1446
17925,29546,11186,14348,15198,3577,-1934
17409,24324,8034,16512,7812,897,-901
17412,24166,7943,16560,7606,852,-818
17949,26750,9312,16252,10498,1697,-1437
17139,23311,7552,16414,6897,725,-589
16736,22120,7016,16176,5944,560,-315
16065,20611,6383,15690,4921,375,-13
16642,33018,16270,956,32062,15686,-107
15801,20097,6180,15474,4623,327,62
14529,17841,5332,14354,3487,175,512
4264,4427,1148,4262,165,2,844
5324,5592,1465,5324,268,0,998
13624,16274,4765,13488,2786,136,771
17245,23550,7657,16472,7078,773,-667
17781,25612,8685,16484,9128,1297,-1196
17785,26398,9160,16156,10242,1629,-1339
17261,24006,7919,16336,7670,925,-709
16969,22651,7230,16382,6269,587,-467
15549,19595,5979,15274,4321,275,234
17992,26352,9041,16540,9812,1452,-1372
14478,17633,5237,14318,3315,160,537
16693,21878,6895,16176,5702,517,-264
15490,19564,5987,15180,4384,310,179
17897,29465,11093,14558,14907,3339,-1965
17501,24452,8094,16528,7924,973,-861
18109,28960,10687,15172,13788,2937,-1910
16296,21206,6638,15860,5346,436,-138
18024,27285,9618,16098,11187,1926,-1565
2418,2469,630,2418,51,0,540
18064,28438,10361,15432,13006,2632,-1808
4117,4302,1122,4116,186,1,811
17255,23907,7851,16410,7497,845,-775
17790,26170,9016,16276,9894,1514,-1338
17662,30907,12365,12354,18553,5308,-1988
17206,23478,7620,16476,7002,730,-691
17211,23416,7589,16476,6940,735,-673
17294,23733,7743,16494,7239,800,-746
17924,28227,10273,15362,12865,2562,-1749
17226,32022,13629,9528,22494,7698,-1780
17574,31312,12709,11788,19524,5786,-2025
17684,25484,8621,16484,9000,1200,-1149
17953,27335,9666,16006,11329,1947,-1578
6750,7217,1922,6746,471,4,1130
16465,21420,6702,16032,5388,433,-174
15678,19840,6074,15384,4456,294,141
14932,18367,5498,14742,3625,190,423
9608,10615,2909,9594,1021,14,1202
17700,25153,8431,16582,8571,1118,-1066
10308,11565,3213,10278,1287,30,1175
17705,30942,12323,12592,18350,5113,-2067
9731,10804,2974,9712,1092,19,1209
10614,11882,3292,10596,1286,18,1116
17800,25547,8632,16566,8981,1234,-1178
15411,19412,5925,15124,4288,287,213
17795,25905,8840,16450,9455,1345,-1253
16033,20627,6403,15642,4985,391,24
17661,25013,8368,16554,8459,1107,-1003
17017,22548,7163,16444,6104,573,-474
16715,32892,15460,3944,28948,12771,-792
17823,26096,8972,16304,9792,1519,-1270
16230,20941,6517,15814,5127,416,-53
17510,24603,8184,16470,8133,1040,-950
16584,21718,6835,16096,5622,488,-288
16159,21017,6581,15710,5307,449,-95
16789,32824,15194,4872,27952,11917,-996
16653,22065,7004,16114,5951,539,-311
14669,18004,5383,14476,3528,193,535
17927,29771,11301,14338,15433,3589,-2002
12473,14535,4169,12394,2141,79,986
17978,26860,9360,16280,10580,1698,-1487
16540,21754,6861,16064,5690,476,-261
7951,8587,2308,7942,645,9,1185
17640,30932,12381,12340,18592,5300,-2012
17591,31155,12568,12038,19117,5553,-2012
17059,23280,7558,16328,6952,731,-640
8543,9284,2508,8536,748,7,1218
16704,32927,15604,3438,29489,13266,-682
16154,20851,6494,15726,5125,428,-15
17918,27272,9656,15920,11352,1998,-1529
18127,28672,10459,15508,13164,2619,-1905
17734,25831,8821,16378,9453,1356,-1207
15834,20354,6317,15440,4914,394,64
13359,15838,4608,13244,2594,115,817
17992,28136,10177,15564,12572,2428,-1725
17602,25211,8503,16410,8801,1192,-1083
17008,22709,7265,16358,6351,650,-452
17696,25308,8520,16536,8772,1160,-1144
17674,24955,8305,16690,8265,984,-1022
16999,23280,7582,16232,7048,767,-640
18092,29389,10967,14910,14479,3182,-2018
10448,11725,3257,10422,1303,26,1166
16503,21598,6782,16068,5530,435,-230
14891,18559,5613,14666,3893,225,358
18045,27888,9979,15860,12028,2185,-1743
16817,22435,7163,16218,6217,599,-421
16487,21866,6951,15928,5938,559,-261
17465,24800,8321,16316,8484,1149,-1002
13096,15426,4463,13000,2426,96,864
17619,25174,8483,16416,8758,1203,-1067
17642,24787,8234,16638,8149,1004,-996
3905,4032,1040,3904,128,1,802
17765,25556,8640,16552,9004,1213,-1203
17746,30555,12020,13030,17525,4716,-2007
17962,26804,9344,16232,10572,1730,-1455
17001,32431,14356,7438,24993,9563,-1445
17869,26222,9020,16364,9858,1505,-1291
17835,25795,8760,16550,9245,1285,-1212
17222,32101,13748,9210,22891,8012,-1729
9026,9877,2686,9010,867,16,1232
17521,24618,8173,16544,8074,977,-953
17476,24430,8085,16520,7910,956,-880
16796,32817,15215,4774,28043,12022,-965
17005,22968,7403,16324,6644,681,-567
4706,4923,1285,4706,217,0,908
17351,31842,13352,10276,21566,7075,-1895
4423,4599,1194,4422,177,1,899
13215,15595,4523,13098,2497,117,873
16784,22751,7344,16126,6625,658,-464
16881,22843,7366,16222,6621,659,-506
17224,23924,7882,16320,7604,904,-731
8088,8745,2352,8082,663,6,1214
11701,13435,3806,11646,1789,55,1031
17812,27108,9574,15920,11188,1892,-1504
13905,16683,4895,13786,2897,119,692
13653,16298,4763,13544,2754,109,757
17560,24435,8058,16638,7797,922,-953
3796,3936,1019,3796,140,0,778
15887,20348,6285,15556,4792,331,29
13175,15575,4517,13082,2493,93,839
17627,31072,12492,12176,18896,5451,-2016
16906,22551,7195,16322,6229,584,-414
17952,27203,9566,16142,11061,1810,-1562
16747,22178,7041,16192,5986,555,-354
17564,31109,12565,11958,19151,5606,-1999
16709,22407,7184,16078,6329,631,-362
17357,31716,13235,10492,21224,6865,-1881
17552,31281,12708,11730,19551,5822,-1988
2398,2437,619,2398,39,0,547
17954,27472,9743,15972,11500,1982,-1587
17409,23841,7772,16594,7247,815,-742
11848,13583,3843,11794,1789,54,1091
2936,2996,764,2936,60,0,637
16787,22217,7037,16286,5931,501,-372
15928,20405,6319,15534,4871,394,38
10732,12083,3365,10706,1377,26,1193
8133,8760,2348,8128,632,5,1225
17807,26088,8962,16328,9760,1479,-1246
17612,25167,8472,16446,8721,1166,-1046
18079,28352,10260,15664,12688,2415,-1832
3884,4016,1037,3884,132,0,807
9945,11083,3060,9926,1157,19,1179
18042,29056,10770,15032,14024,3010,-1916
17519,24619,8174,16542,8077,977,-952
16345,21023,6527,15938,5085,407,-113
13928,16573,4833,13814,2759,114,707
17773,30630,12065,13000,17630,4773,-2034
17585,24853,8283,16574,8279,1011,-1020
16428,21558,6795,15936,5622,492,-197
16077,20778,6464,15700,5078,377,-29
17614,31098,12520,12116,18982,5498,-2015
17255,23572,7659,16508,7064,747,-654
16837,22305,7077,16302,6003,535,-370
16058,20784,6477,15660,5124,398,9
18044,27936,10027,15764,12172,2280,-1672
17139,23209,7488,16466,6743,673,-615
16001,20686,6441,15608,5078,393,-15
2244,2290,584,2244,46,0,499
15973,20513,6343,15654,4859,319,20
1024,1030,259,1024,6,0,248
18068,27993,10074,15690,12303,2378,-1724
17913,26229,9001,16454,9775,1459,-1369
10601,11923,3316,10582,1341,19,1155
12728,14835,4256,12646,2189,82,924
1636,1664,423,1636,28,0,377
17553,31293,12767,11518,19775,6035,-1949
17950,27746,9933,15760,11986,2190,-1661
17976,26414,9090,16468,9946,1508,-1418
16623,21941,6946,16098,5843,525,-266
16054,20871,6528,15630,5241,424,-47
17819,25711,8705,16602,9109,1217,-1236
17459,24604,8187,16460,8144,999,-911
16584,21886,6924,16076,5810,508,-293
17490,24202,7952,16596,7606,894,-822
14170,17037,5008,14042,2995,128,645
17278,23898,7843,16424,7474,854,-778
17703,25401,8586,16458,8943,1245,-1123
16608,21624,6773,16156,5468,452,-241
17921,26582,9203,16352,10230,1569,-1397
2142,2183,556,2142,41,0,475
17787,26294,9084,16252,10042,1535,-1383
16378,21485,6768,15898,5587,480,-178
16684,32972,15802,2736,30236,13948,-529
10505,11695,3228,10478,1217,27,1239
18045,28867,10642,15166,13701,2879,-1896
17955,28250,10272,15412,12838,2543,-1735
15048,18645,5609,14854,3791,194,405
9595,10555,2883,9578,977,17,1235
17079,32273,14030,8426,23847,8653,-1623
17813,26187,9006,16350,9837,1463,-1319
17615,30955,12419,12234,18721,5381,-1997
18002,29833,11337,14318,15515,3684,-2032
15837,20209,6224,15522,4687,315,80
7859,8510,2293,7848,662,11,1189
12360,14365,4110,12290,2075,70,977
1762,1793,456,1762,31,0,406
17990,29467,11065,14674,14793,3316,-1991
18024,28133,10132,15738,12395,2286,-1755
16251,20945,6513,15838,5107,413,-55
8363,9112,2468,8352,760,11,1188
15948,20471,6348,15550,4921,398,38
16773,22423,7170,16166,6257,607,-425
17772,25690,8737,16432,9258,1340,-1172
12735,14927,4302,12646,2281,89,904
17241,23979,7898,16366,7613,875,-755
17021,23053,7442,16338,6715,683,-567
18002,26908,9381,16292,10616,1710,-1508
17493,24429,8083,16526,7903,967,-877
17545,24587,8166,16510,8077,1035,-909
12212,14053,3987,12158,1895,54,1073
18009,27874,10015,15688,12186,2321,-1675
17860,27329,9713,15806,11523,2054,-1515
11838,13627,3868,11782,1845,56,1062
18068,28773,10576,15242,13531,2826,-1873
15105,18811,5689,14866,3945,239,322
17871,26872,9409,16108,10764,1763,-1469
17527,31442,12869,11408,20034,6119,-1989
16331,21235,6645,15890,5345,441,-151
17518,24657,8198,16522,8135,996,-947
16093,20722,6431,15720,5002,373,-42
17967,26596,9214,16336,10260,1631,-1433
17977,26277,9021,16470,9807,1507,-1345
16863,22487,7187,16226,6261,637,-407
11347,12900,3623,11308,1592,39,1129
17965,28766,10590,15172,13594,2793,-1866
11246,12781,3590,11202,1579,44,1113
17570,24753,8244,16530,8223,1040,-991
17917,30248,11672,13808,16440,4109,-2059
17374,31861,13407,10094,21767,7280,-1842
18046,27174,9530,16228,10946,1818,-1539
17135,32162,13905,8704,23458,8431,-1643
18082,28905,10643,15238,13667,2844,-1891
17745,30461,11903,13310,17151,4435,-2055
15804,20030,6146,15476,4554,328,126
17882,29132,10897,14676,14456,3206,-1881
12303,14181,4030,12242,1939,61,1031
16704,32901,15564,3546,29355,13158,-698
17633,25329,8547,16470,8859,1163,-1089
15230,19067,5790,14974,4093,256,327
16311,21152,6597,15916,5236,395,-152
16234,21184,6639,15812,5372,422,-121
17652,30973,12400,12346,18627,5306,-2035
14509,17663,5249,14330,3333,179,502
17880,26328,9084,16320,10008,1560,-1360
15976,20369,6271,15654,4715,322,20
13366,15979,4678,13246,2733,120,790
17326,24171,7977,16434,7737,892,-853
10241,11324,3106,10224,1100,17,1208
12303,14136,4004,12256,1880,47,1043
16439,21353,6681,15982,5371,457,-123
17625,30882,12337,12416,18466,5209,-2012
17409,24161,7935,16582,7579,827,-858
17847,29898,11481,13872,16026,3975,-1951
14553,17744,5274,14392,3352,161,554
16454,21374,6683,16016,5358,438,-158
17863,26487,9178,16262,10225,1601,-1393
17828,25288,8466,16712,8576,1116,-1176
6412,6791,1793,6410,381,2,1092
18095,28922,10651,15240,13682,2855,-1939
17904,26459,9144,16342,10117,1562,-1370
17964,27604,9836,15864,11740,2100,-1612
17679,25396,8580,16472,8924,1207,-1134
17974,28342,10329,15368,12974,2606,-1766
17206,32022,13660,9404,22618,7802,-1748
15384,19259,5844,15142,4117,242,300
17562,31425,12836,11506,19919,6056,-2008
17976,29237,10923,14782,14455,3194,-1952
17215,32075,13714,9294,22781,7921,-1736
16225,21191,6658,15750,5441,475,-137
15184,19000,5770,14920,4080,264,336
16643,33010,16222,1132,31878,15511,-147
12995,15339,4450,12878,2461,117,912
1222,1233,311,1222,11,0,292
17018,22867,7341,16370,6497,648,-483
17961,27958,10076,15612,12346,2349,-1656
17604,25224,8507,16420,8804,1184,-1087
17977,27671,9877,15834,11837,2143,-1649
