Points,Edges,Area,Perimeter,Contact_perimeter,TETRAPIXEL,Euler_General_8_Async
706,727,187,706,21,0,148
4521,7317,2720,3754,3563,767,-452
4373,6016,1964,4176,1840,197,-190
4507,7590,2930,3460,4130,1047,-470
4497,7222,2671,3760,3462,737,-406
4560,7136,2588,3920,3216,640,-440
4387,8055,3410,2470,5585,1917,-433
4516,7161,2620,3842,3319,674,-426
4564,6933,2451,4062,2871,502,-406
4524,7399,2774,3702,3697,822,-463
4496,6495,2213,4138,2357,358,-297
4378,7998,3335,2656,5342,1722,-449
3900,4835,1455,3850,985,50,89
4516,7560,2905,3500,4060,1016,-479
4459,7601,2967,3334,4267,1125,-459
4471,7722,3045,3264,4458,1207,-489
4335,5760,1835,4180,1580,155,-116
1731,1843,489,1730,113,1,278
874,889,226,874,15,0,190
4512,6617,2272,4146,2471,366,-322
3411,4029,1170,3378,651,33,212
3189,3709,1060,3178,531,11,241
4485,7635,2959,3434,4201,1051,-500
4522,6775,2368,4078,2697,444,-351
4225,8313,4030,506,7807,3719,-59
4534,6809,2380,4098,2711,436,-377
4458,6410,2179,4104,2306,354,-266
4102,5319,1661,3994,1325,108,-32
4165,5468,1721,4052,1416,113,-40
4450,7796,3113,3140,4656,1310,-484
4529,6818,2403,4024,2794,505,-345
4157,5480,1736,4016,1464,141,-57
4410,6313,2123,4134,2179,276,-262
3382,3970,1145,3360,610,22,225
4566,7235,2653,3858,3377,708,-455
4508,7565,2906,3506,4059,1002,-480
4563,7053,2523,4014,3039,549,-440
4531,7624,2947,3460,4164,1071,-490
2986,3469,993,2966,503,20,260
4127,5396,1695,4012,1384,115,-18
340,342,86,340,2,0,80
4555,7195,2623,3898,3297,657,-439
4044,5263,1646,3942,1321,102,-32
4565,6743,2332,4158,2585,407,-379
3419,4064,1183,3396,668,23,201
4568,7328,2709,3820,3508,748,-472
4465,6535,2241,4106,2429,359,-322
1658,1755,463,1658,97,0,289
4363,8000,3354,2584,5416,1779,-440
4410,6187,2052,4166,2021,244,-222
3455,4133,1212,3418,715,37,198
2190,2395,651,2186,209,4,298
2645,2953,817,2638,315,7,297
3929,4986,1528,3860,1126,69,50
4255,8252,3781,1380,6872,2875,-247
2805,3146,873,2800,346,5,291
3235,3756,1073,3220,536,15,231
3534,4157,1202,3506,651,28,195
4488,7248,2684,3760,3488,728,-442
4303,8186,3599,1976,6210,2327,-366
4535,7565,2890,3570,3995,965,-510
2425,2677,733,2422,255,3,315
4211,5580,1774,4064,1516,147,-82
4259,5617,1780,4114,1503,145,-84
4346,8151,3529,2186,5965,2160,-402
4528,6690,2315,4120,2570,408,-325
4516,6898,2446,4012,2886,504,-392
4405,6046,1967,4224,1822,181,-199
4380,6094,2012,4140,1954,240,-197
3322,3936,1145,3292,644,30,212
4225,8309,4026,514,7795,3711,-59
4551,7087,2559,3938,3149,613,-409
1194,1237,320,1194,43,0,237
2295,2561,708,2290,271,5,266
4557,7307,2700,3814,3493,743,-459
3128,3616,1030,3112,504,16,235
3805,4665,1393,3758,907,47,115
2625,2967,828,2622,345,3,304
4126,5461,1734,3986,1475,140,-37
4257,5743,1850,4086,1657,171,-129
4240,8299,3918,926,7373,3314,-156
2999,3425,966,2986,439,13,280
2807,3180,892,2792,388,15,301
3898,4906,1496,3828,1078,70,42
4382,8055,3406,2486,5569,1896,-429
4534,7271,2692,3774,3497,760,-448
3041,3489,988,3026,463,15,257
658,673,172,658,15,0,145
3870,4820,1462,3792,1028,78,72
4412,6039,1962,4230,1809,182,-183
3443,4098,1195,3416,682,27,191
3794,4635,1382,3742,893,52,111
1663,1773,471,1662,111,1,284
4532,6948,2472,4008,2940,524,-388
2808,3178,889,2800,378,8,304
4245,8274,3849,1152,7122,3093,-204
4344,8101,3503,2190,5911,2154,-386
4042,5181,1597,3974,1207,68,-2
4238,8298,3942,828,7470,3410,-132
3984,5113,1581,3902,1211,82,-7
4299,5906,1929,4096,1810,203,-162
4500,7593,2932,3458,4135,1042,-482
3279,3863,1117,3258,605,21,212
4173,5467,1723,4042,1425,131,-32
2505,2780,765,2500,280,5,313
2135,2327,630,2134,193,1,304
4484,6333,2113,4214,2119,270,-248
4433,6221,2061,4198,2023,235,-238
4568,7205,2638,3858,3347,710,-425
4252,5707,1828,4102,1605,150,-95
4241,8298,3917,928,7370,3313,-156
4367,5933,1921,4182,1751,185,-155
4522,7481,2842,3594,3887,928,-470
4517,6834,2408,4036,2798,481,-353
926,951,244,926,25,0,187
4203,5607,1793,4042,1565,161,-102
4069,5125,1564,3994,1131,75,34
4574,7290,2689,3824,3466,750,-465
4333,5959,1944,4142,1817,191,-158
4538,7189,2631,3854,3335,684,-432
3957,4977,1514,3898,1079,59,53
2523,2826,783,2520,306,3,292
4345,8107,3494,2238,5869,2107,-398
4507,6734,2352,4060,2674,447,-350
4433,6179,2042,4190,1989,243,-218
3405,4074,1192,3380,694,25,203
3173,3718,1070,3156,562,17,233
4162,5441,1704,4066,1375,96,-72
2319,2536,689,2316,220,3,305
1436,1502,392,1436,66,0,268
4523,6666,2288,4180,2486,343,-351
4446,7914,3228,2916,4998,1530,-476
4497,7548,2911,3452,4096,1045,-459
4470,7703,3037,3258,4445,1212,-482
4629,7115,2534,4094,3021,535,-463
2237,2437,660,2234,203,3,297
4499,6489,2196,4194,2295,305,-296
4536,7272,2685,3804,3468,732,-455
4209,5564,1769,4052,1512,157,-57
4448,7875,3187,3002,4873,1446,-485
1913,2030,537,1912,118,1,310
4557,7058,2538,3964,3094,593,-414
4539,7540,2876,3576,3964,963,-483
2474,2771,768,2470,301,4,286
4353,5949,1936,4154,1795,199,-161
4041,5233,1632,3938,1295,103,9
1755,1867,495,1754,113,1,298
4255,5730,1839,4104,1626,151,-128
3838,4817,1467,3766,1051,72,68
4376,5971,1929,4226,1745,150,-162
4165,5505,1743,4038,1467,127,-53
4600,6982,2465,4104,2878,496,-404
3917,4951,1512,3854,1097,63,48
2673,3005,835,2670,335,3,292
2706,3056,853,2700,356,6,310
4176,5575,1785,4010,1565,166,-81
1786,1904,506,1784,120,2,303
4412,6285,2112,4122,2163,290,-251
4506,6703,2332,4078,2625,428,-328
4468,6332,2116,4200,2132,268,-271
1830,1957,521,1830,127,0,293
4526,6628,2270,4176,2452,350,-329
3820,4810,1472,3732,1078,88,83
4453,6460,2203,4108,2352,345,-274
4439,6340,2131,4156,2184,283,-239
3770,4678,1408,3724,954,46,90
4279,8236,3730,1552,6684,2727,-283
4583,7069,2539,3982,3087,601,-418
3915,4935,1508,3838,1097,77,51
4322,8116,3525,2132,5984,2190,-370
2727,3048,843,2724,324,3,300
4234,8292,3924,888,7404,3346,-144
4524,7262,2686,3780,3482,744,-444
3636,4361,1282,3594,767,42,172
4459,7827,3132,3126,4701,1333,-498
4506,7623,2953,3434,4189,1072,-489
4517,6745,2348,4098,2647,419,-340
4172,5352,1659,4068,1284,104,-11
4444,6365,2151,4126,2239,318,-259
4341,5966,1947,4144,1822,197,-171
4436,6267,2093,4162,2105,274,-235
2201,2407,654,2198,209,3,307
824,848,218,824,24,0,172
4275,8220,3719,1564,6656,2711,-278
4525,7216,2649,3836,3380,689,-427
1300,1360,355,1300,60,0,247
4515,6920,2468,3968,2952,547,-368
4477,6495,2215,4130,2365,347,-296
4532,7172,2631,3820,3352,712,-426
2403,2642,721,2400,242,3,323
4429,6204,2055,4188,2016,241,-227
4521,6606,2263,4160,2446,361,-310
4487,6700,2333,4068,2632,419,-322
3665,4478,1336,3612,866,53,152
4277,8156,3630,1792,6364,2485,-310
4388,7986,3321,2688,5298,1700,-454
2849,3252,917,2836,416,13,303
4116,5342,1671,4000,1342,116,-36
4382,6104,2019,4132,1972,250,-176
1470,1545,405,1470,75,0,267
4361,6219,2087,4090,2129,271,-237
4296,8227,3680,1734,6493,2562,-323
4100,5345,1675,3990,1355,110,-10
4335,8156,3538,2160,5996,2175,-398
4227,8309,4017,550,7759,3677,-67
4517,6707,2331,4090,2617,427,-338
2505,2771,760,2502,269,3,300
3903,4852,1468,3832,1020,71,91
4097,5365,1689,3974,1391,123,-30
4525,7428,2798,3664,3764,861,-465
1431,1499,392,1430,69,1,240
4309,5838,1885,4136,1702,173,-119
4521,6835,2406,4046,2789,475,-368
3996,5119,1583,3906,1213,90,42
4416,6153,2031,4182,1971,234,-207
4540,7372,2744,3768,3604,772,-486
4312,5950,1942,4132,1818,180,-167
4229,8302,3978,692,7610,3537,-100
2034,2208,596,2032,176,2,299
4176,5582,1783,4032,1550,144,-80
4325,5892,1909,4148,1744,177,-152
4316,8157,3589,1958,6199,2358,-347
2462,2723,747,2458,265,4,334
4455,6220,2056,4216,2004,239,-232
4228,5598,1776,4092,1506,136,-90
4567,7170,2611,3896,3274,671,-437
4580,6668,2271,4252,2416,328,-357
4228,8310,3987,672,7638,3556,-98
4545,6710,2325,4120,2590,425,-342
4348,8139,3502,2270,5869,2078,-417
4398,6074,1995,4168,1906,230,-197
1750,1875,500,1750,125,0,294
4534,7130,2587,3912,3218,622,-426
4492,6473,2183,4214,2259,278,-306
4412,7977,3303,2742,5235,1670,-465
3875,4898,1496,3812,1086,63,53
4394,8056,3404,2496,5560,1898,-432
4050,5141,1576,3978,1163,72,20
2601,2897,800,2594,303,7,313
3853,4833,1471,3782,1051,71,59
4422,7861,3205,2902,4959,1520,-459
4312,8199,3638,1846,6353,2466,-341
3640,4366,1282,3604,762,36,197
4133,5461,1731,3998,1463,135,-45
4538,7499,2838,3646,3853,892,-478
4306,8183,3619,1890,6293,2416,-342
36,36,9,36,0,0,9
4500,7392,2793,3612,3780,888,-439
1432,1492,388,1432,60,0,274
1960,2121,571,1958,163,2,307
4487,7807,3114,3158,4649,1329,-497
4397,7982,3313,2712,5270,1685,-457
2932,3388,964,2920,468,12,288
2622,2902,796,2620,282,2,325
4542,6912,2444,4048,2864,494,-376
4522,6628,2280,4136,2492,386,-323
4387,6163,2050,4126,2037,261,-199
4225,8315,4061,386,7929,3839,-29
2446,2701,739,2446,255,0,283
4236,8294,3925,888,7406,3348,-145
4358,8146,3512,2244,5902,2114,-415
4431,6226,2073,4160,2066,271,-233
4509,6659,2299,4122,2537,387,-327
4233,8308,3971,732,7576,3501,-112
3065,3498,987,3048,450,17,311
4520,7648,2963,3444,4204,1076,-503
4125,5446,1729,3976,1470,149,-49
390,393,99,390,3,0,90
4520,7676,2971,3468,4208,1052,-516
4487,6469,2195,4158,2311,329,-283
3309,3887,1123,3282,605,27,212
1377,1460,386,1376,84,1,252
4327,8109,3510,2178,5931,2149,-385
4150,5454,1719,4032,1422,118,-80
4356,8121,3499,2246,5875,2110,-402
4257,5622,1782,4116,1506,141,-111
4215,5521,1739,4086,1435,129,-51
1090,1125,290,1090,35,0,217
4445,7743,3071,3202,4541,1243,-487
4515,7191,2639,3826,3365,689,-432
4563,6695,2303,4178,2517,385,-346
1984,2143,576,1982,161,2,326
4587,7093,2552,3978,3115,609,-430
4309,8196,3617,1924,6272,2385,-360
4567,7288,2674,3880,3408,687,-472
4496,7365,2763,3678,3687,818,-453
3524,4274,1266,3484,790,40,159
4554,7427,2784,3718,3709,836,-476
1453,1534,404,1452,82,1,253
4485,6553,2248,4114,2439,371,-305
3602,4352,1284,3568,784,34,171
3090,3620,1043,3068,552,22,261
3766,4700,1424,3704,996,62,85
4258,8281,3846,1178,7103,3080,-211
4469,6289,2094,4202,2087,267,-241
1879,2026,544,1876,150,3,304
4522,7468,2831,3612,3856,910,-464
4387,7959,3314,2662,5297,1725,-435
4119,5417,1713,3982,1435,137,-21
4159,5521,1753,4030,1491,129,-83
4295,8208,3653,1804,6404,2491,-333
4514,7176,2635,3812,3364,702,-405
4445,6488,2222,4088,2400,357,-281
3026,3497,996,3010,487,16,255
4498,6690,2330,4060,2630,438,-328
4326,5913,1922,4138,1775,188,-157
2567,2871,795,2562,309,5,306
4553,6652,2275,4204,2448,349,-341
4537,7048,2533,3964,3084,573,-423
4380,6138,2025,4176,1962,204,-220
4359,6056,2000,4112,1944,247,-186
2678,3011,839,2666,345,12,293
4425,6352,2149,4108,2244,317,-252
4558,7305,2702,3802,3503,756,-460
4499,7024,2534,3912,3112,587,-413
4381,8038,3394,2500,5538,1881,-428
4260,5723,1840,4086,1637,174,-96
3915,5029,1558,3826,1203,89,23
4400,6185,2058,4138,2047,262,-224
3808,4698,1411,3752,946,56,119
550,555,140,550,5,0,122
3922,4867,1465,3874,993,48,79
4301,8193,3629,1870,6323,2431,-341
4448,6365,2143,4158,2207,290,-264
4263,5764,1867,4060,1704,203,-107
3391,3994,1155,3368,626,23,193
4453,7912,3219,2948,4964,1505,-484
4448,6343,2138,4134,2209,314,-273
4542,7412,2788,3672,3740,870,-478
4429,7881,3201,2958,4923,1471,-476
4228,8316,4030,512,7804,3716,-61
2803,3183,894,2790,393,13,296
4520,7491,2842,3614,3877,906,-485
4449,6660,2320,4040,2620,409,-327
4483,6412,2170,4144,2268,339,-265
2685,3027,845,2674,353,11,280
4245,5604,1772,4120,1484,125,-87
4325,5888,1914,4120,1768,205,-143
4484,7753,3068,3234,4519,1250,-494
2940,3370,953,2928,442,12,267
2359,2609,716,2354,255,5,313
4380,6057,1994,4138,1919,242,-176
4345,8077,3450,2354,5723,1991,-415
2600,2920,812,2592,328,8,296
4512,7281,2711,3718,3563,794,-435
2379,2621,716,2378,243,1,322
4035,5174,1603,3936,1238,99,9
4434,6222,2062,4196,2026,238,-236
4496,7146,2630,3772,3374,724,-412
4518,7654,2980,3388,4266,1130,-488
1599,1702,452,1596,106,3,278
4359,8149,3513,2246,5903,2113,-411
4556,7262,2675,3824,3438,732,-439
4346,5949,1936,4154,1795,192,-161
4502,7494,2861,3544,3950,958,-468
2677,3014,839,2672,342,5,310
4495,7471,2845,3562,3909,933,-462
928,966,251,928,38,0,186
4448,6309,2117,4150,2159,298,-248
4439,6147,2027,4186,1961,253,-217
4461,6420,2175,4140,2280,321,-266
4529,6742,2344,4108,2634,421,-346
4444,6390,2163,4128,2262,316,-255
4225,8320,4094,264,8056,3961,-1
3868,4809,1454,3802,1007,66,93
4215,5558,1763,4064,1494,151,-51
4450,7773,3102,3138,4635,1312,-473
4545,7058,2541,3952,3106,593,-413
2950,3409,970,2938,471,12,258
4565,7330,2722,3772,3558,793,-467
4537,6787,2368,4102,2685,435,-361
4547,7287,2689,3818,3469,729,-462
638,655,168,638,17,0,138
3613,4377,1295,3574,803,39,166
2354,2596,710,2352,244,2,281
4398,7903,3252,2798,5105,1600,-449
4498,7208,2666,3752,3456,746,-408
4225,8315,4060,390,7925,3835,-30
4406,6299,2116,4134,2165,272,-246
3890,4906,1496,3828,1078,62,63
2846,3233,909,2830,403,16,306
4479,6845,2429,3974,2871,505,-344
4453,7880,3184,3024,4856,1429,-492
1464,1548,408,1464,84,0,262
4235,8296,3946,808,7488,3427,-125
4074,5430,1732,3932,1498,142,-58
4506,6973,2502,3938,3035,568,-383
4522,6699,2317,4130,2569,392,-347
4265,5770,1860,4100,1670,165,-132
4462,7631,2987,3314,4317,1148,-465
4386,6166,2048,4140,2026,246,-201
4511,6770,2371,4056,2714,455,-354
4563,7575,2893,3578,3997,985,-500
4428,6213,2076,4122,2091,306,-202
4230,8303,3963,754,7549,3476,-115
3848,4733,1416,3802,931,46,110
550,557,141,550,7,0,130
3833,4750,1433,3768,982,65,109
4571,6856,2394,4136,2720,435,-377
4329,5792,1852,4176,1616,153,-118
4503,7499,2874,3502,3997,1001,-464
4322,5883,1911,4122,1761,200,-152
3708,4525,1348,3658,867,50,139
4594,7049,2522,4010,3039,584,-412
3056,3492,986,3040,452,16,283
4491,6879,2436,4014,2865,477,-368
3684,4536,1360,3632,904,52,117
4419,6316,2127,4124,2192,295,-231
4200,5492,1728,4072,1420,128,-72
4505,7581,2917,3494,4087,1011,-479
4176,5489,1732,4050,1439,126,-65
4458,7865,3160,3090,4775,1368,-497
4421,7824,3159,3012,4812,1409,-464
4201,5614,1795,4048,1566,153,-100
4523,7417,2793,3662,3755,861,-478
4183,5544,1760,4048,1496,135,-65
4564,7607,2896,3630,3977,934,-520
4197,5547,1752,4086,1461,111,-81
4393,5991,1951,4178,1813,215,-172
4235,8303,3960,766,7537,3469,-118
4455,7836,3145,3092,4744,1363,-483
4487,7486,2857,3544,3942,943,-474
4017,5091,1562,3934,1157,83,22
872,906,235,872,34,0,181
4486,6646,2298,4100,2546,386,-317
4505,6463,2183,4194,2269,311,-282
4258,5651,1801,4098,1553,160,-72
1136,1174,303,1136,38,0,219
4004,4963,1495,3946,1017,58,64
1002,1033,266,1002,31,0,201
4498,6673,2318,4074,2599,424,-340
4227,8316,4047,444,7872,3783,-44
4547,6860,2414,4064,2796,483,-370
4254,8269,3815,1278,6991,2976,-231
1660,1752,461,1660,92,0,281
4533,7352,2745,3724,3628,809,-457
4486,6876,2447,3964,2912,522,-380
4464,6561,2261,4078,2483,386,-309
2000,2169,585,1998,171,2,286
4499,6479,2197,4170,2309,329,-279
4435,7856,3160,3072,4784,1363,-481
2602,2913,807,2598,315,4,323
4477,6533,2234,4130,2403,347,-300
4409,7954,3260,2868,5086,1541,-482
384,390,99,384,6,0,87
4125,5385,1686,4026,1359,99,-28
4045,5194,1612,3940,1254,105,2
4370,6000,1954,4184,1816,186,-182
4443,6279,2091,4194,2085,249,-270
4505,6769,2372,4050,2719,455,-347
2521,2796,771,2508,288,13,312
3668,4491,1339,3626,865,42,136
1527,1605,421,1526,79,1,266
4469,7809,3120,3138,4671,1331,-491
4479,7609,2946,3434,4175,1045,-478
4299,8195,3642,1822,6373,2477,-332
4261,5717,1833,4102,1615,159,-108
4543,7078,2551,3952,3126,591,-425
4551,7489,2824,3682,3807,869,-503
4430,7932,3254,2848,5084,1582,-469
4443,7850,3184,2964,4886,1479,-469
4184,5632,1818,3992,1640,192,-81
4509,6555,2235,4170,2385,339,-307
4541,7366,2753,3720,3646,821,-455
2634,2948,818,2624,324,10,334
3512,4217,1240,3474,743,38,161
4492,6569,2242,4170,2399,322,-323
3053,3530,1005,3040,490,13,253
4437,6482,2215,4104,2378,333,-288
3908,4959,1518,3846,1113,62,41
4404,6103,2013,4154,1949,250,-187
4055,5241,1636,3938,1303,117,-20
4507,6991,2524,3886,3105,621,-380
4506,6564,2248,4136,2428,370,-286
4494,7062,2565,3864,3198,630,-401
4292,8200,3673,1708,6492,2584,-307
3726,4520,1341,3676,844,50,145
4475,6473,2202,4138,2335,337,-288
4485,6468,2191,4172,2296,313,-270
4537,6865,2418,4058,2807,479,-377
4478,7627,2955,3434,4193,1044,-493
4477,7737,3052,3266,4471,1211,-493
4236,5724,1846,4064,1660,172,-103
4235,8294,3912,940,7354,3295,-157
4584,7005,2487,4062,2943,522,-409
2418,2671,732,2414,257,4,314
3851,4787,1444,3798,989,53,104
4564,7451,2803,3690,3761,874,-496
4460,7534,2900,3468,4066,992,-474
4384,8012,3358,2592,5420,1792,-439
2510,2843,796,2502,341,8,293
4560,7309,2702,3810,3499,750,-458
2147,2336,632,2144,192,3,321
4513,6449,2181,4174,2275,339,-278
1188,1246,326,1188,58,0,222
3944,5011,1537,3874,1137,70,29
4373,6015,1969,4154,1861,219,-177
4509,7126,2601,3848,3278,661,-411
4538,7057,2537,3966,3091,572,-422
4259,8261,3801,1318,6943,2941,-235
4543,6925,2443,4078,2847,465,-412
3596,4377,1298,3562,815,34,162
3171,3666,1044,3156,510,15,266
4352,8044,3398,2496,5548,1856,-431
4493,7624,2963,3396,4228,1097,-486
1784,1904,506,1784,120,0,296
4384,7995,3348,2598,5397,1786,-436
4329,8125,3526,2146,5979,2183,-380
4584,7097,2554,3978,3119,606,-423
4499,6333,2105,4246,2087,253,-268
4041,5115,1567,3962,1153,79,1
4387,8040,3380,2560,5480,1827,-444
3862,4789,1442,3810,979,52,78
4296,8194,3663,1736,6458,2560,-312
1206,1257,327,1206,51,0,225
4397,8019,3383,2506,5513,1891,-421
4456,6326,2118,4180,2146,276,-264
3324,3957,1155,3294,663,30,208
4554,7443,2799,3690,3753,864,-475
3687,4472,1326,3640,832,47,146
2641,2924,803,2636,288,5,300
4574,7059,2529,4002,3057,572,-422
3068,3520,996,3056,464,12,260
4300,5778,1852,4148,1630,152,-130
3624,4358,1283,3584,774,40,177
4398,8000,3342,2632,5368,1766,-449
4548,7146,2591,3928,3218,620,-437
4244,8294,3867,1120,7174,3124,-202
4461,7802,3116,3140,4662,1321,-495
3997,5134,1594,3892,1242,105,63
4545,7409,2774,3722,3687,823,-482
4462,7654,3002,3300,4354,1162,-465
1163,1217,318,1162,55,1,230
4407,6417,2188,4082,2335,325,-265
4347,6033,1993,4094,1939,253,-176
4488,6346,2120,4212,2134,276,-266
4547,7519,2853,3626,3893,921,-490
4521,7543,2898,3494,4049,1027,-469
4364,6005,1970,4130,1875,234,-181
4505,6401,2144,4226,2175,279,-279
4529,7412,2798,3632,3780,897,-462
4550,7350,2739,3744,3606,806,-463
4523,7064,2548,3936,3128,587,-424
4455,6459,2197,4130,2329,325,-265
4387,5973,1933,4214,1759,173,-174
4458,6424,2172,4160,2264,298,-290
4269,8231,3730,1542,6689,2727,-276
4543,6485,2180,4250,2235,293,-295
4562,7490,2825,3680,3810,882,-506
2073,2229,597,2070,159,3,299
4486,7727,3031,3330,4397,1156,-502
4482,7689,3025,3278,4411,1204,-482
4266,5888,1926,4072,1816,194,-157
3934,5033,1553,3854,1179,80,29
2221,2409,650,2218,191,3,326
4512,6868,2430,4016,2852,496,-383
4276,8252,3777,1396,6856,2880,-251
4585,7100,2556,3976,3124,609,-417
4515,6872,2430,4024,2848,491,-369
4532,7440,2813,3628,3812,904,-463
3978,5105,1582,3882,1223,96,46
4356,7992,3357,2556,5436,1800,-424
2455,2706,740,2452,254,3,317
4492,6818,2406,4012,2806,480,-339
4550,7215,2636,3886,3329,664,-449
4524,6691,2318,4110,2581,414,-339
808,834,215,808,26,0,168
3508,4146,1203,3480,666,28,197
2143,2308,619,2140,168,3,318
4456,7874,3179,3032,4842,1424,-495
4582,7182,2601,3960,3222,622,-449
3744,4565,1358,3698,867,46,121
4111,5360,1681,3996,1364,115,-17
396,398,100,396,2,0,93
4435,6348,2141,4132,2216,303,-255
4323,8146,3564,2036,6110,2287,-363
3537,4272,1261,3500,772,37,176
4556,7332,2721,3780,3552,776,-461
4067,5272,1648,3952,1320,115,-18
4228,8308,3977,708,7600,3520,-106
1136,1194,313,1136,58,0,215
2148,2335,631,2146,189,2,318
4453,6446,2194,4116,2330,337,-283
4237,8281,3890,1002,7279,3235,-167
4403,7968,3291,2772,5196,1631,-465
4509,7149,2612,3850,3299,659,-424
3987,5061,1554,3906,1155,81,61
4102,5326,1663,4000,1326,102,-33
4529,7078,2558,3924,3154,605,-426
4506,7248,2681,3772,3476,734,-437
2284,2540,700,2280,260,4,301
3479,4126,1202,3444,682,35,191
4217,5637,1800,4074,1563,143,-87
2393,2642,723,2392,250,1,313
4508,7658,2978,3404,4254,1104,-491
3452,4080,1184,3424,656,28,210
3916,4988,1532,3848,1140,68,35
4534,7493,2852,3578,3915,956,-476
1650,1745,460,1650,95,0,275
1688,1806,481,1688,118,0,285
4227,8314,4032,500,7814,3727,-57
4383,5954,1932,4180,1774,203,-178
3953,4974,1515,3888,1086,65,59
1964,2147,583,1962,185,2,279
4518,6694,2318,4116,2578,402,-341
4333,8139,3515,2218,5921,2115,-411
4267,8244,3760,1448,6796,2819,-261
4061,5238,1630,3956,1282,105,15
4525,7320,2729,3724,3596,801,-434
4347,8067,3472,2246,5821,2101,-380
4534,7194,2627,3880,3314,654,-441
4264,8249,3785,1358,6891,2906,-241
4351,8032,3432,2336,5696,2015,-394
2908,3336,944,2896,440,12,284
3363,3997,1164,3338,659,25,219
4452,7751,3093,3130,4621,1322,-469
4288,8215,3694,1654,6561,2634,-299
328,330,83,328,2,0,79
1097,1138,295,1096,42,1,223
4389,8017,3360,2594,5423,1795,-445
4051,5305,1665,3950,1355,101,-19
3320,3894,1121,3304,590,16,228
3914,4864,1467,3860,1004,54,54
4553,7371,2757,3714,3657,839,-456
2909,3339,947,2890,449,19,280
16,16,4,16,0,0,4
3484,4179,1230,3438,741,46,185
4245,8279,3860,1118,7161,3127,-194
2408,2645,721,2406,239,2,317
4432,6531,2256,4038,2493,394,-273
4465,6279,2091,4194,2085,271,-253
4484,6869,2442,3970,2899,514,-363
4353,6036,1984,4136,1900,217,-158
3407,4104,1207,3380,724,27,188
4305,8179,3614,1902,6277,2403,-347
4501,6524,2216,4184,2340,317,-321
4544,6876,2423,4060,2816,484,-373
3635,4501,1356,3578,923,57,141
2325,2560,700,2320,240,5,307
4472,6318,2117,4168,2150,304,-237
4392,7953,3286,2762,5191,1630,-463
4531,6664,2295,4148,2516,383,-345
4537,6753,2346,4122,2631,415,-353
388,396,101,388,8,0,88
4287,8226,3689,1696,6530,2591,-314
1488,1570,413,1488,82,0,278
3953,5036,1551,3868,1168,85,46
2392,2673,739,2390,283,2,303
4449,6306,2108,4180,2126,269,-265
4593,6977,2470,4074,2903,519,-403
4504,7655,2981,3386,4269,1118,-488
4416,6147,2034,4158,1989,258,-231
4548,6866,2416,4068,2798,480,-395
4284,8233,3717,1598,6635,2686,-292
1325,1398,368,1324,74,1,244
4503,6316,2094,4256,2060,247,-260
4541,6644,2278,4176,2468,365,-343
4464,6733,2370,3986,2747,478,-345
4128,5377,1683,4022,1355,106,-22
3485,4102,1186,3460,642,25,219
782,797,203,782,15,0,174
4258,8270,3825,1240,7030,3018,-220
4555,6860,2407,4092,2768,463,-372
2764,3173,900,2746,427,18,268
3995,5018,1526,3932,1086,63,31
4445,6412,2178,4112,2300,333,-275
3705,4528,1350,3656,872,49,127
4137,5329,1658,4026,1303,111,-8
4339,5890,1912,4132,1758,207,-135
914,935,239,914,21,0,188
3885,4859,1473,3826,1033,59,83
4535,6806,2385,4072,2734,463,-352
4376,8029,3401,2454,5575,1922,-416
4524,6582,2247,4176,2406,348,-311
3048,3538,1009,3040,498,8,258
3574,4337,1285,3534,803,40,153
4512,6761,2361,4078,2683,434,-362
4514,6781,2376,4058,2723,456,-344
3218,3779,1089,3202,577,16,236
4083,5217,1608,4002,1215,81,-5
4498,6427,2173,4162,2265,336,-262
2828,3212,901,2820,392,8,300
4504,7706,3015,3352,4354,1152,-501
4550,7257,2662,3866,3391,684,-467
4299,5917,1938,4082,1835,217,-175
4511,7491,2866,3518,3973,993,-463
4406,6097,2008,4162,1935,244,-193
3655,4481,1339,3606,875,49,138
1536,1620,426,1536,84,0,261
2566,2862,793,2552,310,14,295
4228,8314,4022,540,7774,3688,-67
4288,5634,1778,4156,1478,132,-87
4460,6521,2225,4142,2379,318,-304
4555,7230,2658,3828,3402,727,-443
2449,2718,749,2440,278,9,303
2983,3419,966,2974,445,9,259
3583,4344,1286,3544,800,39,161
2212,2402,648,2212,190,0,305
4485,7692,3009,3348,4344,1137,-499
4424,6092,1992,4216,1876,208,-213
4427,7874,3198,2956,4918,1471,-474
4255,5782,1866,4100,1682,155,-145
4493,7631,2956,3438,4193,1055,-502
1112,1162,303,1112,50,0,217
4495,7395,2791,3626,3769,869,-462
4564,7338,2721,3792,3546,772,-483
4420,6193,2052,4178,2015,242,-206
4566,6909,2431,4094,2815,472,-408
2114,2294,619,2112,182,2,304
4433,6289,2107,4150,2139,283,-258
4495,7525,2893,3478,4047,1017,-464
1918,2053,548,1914,139,4,301
3143,3704,1074,3112,592,31,232
4425,6105,1997,4222,1883,203,-198
4416,7923,3260,2806,5117,1610,-459
4525,6872,2428,4032,2840,493,-387
4404,7969,3275,2838,5131,1566,-489
4163,5472,1729,4028,1444,135,-68
2722,3046,845,2712,334,10,304
4225,8315,4056,406,7909,3819,-34
2789,3145,877,2782,363,7,299
4454,6443,2188,4134,2309,320,-294
4536,7066,2551,3928,3138,608,-417
4282,5665,1796,4146,1519,136,-95
4493,7629,2975,3358,4271,1135,-487
3435,4106,1201,3408,698,27,212
4522,7668,2985,3396,4272,1126,-500
4498,6451,2179,4186,2265,312,-299
4099,5354,1679,3992,1362,107,-29
4126,5422,1712,3996,1426,130,-44
4517,6805,2388,4058,2747,459,-351
4374,6363,2167,4058,2305,316,-243
3750,4564,1353,3716,848,34,137
4471,6267,2083,4202,2065,269,-246
4546,6613,2263,4174,2439,372,-316
4517,6960,2485,3980,2980,537,-392
4100,5254,1625,4008,1246,92,5
4530,6420,2149,4244,2176,286,-274
1402,1465,382,1402,63,0,265
4233,5719,1844,4062,1657,171,-100
4577,7131,2564,4006,3125,571,-473
4433,6333,2134,4130,2203,303,-254
4389,6072,1991,4180,1892,209,-176
1586,1673,440,1586,87,0,275
3347,3931,1135,3322,609,25,220
4550,7180,2615,3900,3280,650,-434
4515,7426,2807,3624,3802,891,-451
2864,3233,904,2850,383,14,294
1476,1548,405,1476,72,0,265
4538,7483,2843,3594,3889,944,-471
4345,8078,3471,2272,5806,2073,-389
910,941,243,910,31,0,184
4500,6751,2351,4098,2653,402,-349
4509,7152,2629,3788,3364,721,-411
3884,4877,1488,3802,1075,82,104
4424,6229,2076,4154,2075,270,-240
4202,5446,1704,4076,1370,126,-44
4330,8081,3470,2282,5799,2048,-396
4566,7353,2724,3810,3543,756,-474
4076,5322,1674,3948,1374,128,-37
1806,1953,526,1802,151,4,289
4561,7305,2696,3826,3479,735,-464
4498,6947,2478,3982,2965,516,-384
3958,4965,1511,3886,1079,72,52
1294,1367,360,1294,73,0,241
4509,6716,2325,4132,2584,377,-350
3190,3730,1073,3168,562,22,252
4189,5570,1772,4052,1518,137,-88
4228,5535,1746,4086,1449,142,-54
3937,4958,1512,3868,1090,69,54
4532,6787,2369,4098,2689,434,-367
4415,6182,2045,4184,1998,231,-223
4514,7333,2744,3690,3643,824,-445
4523,6891,2441,4018,2873,505,-374
4432,6166,2027,4224,1942,208,-239
4357,8104,3489,2252,5852,2105,-398
1590,1691,448,1590,101,0,287
2793,3193,900,2786,407,7,294
4054,5296,1665,3932,1364,122,-16
4003,5133,1588,3914,1219,89,38
4136,5289,1634,4042,1247,94,5
3385,3988,1154,3360,628,25,214
126,127,32,126,1,0,31
4523,6950,2486,3956,2994,567,-393
3496,4118,1193,3464,654,32,203
4182,5541,1758,4050,1491,132,-105
2747,3091,861,2738,353,9,309
4423,6368,2164,4080,2288,343,-259
4530,6763,2372,4038,2725,492,-339
4509,7490,2846,3596,3894,913,-471
3014,3471,985,3002,469,12,280
4326,5811,1865,4162,1649,164,-124
4424,6181,2041,4198,1983,226,-223
4520,7609,2921,3534,4075,986,-504
4488,7710,3024,3324,4386,1164,-492
4424,7932,3268,2792,5140,1632,-454
4414,7850,3198,2908,4942,1506,-457
4003,5169,1610,3898,1271,105,21
4164,5463,1722,4038,1425,126,-44
4360,8102,3473,2312,5790,2048,-411
4469,7326,2762,3604,3722,865,-429
4260,8277,3822,1266,7011,2994,-230
4197,5690,1845,4000,1690,197,-83
4548,6444,2150,4288,2156,260,-293
4489,6812,2399,4028,2784,461,-356
4430,6152,2025,4204,1948,226,-211
4490,7378,2792,3588,3790,902,-437
2299,2521,686,2298,223,1,306
4229,8312,3988,672,7640,3557,-99
4345,5865,1885,4190,1675,155,-141
4441,7788,3117,3108,4680,1333,-474
4410,7982,3327,2656,5326,1754,-445
4472,6771,2381,4018,2753,454,-350
3618,4404,1311,3564,840,54,160
4501,6918,2472,3948,2970,553,-365
4072,5201,1603,3990,1211,82,19
4518,7568,2907,3508,4060,1010,-488
4257,5825,1895,4070,1755,187,-113
4392,6067,1990,4174,1893,218,-184
3704,4594,1382,3660,934,44,99
4315,5881,1909,4126,1755,189,-158
4498,6655,2303,4098,2557,400,-315
4426,6328,2131,4132,2196,294,-246
4584,7236,2636,3928,3308,656,-458
4272,5623,1772,4158,1465,114,-95
4291,5842,1897,4096,1746,195,-129
4465,7822,3138,3092,4730,1373,-480
4205,5653,1816,4042,1611,163,-93
3921,4965,1521,3846,1119,75,79
4074,5186,1594,3996,1190,78,-12
4208,5551,1753,4090,1461,118,-68
4348,8076,3440,2392,5684,1956,-416
4574,7178,2602,3948,3230,626,-450
4561,6605,2243,4238,2367,323,-346
4463,6531,2231,4138,2393,325,-285
3721,4593,1378,3674,919,47,122
4435,7709,3066,3154,4555,1281,-458
3065,3520,999,3044,476,21,245
4135,5394,1697,4000,1394,135,-35
4253,5775,1874,4054,1721,199,-108
3484,4178,1228,3444,734,40,195
4468,7843,3151,3082,4761,1386,-485
4314,5970,1961,4096,1874,218,-153
4295,8189,3639,1822,6367,2473,-330
4377,5939,1916,4214,1725,163,-168
4039,5128,1578,3944,1184,95,22
4297,5759,1843,4146,1613,151,-108
4252,5788,1879,4060,1728,192,-129
4479,6602,2280,4084,2518,395,-322
3076,3593,1032,3058,535,18,246
4458,6459,2195,4138,2321,320,-312
3809,4751,1436,3758,993,51,109
4300,8214,3653,1816,6398,2484,-340
4440,6305,2112,4162,2143,278,-245
4403,6167,2038,4182,1985,221,-225
68,68,17,68,0,0,17
4347,8014,3401,2424,5590,1923,-401
4549,6847,2403,4082,2765,467,-374
1571,1673,444,1570,103,1,264
3837,4744,1431,3764,980,73,132
4456,7868,3168,3064,4804,1392,-492
4583,7276,2673,3860,3416,723,-451
4111,5430,1722,3972,1458,139,-28
4266,5654,1791,4144,1510,122,-77
4181,5581,1779,4046,1535,135,-77
4484,6300,2099,4204,2096,280,-238
3672,4522,1355,3624,898,48,135
2565,2826,773,2560,266,5,315
4338,8138,3541,2112,6026,2226,-377
2881,3286,925,2872,414,9,300
4373,6163,2058,4094,2069,279,-187
4500,7140,2627,3772,3368,728,-413
4421,7931,3243,2890,5041,1531,-481
4323,5921,1923,4150,1771,173,-155
3706,4548,1359,3660,888,46,157
3359,3966,1148,3340,626,19,208
3084,3619,1041,3074,545,10,247
4411,6349,2147,4110,2239,301,-280
2360,2610,717,2352,258,8,292
4524,7746,3032,3364,4382,1160,-527
4229,5861,1927,4014,1847,215,-125
940,970,250,940,30,0,195
4272,5759,1852,4110,1649,162,-101
4535,7484,2838,3616,3868,919,-488
4516,7618,2942,3468,4150,1048,-496
4536,7058,2532,3988,3070,548,-419
4316,8196,3606,1968,6228,2348,-370
4473,7690,3022,3292,4398,1181,-483
4239,5557,1753,4102,1455,137,-60
4384,8029,3374,2562,5467,1822,-441
4405,7945,3303,2678,5267,1727,-439
1070,1113,289,1070,43,0,209
1556,1634,428,1556,78,0,272
4172,5480,1724,4064,1416,108,-63
3206,3751,1078,3190,561,16,225
4220,5625,1792,4082,1543,138,-118
4105,5334,1665,4008,1326,97,-8
4467,7745,3061,3246,4499,1221,-492
3882,4870,1482,3812,1058,70,84
4225,8318,4066,372,7946,3853,-27
4535,6895,2447,4002,2893,533,-393
2933,3313,925,2926,387,7,277
4318,6014,1980,4108,1906,210,-162
4432,6474,2218,4076,2398,356,-271
4614,7156,2585,3972,3184,642,-438
3594,4404,1313,3556,848,38,159
4348,6135,2046,4086,2049,262,-188
4440,6615,2304,4014,2601,426,-299
3752,4587,1367,3706,881,46,137
4543,7428,2785,3716,3712,827,-483
4572,6875,2410,4110,2765,462,-396
4502,6498,2204,4180,2318,322,-283
4436,6414,2184,4092,2322,344,-242
4231,5787,1878,4062,1725,169,-126
4483,6821,2414,3986,2835,497,-348
4279,8230,3749,1464,6766,2815,-258
4523,7527,2868,3582,3945,941,-487
4179,5535,1754,4054,1481,125,-46
4372,6083,2011,4122,1961,250,-190
745,764,196,744,20,1,159
3907,4961,1524,3826,1135,81,53
4440,6280,2094,4184,2096,256,-242
4275,5961,1969,4046,1915,229,-141
4250,8261,3818,1250,7011,3000,-219
4386,6107,2013,4162,1945,224,-192
4388,6248,2094,4120,2128,268,-247
4261,5628,1779,4140,1488,121,-101
4473,7749,3069,3222,4527,1251,-500
280,282,71,280,2,0,67
1056,1092,282,1056,36,0,205
4588,7106,2552,4004,3102,584,-429
4416,6423,2192,4078,2345,338,-288
4277,5775,1860,4110,1665,167,-117
4530,7315,2719,3754,3561,776,-449
4258,5774,1873,4056,1718,202,-116
4355,8090,3474,2284,5806,2071,-399
4118,5368,1683,4004,1364,114,-14
4552,6962,2474,4028,2934,524,-413
4319,5906,1928,4100,1806,219,-134
3402,4029,1171,3374,655,28,198
2137,2304,618,2136,168,1,300
4231,5723,1843,4074,1649,157,-100
488,496,126,488,8,0,112
4502,6519,2225,4138,2381,364,-295
3811,4707,1418,3742,965,69,95
4424,7840,3165,3020,4820,1404,-476
4467,7702,3023,3312,4390,1155,-481
4454,6566,2266,4068,2498,386,-268
3172,3674,1048,3156,518,16,249
4492,6373,2137,4198,2175,294,-247
3553,4283,1261,3522,761,31,179
3887,4896,1493,3820,1076,67,63
3900,4868,1479,3820,1048,80,83
4572,6990,2476,4076,2914,496,-395
4427,6256,2089,4156,2100,271,-242
4528,6536,2218,4200,2336,328,-318
4526,6964,2482,4000,2964,526,-398
766,799,208,766,33,0,158
4384,7999,3360,2558,5441,1826,-432
4494,7698,3023,3304,4394,1190,-480
4251,5672,1808,4112,1560,139,-96
4419,6310,2126,4116,2194,303,-233
3883,4802,1446,3820,982,63,73
180,180,45,180,0,0,43
4274,5769,1864,4082,1687,192,-114
4436,6420,2184,4104,2316,332,-265
4292,5880,1919,4084,1796,208,-156
4550,7256,2666,3848,3408,702,-454
4269,5774,1861,4104,1670,165,-111
4579,7035,2513,4018,3017,561,-415
4351,8094,3460,2348,5746,2003,-420
2261,2498,685,2256,242,5,300
4557,7166,2611,3888,3278,669,-434
4378,5975,1938,4198,1777,180,-173
4097,5290,1650,3980,1310,117,-8
4540,6908,2441,4052,2856,488,-396
4544,7380,2764,3704,3676,840,-472
4281,8196,3659,1756,6440,2525,-318
2682,3039,851,2674,365,8,289
4327,8132,3536,2120,6012,2207,-375
4523,7206,2653,3800,3406,723,-429
4500,6740,2360,4040,2700,460,-339
776,790,201,776,14,0,171
4368,6073,1994,4170,1903,198,-212
4472,6544,2245,4108,2436,364,-310
4145,5390,1687,4032,1358,113,-16
4267,5736,1842,4104,1632,163,-135
4552,6838,2399,4080,2758,472,-368
4581,6916,2435,4092,2824,489,-396
4264,5675,1810,4110,1565,154,-101
4323,6033,1999,4070,1963,253,-165
4467,6564,2265,4068,2496,399,-277
4436,7938,3254,2860,5078,1576,-479
4546,7054,2535,3968,3086,578,-421
4484,7580,2932,3432,4148,1052,-488
4323,8177,3580,2034,6143,2289,-375
4051,5148,1580,3976,1172,75,23
2159,2356,639,2156,200,3,302
4527,6525,2212,4202,2323,325,-305
4535,7143,2593,3914,3229,621,-424
