Points,Edges,Area,Perimeter,Contact_perimeter,TETRAPIXEL,Euler_General_8_Async
67172,89890,28760,64740,25150,2432,-1818
22444,23642,6211,22440,1202,4,4045
71411,118230,44823,57168,61062,14243,-8086
71290,106105,36869,64734,41371,6556,-5769
69717,98036,32588,65720,32316,3997,-3821
71689,108232,38018,64392,43840,7297,-6347
71610,114053,41850,60706,53347,10904,-7450
33568,36474,9853,33536,2938,32,4806
60327,74881,22570,59482,15399,845,1361
12329,12654,3245,12328,326,1,2636
70239,100688,33958,65544,35144,4695,-4437
70104,123775,49806,48326,75449,21778,-8224
69621,124588,50747,46188,78400,23433,-8054
71543,116903,43727,58898,58005,12645,-8007
67122,130210,59060,24180,106030,42942,-5115
54436,64946,18973,54000,10946,436,2940
61868,78155,23900,60710,17445,1158,792
64378,83025,25802,62842,20183,1536,-338
35749,39321,10742,35674,3647,75,4842
67888,128781,56207,32734,96047,35154,-6573
69852,99369,33325,65438,33931,4414,-4108
30171,32377,8649,30158,2219,13,4721
19986,20930,5470,19980,950,6,3803
71283,105235,36309,65234,40001,6049,-5653
71581,109482,38886,63420,46062,8161,-6522
68884,126713,53251,40422,86291,28462,-7554
61308,76837,23348,60282,16555,1026,1009
56123,67583,19914,55510,12073,613,2724
69103,95534,31321,65784,29750,3319,-3282
48557,56118,15975,48336,7782,221,4051
67755,91388,29416,65112,26276,2643,-2164
36120,39524,10745,36068,3456,52,4851
67989,91720,29514,65384,26336,2605,-2304
71656,114684,42296,60184,54500,11472,-7547
71741,109448,38773,63804,45644,7937,-6637
64228,82828,25747,62668,20160,1560,-205
45614,51903,14594,45430,6473,184,4467
68317,93110,30213,65368,27742,2949,-2676
70946,105469,36582,64610,40859,6336,-5603
37896,41780,11431,37836,3944,60,4839
64772,83989,26217,63110,20879,1662,-450
71832,112362,40622,62236,50126,9596,-7223
63344,81103,25060,61966,19137,1378,132
66914,130404,59602,22400,108004,44514,-4765
70664,101907,34538,65662,36245,5002,-4784
55185,65865,19252,54722,11143,463,2934
71303,105840,36711,64836,41004,6467,-5630
46906,53738,15188,46724,7014,182,4180
71152,119390,45774,55684,63706,15468,-8209
30510,32867,8811,30490,2377,20,4682
64143,82245,25464,62634,19611,1509,-210
69766,125104,51130,45688,79416,24078,-8102
66433,87835,27841,64306,23529,2127,-1374
63400,81132,25056,62040,19092,1360,67
67634,129301,57062,30354,98947,37280,-6223
70911,103928,35708,65024,38904,5887,-5276
57692,70385,20949,56974,13411,718,2150
34905,38055,10310,34870,3185,35,4883
71159,103673,35413,65694,37979,5465,-5197
70475,123250,49121,50016,73234,20459,-8387
43120,48619,13556,43014,5605,106,4563
68367,128144,55079,35972,92172,32395,-7078
14492,15024,3889,14492,532,0,2978
71335,117700,44503,57388,60312,13947,-7964
69104,95858,31505,65696,30162,3408,-3300
70889,120950,47135,53360,67590,17529,-8268
68951,126563,53059,40890,85673,28061,-7568
30606,32921,8814,30586,2335,20,4695
69647,97706,32413,65760,31946,3887,-3734
59780,73898,22210,58956,14942,824,1493
68782,94690,30942,65612,29078,3170,-3047
71003,103765,35561,65286,38479,5717,-5292
63760,82419,25658,62206,20213,1554,-189
67262,129989,58433,26246,103743,41016,-5528
71331,118702,45224,56508,62194,14823,-8095
67993,128679,56010,33318,95361,34675,-6675
69645,97610,32386,65676,31934,3969,-3750
70452,122702,48656,50780,71922,19672,-8365
71838,110825,39619,63174,47651,8664,-6863
71671,109476,38842,63584,45892,8087,-6524
66169,87244,27590,64128,23116,2041,-1210
69458,125665,51830,44010,81655,25448,-7949
62294,78485,23952,61162,17323,1132,657
69768,97616,32314,65976,31640,3792,-3769
64788,84338,26393,63104,21234,1684,-617
71239,105169,36310,65098,40071,6141,-5599
58113,71095,21185,57450,13645,663,2016
58668,71793,21424,57890,13903,778,1972
57324,69812,20745,56644,13168,680,2253
42892,48255,13426,42806,5449,86,4634
70121,123896,49885,48252,75644,21869,-8227
67529,129397,57335,29454,99943,38075,-6052
71430,105646,36574,64996,40650,6434,-5722
70319,99535,33247,66082,33453,4237,-4193
70480,123218,49109,50000,73218,20480,-8334
71155,105729,36686,64714,41015,6441,-5703
70888,120190,46494,54404,65786,16484,-8176
69003,95120,31147,65652,29468,3351,-3095
57931,70621,20994,57266,13355,665,2138
18731,19453,5044,18730,723,1,3618
66109,131486,64058,6740,124746,59369,-1380
8378,8515,2163,8378,137,0,1900
71730,114821,42313,60390,54431,11340,-7624
69622,97165,32117,65862,31303,3760,-3663
61437,77148,23497,60308,16840,1129,898
69689,124835,50843,46298,78537,23391,-8154
68463,93595,30453,65378,28217,3085,-2745
59360,72815,21760,58590,14225,770,1811
70053,123771,49792,48374,75397,21679,-8214
66835,130458,59801,21712,108746,45123,-4628
70448,100602,33827,65896,34706,4552,-4457
67261,90379,29002,64750,25629,2511,-2049
66299,87515,27707,64202,23313,2097,-1320
2020,2024,507,2020,4,0,496
63319,80651,24832,61974,18677,1345,329
70887,103318,35320,65356,37962,5531,-5148
70539,101253,34207,65678,35575,4861,-4594
65935,86465,27226,64026,22439,1909,-1098
54672,65247,19074,54198,11049,474,2999
69586,125151,51188,45550,79601,24036,-8127
69491,96830,31969,65784,31046,3707,-3517
66279,87576,27746,64168,23408,2111,-1306
49345,57156,16306,49088,8068,257,3834
67017,130304,59271,23524,106780,43493,-4997
70454,101162,34142,65756,35406,4698,-4556
64010,82219,25471,62554,19665,1456,-68
68173,92550,29931,65376,27174,2797,-2532
60564,75155,22654,59694,15461,870,1356
71289,104424,35818,65576,38848,5713,-5431
71339,117423,44354,57430,59993,13909,-7888
70592,122052,48147,51516,70536,19076,-8245
72035,114130,41746,61276,52854,10759,-7596
68864,94510,30824,65724,28786,3140,-2939
69576,125468,51584,44600,80868,24976,-7992
71703,110748,39610,63056,47692,8647,-6875
71657,110250,39317,63232,47018,8425,-6737
58524,71383,21230,57846,13537,678,2066
71651,111170,39903,62728,48442,8923,-6940
23623,24958,6576,23612,1346,11,4180
67659,129312,57103,30212,99100,37447,-6194
57936,70945,21161,57246,13699,690,1986
68862,94299,30677,65890,28409,2972,-2895
24275,25631,6748,24270,1361,5,4287
66176,87164,27561,64084,23080,2092,-1183
71576,108319,38163,63986,44333,7590,-6307
68389,127979,54906,36334,91645,32055,-7093
71739,114430,42038,60708,53722,11031,-7522
62169,78611,24063,60970,17641,1199,629
37662,41581,11390,37602,3979,60,4812
71580,107942,37906,64260,43682,7320,-6196
61930,77926,23778,60740,17186,1190,786
17414,18064,4679,17412,652,2,3432
71660,114627,42225,60354,54273,11306,-7483
68412,93499,30359,65562,27937,2850,-2737
62412,78945,24173,61198,17747,1214,565
71866,112206,40527,62304,49902,9562,-7130
67461,91003,29291,64842,26161,2619,-2061
66754,130662,60289,20168,110494,46586,-4337
67729,91751,29640,64942,26809,2787,-2285
66413,87653,27739,64350,23303,2063,-1408
71975,113704,41449,61612,52092,10363,-7453
69215,95471,31260,65902,29569,3313,-3154
69887,124655,50688,46558,78097,23329,-8157
71608,106256,36839,65156,41100,6452,-5903
58499,71964,21543,57756,14208,743,1837
62341,79125,24288,61098,18027,1243,479
63735,81523,25175,62346,19177,1389,1
63325,81163,25098,61934,19229,1391,85
49027,56782,16193,48792,7990,235,3870
68665,94213,30725,65526,28687,3139,-2917
71573,106596,37051,64988,41608,6585,-5909
68008,128703,55984,33470,95233,34538,-6720
67442,129599,57741,28234,101365,39208,-5834
68229,128452,55496,34920,93532,33309,-6958
68696,127270,53895,38960,88310,29736,-7412
71662,114662,42233,60392,54270,11270,-7594
70118,98868,32925,66036,32832,4082,-4084
67608,91374,29468,64876,26498,2732,-2190
67811,92579,30082,64830,27749,2981,-2450
61863,77730,23658,60828,16902,1035,828
71504,116252,43375,59004,57248,12500,-7790
71791,113740,41583,61148,52592,10643,-7418
67650,91311,29409,64986,26325,2664,-2228
70257,100130,33609,65824,34306,4433,-4424
69933,124136,50187,47524,76612,22409,-8159
71466,106611,37097,64834,41777,6632,-6004
69513,125565,51694,44354,81211,25159,-8005
69554,125557,51645,44534,81023,25020,-8027
39257,43599,11999,39202,4397,55,4758
57347,69984,20819,56692,13292,655,2128
68452,94048,30706,65272,28776,3180,-2801
71539,108624,38333,63916,44708,7623,-6380
66911,130420,59672,22152,108268,44759,-4709
71301,106222,36939,64688,41534,6613,-5852
66016,87166,27599,63936,23230,2080,-1210
71530,110401,39460,62962,47439,8568,-6729
70023,123575,49658,48518,75057,21505,-8171
66678,130705,60433,19678,111027,47000,-4228
19324,20076,5208,19320,756,4,3740
62320,78716,24074,61136,17580,1184,656
70435,122980,48923,50268,72712,20167,-8325
53603,63513,18456,53202,10311,401,3144
67473,90588,29045,64996,25592,2477,-2043
70263,122328,48518,50584,71744,19679,-8147
4648,4688,1182,4648,40,0,1107
65696,85910,27004,63804,22106,1892,-916
71393,106449,37019,64822,41627,6571,-5912
70445,122846,48752,50684,72162,19761,-8402
39085,43311,11903,39010,4301,75,4778
52426,61674,17808,52116,9558,310,3256
22138,23248,6090,22136,1112,2,4028
22232,23421,6154,22226,1195,6,4000
69052,95891,31589,65426,30465,3626,-3232
67897,92134,29798,65076,27058,2821,-2434
68132,128404,55658,34176,94228,33956,-6748
2062,2071,520,2062,9,0,498
64578,83196,25827,63084,20112,1494,-342
43363,48869,13625,43238,5631,125,4538
66927,89469,28587,64590,24879,2337,-1777
68550,93372,30276,65640,27732,2910,-2732
68796,94923,31068,65574,29349,3222,-3036
54775,65102,18971,54320,10782,455,3004
63532,81494,25202,62180,19314,1352,-11
63996,82558,25680,62396,20162,1600,-205
67131,89843,28737,64738,25105,2393,-1875
69855,99036,33117,65604,33432,4251,-4014
67358,129823,58129,27130,102693,40228,-5668
67077,89434,28536,64724,24710,2353,-1803
71395,106931,37345,64482,42449,6913,-5936
49875,57941,16570,49602,8339,273,3846
71086,120210,46464,54564,65646,16522,-8228
61710,77462,23592,60556,16906,1154,913
69768,124959,50990,45958,79001,23810,-8135
66633,130734,60570,19188,111546,47445,-4122
38795,43038,11838,38724,4314,71,4863
66074,131551,64634,4566,126985,61508,-868
67676,90912,29189,65068,25844,2608,-2014
24093,25406,6682,24084,1322,9,4263
15877,16434,4248,15876,558,1,3215
42431,47688,13265,42316,5372,115,4677
58452,71697,21432,57666,14031,786,1852
37050,40700,11101,36996,3704,54,4873
70329,122739,48790,50318,72421,20011,-8243
71320,105719,36585,65098,40621,6222,-5714
70667,121575,47722,52262,69313,18405,-8282
65558,86121,27139,63686,22435,1872,-1011
71679,110262,39313,63272,46990,8407,-6728
29134,31279,8360,29118,2161,16,4701
48811,56518,16120,48556,7962,255,3979
45373,51383,14385,45226,6157,147,4417
71630,112515,40801,61826,50689,9804,-7191
71556,114116,41887,60684,53432,10872,-7416
68645,93650,30414,65644,28006,3001,-2662
68932,126576,53094,40776,85800,28156,-7571
71219,104306,35803,65400,38906,5819,-5354
71696,115871,43046,59558,56313,12138,-7827
53747,63860,18605,53300,10560,447,3167
58544,71745,21415,57830,13915,714,1965
65028,84467,26424,63238,21229,1790,-584
55445,66476,19496,54968,11508,477,2734
18407,19143,4970,18406,737,1,3606
16995,17609,4556,16994,615,1,3347
69446,96367,31709,65898,30469,3548,-3404
69901,98854,33008,65676,33178,4225,-4000
70538,122099,48187,51450,70649,19088,-8231
69981,100067,33666,65470,34597,4511,-4303
51610,60529,17439,51302,9227,308,3475
69113,95559,31355,65698,29861,3415,-3200
69707,125145,51211,45446,79699,24261,-8065
71672,109081,38533,64030,45051,7642,-6474
71672,116598,43551,58992,57606,12680,-7952
69074,95329,31220,65778,29551,3296,-3196
70230,99803,33427,65898,33905,4332,-4278
63644,81770,25350,62140,19630,1504,-101
67871,91614,29489,65272,26342,2599,-2272
60720,76032,23087,59716,16316,1004,1157
69088,126388,52717,41908,84480,27180,-7740
70796,102976,35125,65452,37524,5344,-5094
69992,99178,33149,65760,33418,4232,-4123
71887,109725,38885,63910,45815,7977,-6687
62672,79351,24308,61470,17881,1202,479
71721,110005,39159,63374,46631,8347,-6678
46586,53295,15042,46422,6873,164,4190
64569,83538,26032,62948,20590,1621,-464
56895,68725,20276,56346,12379,549,2451
71804,113940,41721,60996,52944,10808,-7452
71336,105989,36756,64954,41035,6382,-5760
2520,2532,636,2520,12,0,612
54028,64220,18711,53596,10624,432,3154
56644,68675,20330,56030,12645,614,2413
71960,113588,41346,61792,51796,10168,-7514
68330,93063,30177,65418,27645,2912,-2654
71481,107298,37522,64508,42790,6973,-6065
52884,62564,18160,52488,10076,396,3287
36922,40635,11101,36866,3769,56,4798
71637,108612,38288,64072,44540,7565,-6382
55375,66323,19437,54898,11425,477,2782
69548,96381,31712,65914,30467,3634,-3431
69441,96623,31865,65786,30837,3655,-3459
70297,99819,33405,66018,33801,4279,-4331
13678,14053,3607,13678,375,0,2862
66502,131023,61461,16202,114821,50300,-3518
70913,103382,35349,65368,38014,5545,-5099
71667,114050,41823,60808,53242,10859,-7458
66379,131120,61934,14504,116616,51875,-3141
60937,75925,22971,59966,15959,971,1173
47390,54375,15390,47190,7185,200,4154
70825,121101,47250,53202,67899,17623,-8296
66582,88206,27993,64440,23766,2142,-1395
70958,103009,35090,65658,37351,5300,-5020
71410,105958,36727,65008,40950,6402,-5719
66734,88567,28148,64542,24025,2192,-1537
71396,108767,38455,63714,45053,7682,-6355
70097,123768,49774,48440,75328,21657,-8247
71541,116362,43422,59036,57326,12505,-7881
69482,97143,32133,65754,31389,3728,-3619
52416,61867,17920,52054,9813,362,3346
44466,50294,14065,44328,5966,138,4567
71559,105972,36685,65204,40768,6355,-5879
39881,44340,12214,39824,4516,57,4815
71515,108391,38242,63814,44577,7701,-6281
69949,99333,33272,65578,33755,4371,-4074
51492,60253,17330,51186,9067,306,3605
70456,99924,33425,66148,33776,4308,-4367
71526,109136,38655,63652,45484,7874,-6444
71355,118585,45078,56858,61727,14497,-8153
59598,73415,22022,58742,14673,856,1541
67638,129369,57175,30038,99331,37600,-6191
39938,44355,12211,39866,4489,72,4795
59064,72711,21785,58282,14429,782,1842
68370,93026,30120,65572,27454,2798,-2617
70352,123165,49103,49918,73247,20434,-8327
29755,31989,8560,29738,2251,17,4664
71015,120178,46476,54452,65726,16563,-8236
54075,64492,18835,53644,10848,431,2918
11926,12254,3146,11924,330,2,2562
66054,131576,65193,2380,129196,63674,-334
58571,72028,21570,57776,14252,795,1818
64639,83878,26201,62952,20926,1687,-447
71677,110402,39400,63204,47198,8473,-6775
62937,80149,24677,61590,18559,1347,318
70569,101451,34310,65662,35789,4907,-4677
64751,83745,26091,63126,20619,1625,-468
67627,90904,29172,65120,25784,2507,-2109
68904,126978,53384,40420,86558,28484,-7662
71775,112138,40500,62276,49862,9499,-7099
70496,122461,48449,51126,71335,19370,-8350
71099,103953,35619,65430,38523,5669,-5274
71614,115507,42829,59698,55809,11916,-7705
52999,62814,18254,52612,10202,387,3200
71813,111860,40311,62476,49384,9337,-7051
68191,128194,55314,35132,93062,33059,-6908
59858,73922,22213,58992,14930,866,1512
68999,95742,31504,65468,30274,3531,-3243
70953,103588,35483,65244,38344,5709,-5183
71554,116918,43831,58512,58406,13042,-7901
52443,61618,17793,52064,9554,379,3432
71940,113248,41146,61912,51336,10028,-7409
28682,30682,8174,28668,2014,14,4596
71877,114349,41919,61022,53327,10855,-7576
59217,72960,21871,58436,14524,781,1717
42640,47849,13294,42522,5327,118,4543
69243,126266,52494,42556,83710,26687,-7869
71729,109661,38900,63722,45939,8007,-6619
39541,43884,12081,39444,4440,97,4733
52095,61057,17582,51786,9271,309,3624
70038,124295,50182,47862,76433,22176,-8290
71026,104656,36076,65008,39648,6018,-5448
62773,79853,24556,61482,18371,1291,353
61877,78277,23971,60670,17607,1207,806
69078,95305,31221,65726,29579,3352,-3173
68865,94550,30838,65748,28802,3117,-2979
67087,89418,28520,64756,24662,2331,-1746
68974,94695,30926,65686,29009,3288,-3118
38034,42104,11560,37968,4136,66,4898
28195,30112,8011,28180,1932,15,4485
68231,92652,29977,65396,27256,2835,-2503
70778,120822,47022,53556,67266,17222,-8248
5248,5318,1347,5248,70,0,1231
70893,102648,34893,65724,36924,5169,-4982
47296,54344,15396,47104,7240,192,4205
56924,68839,20346,56294,12545,630,2413
18127,18841,4889,18126,715,1,3551
70062,99281,33214,65706,33575,4356,-4124
44014,49839,13944,43902,5937,112,4512
71399,115531,42991,59098,56433,12301,-7605
58440,71376,21251,57748,13628,692,1905
70999,104461,35970,65042,39419,5957,-5402
12144,12466,3197,12144,322,0,2580
66886,89298,28512,64548,24750,2338,-1677
71076,105275,36430,64830,40445,6246,-5566
51101,59902,17263,50752,9150,349,3675
69737,98674,32938,65596,33078,4141,-3954
70803,121389,47455,52958,68431,17845,-8320
67309,129921,58358,26410,103511,40899,-5530
43626,49316,13787,43484,5832,142,4504
64810,83838,26117,63208,20630,1602,-463
70416,100246,33661,65848,34398,4568,-4369
71820,113342,41263,61632,51710,10188,-7367
67692,91318,29369,65160,26158,2532,-2243
43733,49429,13811,43614,5815,119,4452
67035,130241,59154,23866,106375,43169,-5059
69568,97681,32402,65754,31927,3814,-3701
66809,130532,59948,21272,109260,45537,-4546
55822,67233,19803,55254,11979,568,2727
44251,50142,14040,44124,6018,127,4486
70498,122727,48679,50738,71989,19760,-8326
66357,87813,27842,64258,23555,2099,-1288
71835,113535,41439,61314,52221,10521,-7419
64117,82402,25561,62560,19842,1557,-180
67635,129336,57199,29876,99460,37759,-6126
71271,104717,36010,65394,39323,5877,-5517
71583,116172,43280,59224,56948,12359,-7814
24025,25430,6709,24024,1406,1,4249
69603,125302,51386,45060,80242,24543,-8018
62839,79485,24335,61630,17855,1209,370
69723,124573,50640,46586,77987,23137,-8120
70353,123395,49299,49594,73801,20759,-8334
38529,42563,11664,38470,4093,59,4877
62772,80095,24675,61490,18605,1282,366
62599,79345,24317,61422,17923,1177,453
69564,97008,32035,65876,31132,3688,-3616
69098,95534,31357,65640,29894,3458,-3158
70134,123729,49730,48538,75191,21596,-8246
69001,126532,52938,41312,85220,27689,-7664
71638,109418,38806,63612,45806,8026,-6500
33460,36359,9821,33434,2925,26,4871
71149,104274,35794,65372,38902,5777,-5390
20350,21317,5572,20346,971,4,3851
71603,108618,38319,63960,44658,7643,-6341
68353,128029,54935,36318,91711,32035,-7114
67023,130343,59354,23270,107073,43753,-4951
67677,129276,56986,30608,98668,37069,-6285
69959,98627,32821,65970,32657,3989,-4101
70445,101019,34098,65646,35373,4799,-4585
71780,109811,39018,63550,46261,8230,-6681
67749,91270,29356,65116,26154,2633,-2223
33839,36872,9986,33800,3072,39,4756
71699,112624,40848,61856,50768,9843,-7213
69520,97488,32318,65704,31784,3816,-3666
67060,130233,59164,23810,106423,43250,-5037
70710,120955,47142,53342,67613,17368,-8252
66054,131559,64971,3234,128325,62820,-539
68727,127118,53745,39256,87862,29471,-7418
71576,115902,43099,59408,56494,12168,-7769
30015,32230,8617,29992,2238,23,4667
67968,128758,56190,32756,96002,35212,-6565
71436,105684,36530,65248,40436,6188,-5789
68041,128505,55730,34090,94415,33951,-6773
64648,83959,26238,62966,20993,1682,-444
69405,96783,31944,65790,30993,3615,-3511
71300,105165,36274,65234,39931,6066,-5550
36779,40373,11009,36710,3663,69,4861
13044,13412,3445,13044,368,0,2758
68950,126675,53159,40714,85961,28236,-7594
70270,122790,48854,50164,72626,20106,-8255
70213,99211,33097,66034,33177,4179,-4174
71314,119374,45678,56036,63338,15278,-8254
55374,66466,19517,54864,11602,510,2777
63135,80610,24867,61752,18858,1383,275
70096,100124,33666,65584,34540,4512,-4315
71038,103839,35527,65570,38269,5468,-5335
71672,109108,38577,63908,45200,7764,-6531
71323,118253,44873,57014,61239,14309,-8118
67723,129230,56999,30464,98766,37259,-6216
68225,93110,30240,65260,27850,2965,-2652
68637,94398,30842,65428,28970,3209,-2954
71468,117439,44211,58034,59405,13434,-8020
58821,72219,21602,58030,14189,791,1923
71651,108674,38326,64044,44630,7607,-6466
64369,83391,26025,62682,20709,1687,-362
52980,63040,18383,52548,10492,432,3241
70971,103473,35370,65466,38007,5505,-5219
67864,91688,29553,65164,26524,2700,-2342
69550,124633,50820,45986,78647,23564,-8007
66011,86412,27156,64200,22212,1811,-1145
66826,88864,28291,64564,24300,2262,-1702
66422,131076,61747,15164,115912,51258,-3286
64542,83404,25938,63056,20348,1486,-341
38332,42330,11598,38268,4062,64,4816
70744,120776,47034,53416,67360,17328,-8212
71775,114187,41832,61046,53141,10729,-7534
70618,101715,34422,65742,35973,4876,-4793
32964,35751,9640,32942,2809,22,4809
71701,108641,38248,64290,44351,7411,-6477
71802,110815,39669,62954,47861,8848,-6830
71098,104158,35729,65400,38758,5698,-5411
67226,90443,29047,64698,25745,2528,-2022
39509,43984,12136,39424,4560,85,4735
70795,121536,47556,52848,68688,17947,-8351
57366,69659,20642,56750,12909,616,2208
70329,100587,33901,65570,35017,4759,-4447
66854,89888,28847,64388,25500,2466,-1836
66162,131384,63368,9296,122088,56866,-1968
28120,29974,7960,28108,1866,12,4620
63683,81686,25287,62224,19462,1459,57
69965,124255,50265,47450,76805,22515,-8186
57579,69824,20683,56916,12908,663,2151
70579,122148,48192,51528,70620,19051,-8310
71679,116365,43374,59234,57131,12445,-7911
67018,130281,59272,23474,106807,43544,-4970
62435,78660,24004,61304,17356,1131,613
70472,122549,48554,50882,71667,19590,-8281
66349,131216,62289,13276,117940,53073,-2880
68183,128501,55659,34366,94135,33817,-6848
69209,126130,52429,42544,83586,26665,-7825
50855,59560,17145,50540,9020,315,3734
70607,101999,34629,65482,36517,5125,-4852
66197,131363,63215,9866,121497,56331,-2102
69816,98907,33024,65718,33189,4098,-4156
70841,120394,46688,54036,66358,16805,-8186
71592,115485,42795,59790,55695,11802,-7719
64090,82504,25615,62548,19956,1542,-168
1392,1398,351,1392,6,0,341
71229,104753,36047,65318,39435,5911,-5503
71637,116119,43263,59186,56933,12451,-7802
55029,66087,19413,54522,11565,507,2813
64465,83140,25842,62912,20228,1553,-300
69917,99108,33138,65664,33444,4253,-4091
69857,98228,32626,65952,32276,3905,-3927
17717,18380,4761,17716,664,1,3503
71036,104487,35992,65006,39481,6030,-5335
68913,126941,53440,40122,86819,28791,-7556
65320,85854,27080,63388,22466,1932,-869
57688,70544,21029,56972,13572,716,2072
71515,106654,37111,64864,41790,6651,-5931
70311,100869,34038,65586,35283,4725,-4516
66948,130283,59298,23374,106909,43574,-4953
11114,11367,2905,11114,253,0,2439
66318,131261,62499,12526,118735,53792,-2714
66186,131408,63399,9220,122188,56966,-1961
70223,100292,33752,65576,34716,4647,-4362
71690,110087,39246,63190,46897,8500,-6670
52342,61633,17814,52010,9623,332,3445
43404,48960,13660,43280,5680,124,4556
69762,124892,50943,46012,78880,23750,-8111
67930,92048,29718,65224,26824,2706,-2393
66132,131480,63787,7812,123668,58320,-1645
71102,104815,36111,65186,39629,5916,-5551
68782,95070,31177,65432,29638,3350,-3056
71604,116231,43344,59086,57145,12518,-7826
71796,113970,41718,61068,52902,10728,-7458
70627,102091,34676,65478,36613,5149,-4886
66551,88145,27971,64406,23739,2145,-1435
69746,124953,50991,45942,79011,23804,-8133
68918,95490,31391,65416,30074,3502,-3152
20587,21522,5615,20584,938,3,3871
70234,99118,33017,66168,32950,4066,-4155
44292,50419,14178,44126,6293,166,4495
70910,103301,35301,65398,37903,5512,-5150
65538,85841,27005,63662,22179,1876,-872
70632,101092,34054,65968,35124,4664,-4615
65891,87095,27594,63814,23281,2077,-1146
68933,94627,30876,65750,28877,3183,-3051
71509,116911,43828,58510,58401,12999,-7924
69487,96697,31908,65762,30935,3725,-3539
70336,122742,48884,49948,72794,20388,-8179
65125,85262,26820,63244,22018,1881,-815
66491,131085,61556,15946,115139,50545,-3484
68677,95422,31428,65132,30290,3545,-3064
61761,77411,23525,60722,16689,1039,807
28225,30183,8039,28210,1973,15,4570
50388,58814,16882,50100,8714,288,3809
67950,92429,29944,65082,27347,2868,-2434
58346,71416,21308,57600,13816,746,2009
32376,34984,9406,32344,2640,32,4775
70548,122308,48274,51520,70788,19028,-8373
68991,95332,31250,65664,29668,3327,-3207
68951,126935,53420,40190,86745,28761,-7580
69979,123692,49763,48332,75360,21647,-8177
63620,81135,24992,62302,18833,1318,205
63443,81095,25041,62026,19069,1417,135
70540,100727,33857,66026,34701,4514,-4562
71674,109705,38944,63634,46071,8040,-6665
23586,24925,6568,23578,1347,8,4121
47316,54043,15239,47130,6913,186,4205
66494,130927,61235,16914,114013,49580,-3650
71357,118526,45062,56804,61722,14553,-8128
69147,126639,52938,41526,85113,27621,-7777
70767,121050,47251,53096,67954,17671,-8221
64765,84174,26328,63036,21138,1729,-576
70470,100118,33571,65952,34166,4518,-4342
51015,59646,17148,50700,8946,315,3644
71525,114512,42169,60348,54164,11177,-7542
66257,87492,27699,64188,23304,2069,-1363
70381,101406,34317,65544,35862,4837,-4624
68963,95311,31255,65602,29709,3361,-3142
70961,120874,46975,53848,67026,17113,-8357
67270,90151,28863,64850,25301,2420,-1928
41279,46139,12773,41186,4953,93,4700
69421,96738,31917,65808,30930,3613,-3515
69743,98062,32587,65776,32286,3967,-3854
28186,30114,8013,28176,1938,10,4623
67553,129449,57481,28974,100475,38579,-5946
50982,59605,17134,50674,8931,308,3653
69543,97465,32278,65818,31647,3725,-3674
71606,110153,39315,63046,47107,8560,-6668
62954,80037,24596,61690,18347,1264,354
55776,66925,19639,55294,11631,482,2657
7712,7840,1992,7712,128,0,1755
64646,83751,26120,63022,20729,1624,-450
59392,73008,21854,58600,14408,792,1662
66749,130685,60442,19602,111083,47147,-4205
68928,126795,53252,40582,86213,28346,-7626
71684,109421,38791,63678,45743,8006,-6508
71103,105146,36327,64984,40162,6119,-5540
63802,82326,25603,62240,20086,1562,-196
67829,129028,56511,32012,97016,35817,-6508
71883,114319,41847,61250,53069,10633,-7639
70941,103607,35469,65338,38269,5603,-5199
70904,102826,34991,65688,37138,5216,-5028
66093,131513,64317,5758,125755,60335,-1149
64734,83939,26194,63102,20837,1632,-433
71789,113918,41617,61368,52550,10421,-7500
69316,96483,31839,65610,30873,3706,-3386
63775,81749,25274,62402,19347,1373,-36
69762,98208,32669,65740,32468,4022,-3903
66128,131485,63923,7278,124207,58850,-1514
67517,129453,57413,29254,100199,38263,-6022
71812,112147,40474,62398,49749,9414,-7190
66721,130729,60346,20074,110655,46647,-4344
53500,63377,18407,53126,10251,374,3215
68282,128095,55149,35594,92501,32688,-6966
61902,78016,23818,60760,17256,1142,810
71141,119955,46167,55242,64713,15899,-8294
71487,114707,42342,60046,54661,11441,-7492
68156,128406,55552,34604,93802,33552,-6869
71509,117781,44467,57694,60087,13815,-8098
70847,102870,35082,65412,37458,5435,-5041
71849,111413,39999,62830,48583,9019,-7005
53373,62874,18191,52984,9890,389,3378
70232,123543,49470,49206,74337,21026,-8310
10208,10432,2664,10208,224,0,2242
70880,103302,35299,65408,37894,5472,-5160
21416,22460,5877,21412,1048,4,3957
15671,16173,4169,15670,503,1,3182
69384,96738,31939,65720,31018,3664,-3459
14928,15404,3970,14928,476,0,3070
71608,110835,39785,62530,48305,9078,-6767
69073,95773,31501,65542,30231,3531,-3128
64605,83364,25902,63120,20244,1485,-332
27632,29471,7831,27618,1853,14,4518
70311,100777,33975,65654,35123,4657,-4535
67099,130061,58773,25030,105031,42069,-5255
71042,104040,35706,65256,38784,5786,-5239
66067,131562,64825,3824,127738,62243,-688
70679,121967,48015,51874,70093,18805,-8300
29590,31720,8467,29572,2148,18,4693
44226,50028,13990,44096,5932,130,4512
70253,123214,49204,49612,73602,20641,-8279
20626,21583,5636,20622,961,4,3877
71165,105006,36222,65124,39882,6041,-5555
27837,29630,7858,27828,1802,9,4640
16540,17136,4433,16540,596,0,3301
71264,105427,36450,65054,40373,6210,-5667
21431,22489,5887,21430,1059,1,3967
45776,52172,14682,45616,6556,160,4312
70444,100784,33954,65752,35032,4692,-4568
63927,82048,25414,62440,19608,1487,-66
71689,112142,40525,62184,49958,9505,-7081
66816,130475,59781,21826,108649,44990,-4650
67199,129959,58508,25886,104073,41313,-5418
68499,127915,54797,36642,91273,31857,-7148
71780,112696,40880,61872,50824,9908,-7206
67886,91667,29533,65202,26465,2684,-2331
66268,131277,62620,12074,119203,54194,-2612
71786,112282,40581,62240,50042,9546,-7112
55376,66673,19637,54798,11875,578,2682
63287,80676,24849,61956,18720,1331,238
53539,63810,18627,53112,10698,427,3136
58547,71831,21467,57794,14037,753,1946
71527,117229,44047,58270,58959,13257,-7952
68127,92581,29942,65394,27187,2733,-2549
71761,113391,41353,61370,52021,10391,-7337
46300,52990,14964,46124,6866,176,4302
71171,105330,36411,65016,40314,6155,-5644
70783,101954,34529,65792,36162,4991,-4877
33515,36502,9880,33484,3018,31,4784
70176,123970,49836,48596,75374,21580,-8351
71296,105754,36631,64984,40770,6312,-5709
70993,103509,35364,65562,37947,5431,-5237
59764,74122,22345,58864,15258,900,1472
3902,3933,991,3902,31,0,936
71718,114401,42028,60690,53711,11028,-7514
65222,85008,26627,63508,21500,1714,-710
67874,91689,29561,65134,26555,2740,-2278
70159,123624,49664,48592,75032,21567,-8185
50454,58686,16796,50188,8498,266,3757
64513,83234,25878,62956,20278,1557,-311
54408,64798,18910,53956,10842,452,2994
71020,103921,35629,65326,38595,5694,-5263
71676,114676,42262,60304,54372,11372,-7537
71347,117527,44369,57578,59949,13769,-7919
70002,99064,33078,65816,33248,4186,-4113
71671,116739,43613,59026,57713,12645,-7987
68409,92681,29914,65706,26975,2703,-2573
67985,128906,56279,32696,96210,35289,-6613
68232,127928,55012,35808,92120,32424,-6940
68613,127654,54321,38024,89630,30589,-7367
67439,90447,28982,64966,25481,2473,-1812
56922,68699,20252,56390,12309,532,2400
53930,63933,18594,53490,10443,440,3105
67074,130273,59195,23766,106507,43308,-5046
71469,118146,44711,57448,60698,14021,-8126
61203,76614,23269,60152,16462,1051,992
67812,92040,29756,65056,26984,2756,-2441
44482,50493,14158,44354,6139,128,4425
70945,103177,35239,65398,37779,5547,-5087
67220,129778,58208,26724,103054,40496,-5543
69311,96133,31580,65946,30187,3365,-3435
71255,105502,36521,64920,40582,6335,-5681
71724,115390,42700,59980,55410,11744,-7718
62737,79881,24585,61422,18459,1315,310
68811,94848,31051,65492,29356,3319,-3069
12026,12305,3146,12026,279,0,2588
58801,72330,21655,58040,14290,761,1715
67158,130015,58713,25178,104837,41980,-5278
62751,79850,24554,61484,18366,1267,416
68916,95815,31567,65362,30453,3554,-3222
71836,114507,41958,61182,53325,10654,-7729
65199,84990,26636,63436,21554,1763,-787
47081,53971,15259,46906,7065,175,4231
62223,78716,24111,60988,17728,1235,587
56066,67606,19921,55528,12078,538,2590
2532,2544,639,2532,12,0,614
37488,41386,11334,37436,3950,52,4794
51358,60225,17353,51038,9187,320,3623
71485,107368,37553,64524,42844,6961,-6105
71886,115424,42627,60340,55084,11546,-7790
66537,88132,27967,64396,23736,2141,-1500
65151,84616,26461,63388,21228,1763,-641
20111,21054,5500,20108,946,3,3829
56961,69298,20571,56312,12986,649,2304
44036,49707,13877,43906,5801,130,4560
69537,97274,32210,65708,31566,3829,-3730
70356,100828,33986,65712,35116,4644,-4481
66502,88331,28093,64290,24041,2212,-1528
68125,92796,30067,65324,27472,2801,-2578
28880,31015,8291,28866,2149,14,4595
71648,108811,38385,64082,44729,7566,-6479
65656,86512,27345,63644,22868,2012,-1147
64288,82570,25579,62824,19746,1464,-230
70522,100152,33539,66148,34004,4374,-4377
44056,49823,13933,43914,5909,142,4519
50420,58772,16850,50144,8628,276,3788
71713,110675,39561,63106,47569,8607,-6871
64830,84160,26294,63144,21016,1686,-542
55053,65942,19332,54556,11386,497,2894
71486,118140,44730,57360,60780,14126,-8097
69501,97393,32295,65606,31787,3895,-3655
69380,97026,32145,65472,31554,3908,-3595
70445,122438,48487,50928,71510,19517,-8260
68453,93366,30320,65452,27914,3001,-2686
69733,124707,50727,46506,78201,23227,-8152
52829,62267,18008,52502,9765,327,3403
27869,29700,7885,27860,1840,9,4562
71465,117058,43956,58292,58766,13173,-7959
59078,72892,21881,58260,14632,818,1683
71794,114804,42229,60692,54112,11102,-7682
68675,127329,53970,38778,88551,29897,-7411
26918,28643,7594,26910,1733,8,4471
2830,2841,713,2830,11,0,685
69396,96724,31920,65768,30956,3628,-3528
40386,44928,12387,40308,4620,78,4787
64378,82841,25706,62858,19983,1520,-254
46804,53491,15088,46630,6861,174,4270
54730,65311,19085,54282,11029,448,2915
452,454,114,452,2,0,112
41503,46504,12903,41396,5108,107,4659
69078,126656,53002,41304,85352,27774,-7714
68781,94359,30771,65634,28725,3147,-2939
61146,76608,23271,60132,16476,1014,1007
59504,73658,22173,58624,15034,880,1512
71674,117984,44501,57964,60020,13710,-8208
70940,103564,35411,65484,38080,5456,-5262
51791,60814,17549,51432,9382,359,3476
69805,98641,32918,65610,33031,4195,-3966
67194,90043,28828,64774,25269,2420,-1962
31632,34139,9166,31614,2525,18,4767
52010,61103,17634,51670,9433,340,3458
71570,115439,42770,59798,55641,11772,-7716
32417,35147,9476,32390,2757,27,4711
71223,119182,45614,55908,63274,15315,-8145
64930,84352,26367,63236,21116,1694,-560
36070,39586,10784,36036,3550,34,4766
71442,108228,38092,64088,44140,7354,-6311
66137,87463,27724,64030,23433,2107,-1238
32106,34639,9298,32086,2553,20,4719
67134,89881,28768,64690,25191,2444,-1767
66051,131577,65310,1914,129663,64137,-218
68165,93044,30233,65156,27888,3009,-2565
42836,48222,13431,42720,5502,116,4605
6384,6464,1636,6384,80,0,1492
64565,84001,26297,62814,21187,1751,-492
70684,121658,47820,52036,69622,18648,-8219
64012,82581,25696,62378,20203,1634,-168
37082,40801,11146,37018,3783,64,4842
71489,108437,38219,63998,44439,7491,-6268
9292,9444,2399,9292,152,0,2083
22800,24113,6359,22790,1323,10,4119
67516,90815,29146,65046,25769,2470,-2125
70993,104535,35998,65078,39457,5915,-5412
64617,83858,26192,62948,20910,1669,-439
71488,107327,37517,64586,42741,6902,-6171
71569,109827,39097,63266,46561,8303,-6544
69260,126222,52447,42656,83566,26604,-7851
71541,118225,44776,57346,60879,14195,-8158
58862,72430,21686,58116,14314,746,1814
49740,57823,16543,49474,8349,266,3795
66506,130910,61217,16952,113958,49554,-3650
36082,39561,10772,36034,3527,48,4830
62684,79907,24609,61378,18529,1306,316
64172,82896,25788,62640,20256,1532,-243
53648,63797,18589,53238,10559,410,3157
69381,96710,31917,65752,30958,3629,-3527
68853,94837,31006,65650,29187,3203,-3013
64315,83165,25910,62690,20475,1625,-389
61122,76495,23234,60054,16441,1068,1035
70759,103046,35190,65332,37714,5427,-5090
43131,48539,13510,43038,5501,93,4589
59653,74091,22360,58742,15349,911,1542
66850,130507,59925,21314,109193,45536,-4544
66353,131163,62204,13510,117653,52843,-2910
66357,131127,61978,14342,116785,52015,-3105
50590,58885,16866,50306,8579,284,3681
70841,120801,47033,53470,67331,17371,-8230
71879,111973,40359,62510,49463,9369,-7137
71783,108881,38445,63982,44899,7801,-6452
11022,11269,2879,11022,247,0,2390
65895,86308,27149,64020,22288,1875,-956
61298,76929,23391,60294,16635,1004,1019
67650,91561,29551,64918,26643,2732,-2239
53436,63231,18359,53026,10205,410,3249
70929,120844,46985,53748,67096,17181,-8295
9966,10163,2590,9966,197,0,2208
11718,11991,3066,11718,273,0,2552
44311,50045,13976,44186,5859,125,4522
55967,67585,19937,55422,12163,545,2536
67272,129962,58345,26544,103418,40728,-5592
63274,80974,25016,61884,19090,1390,131
48008,55231,15667,47794,7437,214,4113
66068,131566,64696,4348,127218,61720,-821
69062,126673,53071,41062,85611,28000,-7673
71600,112658,40857,61888,50770,9712,-7186
57444,70193,20910,56746,13447,698,2181
62858,79912,24556,61600,18312,1258,284
52414,61741,17854,52066,9675,348,3328
71090,119894,46173,55096,64798,15994,-8262
6314,6391,1617,6314,77,0,1466
71707,114064,41794,60952,53112,10755,-7484
70633,121339,47557,52450,68889,18183,-8197
39341,43698,12033,39264,4434,77,4670
50448,58668,16790,50176,8492,272,3780
50150,58369,16721,49854,8515,296,3790
70273,122821,48911,49998,72823,20275,-8194
29423,31600,8448,29408,2192,15,4603
70668,101337,34225,65774,35563,4894,-4598
66553,88531,28188,64310,24221,2243,-1506
40531,45211,12497,40434,4777,97,4723
27572,29430,7824,27564,1866,8,4530
65912,87176,27624,63856,23320,2056,-1165
70856,120068,46464,54280,65788,16576,-8157
33375,36231,9780,33342,2889,33,4798
71354,107460,37698,64128,43332,7226,-6037
65979,86902,27462,63956,22946,2023,-1128
69674,97869,32483,65806,32063,3868,-3765
68559,94185,30746,65386,28799,3173,-2934
64953,84279,26324,63262,21017,1691,-601
6202,6293,1596,6202,91,0,1440
66201,131403,63248,9814,121589,56387,-2107
70572,100596,33801,65988,34608,4584,-4524
37065,40749,11124,37002,3747,63,4847
64851,84140,26258,63248,20892,1603,-478
4350,4383,1104,4350,33,0,1039
70851,103086,35165,65512,37574,5339,-5082
37676,41611,11403,37610,4001,66,4897
70935,120402,46670,54124,66278,16811,-8232
32052,34669,9330,32018,2651,34,4734
19695,20644,5400,19688,956,7,3758
70048,99517,33327,65726,33791,4322,-4211
69564,97236,32160,65832,31404,3732,-3636
66395,88028,27948,64264,23764,2131,-1444
64600,83351,25927,62994,20357,1606,-281
67789,128794,56335,32248,96546,35541,-6459
38966,42971,11761,38898,4073,68,4893
66600,130830,60887,18112,112718,48488,-3899
71834,112630,40792,62092,50538,9742,-7228
69852,97619,32280,66118,31501,3734,-3849
51603,60742,17550,51284,9458,319,3561
20393,21350,5578,20388,962,5,3833
71763,112417,40668,62162,50255,9601,-7199
70219,123108,49192,49448,73660,20771,-8216
68950,126864,53258,40696,86168,28254,-7639
71632,109765,39060,63290,46475,8342,-6566
35929,39494,10776,35884,3610,45,4794
71735,113714,41539,61272,52442,10463,-7495
71526,117718,44395,57856,59862,13670,-8100
66680,130743,60544,19310,111433,47370,-4154
53893,63924,18601,53444,10480,449,3059
62054,77893,23689,61030,16863,1024,748
71196,104666,36028,65220,39446,5976,-5493
71565,107998,37944,64220,43778,7345,-6209
68791,127120,53749,39244,87876,29547,-7417
70890,120555,46744,54134,66421,16756,-8286
37148,40828,11138,37104,3724,44,4842
66326,131189,62213,13526,117663,52800,-2935
70250,123014,49089,49672,73342,20578,-8214
70792,101743,34387,65938,35805,4854,-4872
71329,104402,35809,65568,38834,5761,-5481
69398,125780,51836,44216,81564,25182,-8050
71091,104368,35864,65280,39088,5811,-5483
22560,23762,6242,22556,1206,4,4127
48514,56002,15926,48300,7702,214,4048
66341,131248,62465,12636,118612,53705,-2739
66876,130533,59964,21210,109323,45666,-4530
70186,99397,33227,65886,33511,4300,-4112
66434,88096,27972,64304,23792,2130,-1401
67040,89507,28585,64674,24833,2366,-1802
67150,129996,58781,24868,105128,42282,-5193
70501,102041,34690,65322,36719,5179,-4716
61270,76595,23228,60278,16317,992,1032
67402,90608,29103,64804,25804,2598,-2003
13670,14040,3603,13668,372,2,2875
66556,130930,61103,17448,113482,49108,-3784
66050,131578,65355,1736,129842,64314,-174
69606,97012,31977,66116,30896,3490,-3665
31497,34139,9202,31470,2669,27,4726
56115,67668,19954,55520,12148,595,2598
69774,97177,32050,66154,31023,3620,-3648
62435,79036,24212,61224,17812,1211,515
68071,92180,29757,65332,26848,2739,-2379
66076,131547,64626,4590,126957,61486,-872
69931,124314,50275,47528,76786,22403,-8230
71346,106235,36898,64878,41357,6468,-5833
71686,111279,39971,62674,48605,9012,-6901
61026,76320,23153,60028,16292,998,1082
49725,57753,16515,49446,8307,279,3869
71306,118390,44969,56904,61486,14402,-8159
35189,38436,10430,35152,3284,37,4821
71448,117271,44090,58182,59089,13266,-7961
71018,103648,35465,65436,38212,5582,-5212
69973,98898,32977,65888,33010,4085,-4083
70149,124104,50063,47956,76148,22193,-8235
50727,59297,17052,50386,8911,341,3696
71367,117537,44281,57950,59587,13417,-8001
59368,73297,22015,58534,14763,834,1646
71001,103650,35448,65508,38142,5493,-5251
71777,110187,39233,63442,46745,8335,-6758
70158,100414,33838,65476,34938,4682,-4414
63643,81480,25179,62244,19236,1399,41
71734,111377,40042,62586,48791,9148,-6919
68199,128128,55170,35576,92552,32623,-6970
68724,93843,30485,65746,28097,2978,-2764
47207,54390,15444,47004,7386,203,4162
49683,57568,16428,49424,8144,259,3875
70715,121119,47310,52998,68121,17717,-8224
70976,103668,35506,65312,38356,5664,-5250
51574,60542,17458,51252,9290,322,3620
40707,45402,12546,40620,4782,87,4659
38929,43023,11794,38870,4153,59,4876
71636,115122,42549,60048,55074,11588,-7635
68360,93338,30323,65384,27954,2976,-2664
65774,86129,27074,63962,22167,1812,-1055
69454,97034,32083,65736,31298,3718,-3513
69184,96370,31788,65588,30782,3596,-3452
71844,111674,40196,62564,49110,9280,-7044
60317,75085,22702,59362,15723,955,1335
70714,121431,47569,52586,68845,18128,-8265
71326,105949,36733,64966,40983,6360,-5797
59368,73042,21881,58560,14482,808,1771
69420,125899,52114,43342,82557,26078,-7889
64498,83371,25961,62898,20473,1600,-366
68401,93087,30163,65522,27565,2879,-2631
65258,85053,26658,63474,21579,1784,-797
69325,126194,52436,42644,83550,26681,-7834
64272,82787,25695,62794,19993,1478,-277
25498,27138,7196,25492,1646,6,4347
69653,125113,51163,45574,79539,24079,-8078
71552,106243,36838,65134,41109,6418,-5938
67188,90137,28905,64654,25483,2534,-1963
69950,98964,33052,65720,33244,4230,-3997
71379,106337,36972,64786,41551,6593,-5808
67166,129986,58622,25484,104502,41682,-5339
6780,6870,1740,6780,90,0,1552
69578,125453,51483,44974,80479,24604,-8112
67369,90535,29049,64874,25661,2495,-1946
71837,114994,42389,60432,54562,11405,-7702
70679,101648,34409,65660,35988,5019,-4634
70892,120597,46819,53918,66679,16974,-8245
22316,23431,6137,22314,1117,2,4117
70820,103072,35197,65356,37716,5464,-5034
70949,104374,35958,64916,39458,6033,-5262
70858,121403,47421,53122,68281,17736,-8384
50163,58249,16644,49922,8327,241,3865
68565,94667,31026,65230,29437,3335,-3010
70352,100052,33581,65780,34272,4572,-4343
54228,64554,18830,53788,10766,440,2905
66073,131539,64576,4774,126765,61299,-914
71488,117828,44468,57784,60044,13704,-8097
49198,56817,16166,48970,7847,228,4036
