Points,Edges,Area,Perimeter,Contact_perimeter,TETRAPIXEL,Euler_General_4_Async
13507,16086,4694,13396,2690,111,2115
17913,26280,9045,16380,9900,1533,678
8259,8996,2436,8248,748,11,1699
18038,28962,10714,15068,13894,2970,-210
17370,24063,7906,16502,7561,868,1213
17356,31783,13291,10402,21381,6954,-1136
11145,12570,3508,11108,1462,37,2083
17081,23261,7548,16330,6931,751,1368
16711,22123,7021,16162,5961,549,1609
17429,31672,13178,10632,21040,6797,-1065
17442,24465,8115,16470,7995,972,1092
16863,22638,7257,16248,6390,615,1482
17594,25214,8504,16412,8802,1182,884
17946,29542,11140,14524,15018,3422,-456
17334,31725,13251,10446,21279,6888,-1140
15602,19554,5948,15316,4238,286,1996
12813,15094,4362,12740,2354,73,2081
9451,10344,2813,9436,908,15,1920
10037,11145,3068,10018,1127,19,1960
17355,31738,13245,10496,21242,6859,-1138
17644,25521,8694,16266,9255,1378,817
17163,23422,7608,16412,7010,751,1349
16818,32814,15162,4980,27834,11838,-834
17652,25351,8561,16458,8893,1194,862
16223,21197,6653,15782,5415,441,1679
15320,19229,5857,15030,4199,290,1948
16646,33001,16134,1466,31535,15180,-221
15422,19336,5885,15132,4204,290,1971
10063,11172,3074,10048,1124,15,1965
17135,32086,13788,9020,23066,8115,-1163
17246,23568,7664,16480,7088,766,1342
9448,10414,2849,9432,982,16,1883
17534,24876,8325,16452,8424,1082,983
17063,32371,14223,7850,24521,9213,-1085
16775,22404,7157,16180,6224,595,1528
11508,13093,3682,11458,1635,50,2097
15754,19852,6067,15436,4416,318,1969
17598,31181,12631,11838,19343,5760,-952
17334,31827,13353,10242,21585,7092,-1140
15699,19910,6110,15380,4530,319,1899
16602,21961,6964,16066,5895,536,1605
13968,16782,4941,13800,2982,168,2127
16920,32559,14588,6766,25793,10154,-1051
17894,27174,9580,16028,11146,1866,300
17826,30037,11578,13762,16275,4064,-633
14392,17444,5161,14244,3200,148,2109
17364,24085,7928,16458,7627,906,1207
16505,21365,6655,16110,5255,395,1795
17905,26903,9415,16146,10757,1759,417
18090,28779,10559,15322,13457,2768,-130
17865,30115,11598,13838,16277,4027,-652
17042,23305,7575,16310,6995,732,1312
17883,26424,9131,16324,10100,1559,590
15526,19827,6112,15206,4621,320,1811
17892,29804,11352,14200,15604,3692,-560
8885,9720,2642,8872,848,13,1807
13877,16678,4905,13736,2942,141,2104
15799,20003,6133,15474,4529,325,1929
17979,28899,10679,15082,13817,2897,-241
17978,28005,10100,15610,12395,2368,73
15325,19133,5795,15086,4047,239,1987
3967,4097,1057,3966,131,1,927
13254,15665,4546,13146,2519,108,2135
17845,26600,9253,16188,10412,1657,498
15696,19860,6080,15400,4460,296,1916
17291,23888,7836,16432,7456,859,1239
17461,24516,8149,16436,8080,1025,1094
17723,25071,8378,16630,8441,1093,1030
16981,32512,14438,7272,25240,9709,-1093
16674,32971,15826,2638,30333,14036,-471
17795,26024,8914,16392,9632,1403,685
16238,21017,6554,15818,5199,420,1775
17893,28126,10210,15412,12714,2481,-23
2950,3013,769,2950,63,0,706
18072,29036,10731,15148,13888,2924,-233
17979,29743,11294,14310,15433,3669,-470
16654,33004,16045,1828,31176,14826,-305
17798,30691,12088,13030,17661,4768,-805
11905,13726,3898,11860,1866,45,2077
16023,20458,6304,15700,4758,323,1869
11184,12697,3561,11150,1547,34,2048
17135,32300,14000,8600,23700,8535,-1165
17574,31008,12502,12008,19000,5566,-932
17389,31731,13244,10486,21245,6903,-1098
16906,32641,14752,6274,26367,10632,-983
17735,30835,12229,12754,18081,4981,-871
16767,32827,15221,4770,28057,11997,-839
16722,32910,15477,3912,28998,12810,-711
16668,32957,15836,2570,30387,14098,-453
17859,25760,8745,16540,9220,1319,844
15420,19224,5824,15152,4072,268,2020
18139,28201,10163,15750,12451,2389,101
9628,10604,2899,9612,992,16,1923
18009,29095,10797,15002,14093,3007,-289
2508,2552,649,2508,44,0,605
18100,27691,9834,16046,11645,2054,243
13337,15811,4600,13222,2589,115,2126
17805,26603,9292,16038,10565,1767,494
16914,22617,7226,16330,6287,584,1523
17947,26619,9226,16334,10285,1613,554
17641,30539,12055,12858,17681,4783,-843
17729,30563,12040,12966,17597,4763,-794
17978,26257,9000,16514,9743,1464,721
17823,30243,11703,13674,16569,4149,-717
18043,26567,9169,16458,10109,1585,645
16833,32746,14993,5520,27226,11313,-920
17306,31787,13321,10290,21497,7016,-1160
17596,31156,12588,11960,19196,5636,-972
12415,14321,4073,12350,1971,65,2167
17954,27640,9846,15896,11744,2058,160
17585,31101,12543,12030,19071,5555,-973
11343,12815,3582,11302,1513,41,2110
16295,21254,6672,15820,5434,475,1713
17880,26338,9081,16352,9986,1528,623
17097,32223,14004,8430,23793,8667,-1122
16810,32806,15090,5252,27554,11558,-906
17302,23461,7588,16570,6891,732,1429
17063,32403,14230,7886,24517,9177,-1110
14418,17415,5142,14262,3153,156,2145
17120,32275,13986,8606,23669,8514,-1169
12628,14684,4206,12544,2140,84,2150
17536,24723,8243,16474,8249,1062,1056
16824,32693,14928,5674,27019,11150,-941
17557,31207,12640,11854,19353,5703,-1010
17134,23298,7553,16384,6914,750,1389
17417,24553,8174,16410,8143,1007,1038
17395,31759,13278,10406,21353,6989,-1086
16736,22273,7090,16186,6087,550,1553
16718,32938,15596,3492,29446,13226,-624
7500,8003,2128,7494,509,6,1625
18016,27111,9516,16158,10953,1858,421
17386,31564,13080,10808,20756,6578,-1098
17139,23177,7470,16474,6703,665,1432
18087,28232,10195,15684,12548,2403,50
17685,31110,12504,12204,18906,5481,-921
17214,23773,7795,16366,7407,848,1236
16453,21323,6658,16014,5309,439,1788
17533,24082,7867,16696,7386,837,1318
12133,13940,3953,12068,1872,65,2146
17906,29686,11310,14132,15554,3774,-470
14405,17446,5162,14244,3202,161,2121
16779,22382,7139,16208,6174,571,1536
14266,17184,5063,14116,3068,150,2145
17672,31161,12515,12262,18899,5410,-974
17950,27619,9863,15786,11833,2164,194
15052,18654,5616,14844,3810,208,2014
15860,20253,6255,15486,4767,374,1862
14845,18285,5474,14674,3611,171,2034
15479,19528,5967,15188,4340,291,1918
16395,21361,6688,15970,5391,425,1722
17628,25112,8422,16536,8576,1092,938
17491,31310,12749,11624,19686,5867,-1070
8750,9570,2601,8736,834,14,1781
17909,26709,9290,16258,10451,1651,490
17656,30901,12312,12554,18347,5102,-933
17820,30047,11566,13830,16217,3990,-661
18025,27172,9540,16184,10988,1841,393
17583,30813,12290,12466,18347,5117,-940
17981,27531,9765,16002,11529,1979,215
12596,14702,4219,12528,2174,68,2113
17910,26835,9377,16162,10673,1748,452
16652,33001,16059,1766,31235,14886,-290
18101,28495,10359,15554,12941,2547,-35
13863,16646,4887,13744,2902,119,2104
17652,31106,12510,12172,18934,5480,-944
17863,26380,9125,16260,10120,1603,608
16912,32599,14649,6602,25997,10310,-1038
11626,13345,3776,11586,1759,40,2057
13371,15882,4632,13236,2646,135,2121
16847,22758,7338,16164,6594,683,1427
17741,25343,8531,16562,8781,1179,929
17271,23854,7810,16468,7386,803,1227
16122,20751,6446,15718,5033,404,1817
10538,11776,3260,10512,1264,26,2022
7676,8233,2198,7674,559,2,1641
16782,32821,15165,4982,27839,11800,-874
15441,19348,5882,15168,4180,273,1975
11387,12997,3662,11346,1651,41,2052
17860,25884,8814,16512,9372,1348,790
6915,7341,1943,6910,431,5,1517
13203,15559,4504,13102,2457,101,2148
10391,11641,3229,10366,1275,25,1979
10782,12115,3369,10754,1361,28,2036
16852,32700,14900,5800,26900,11052,-948
4145,4270,1099,4144,126,1,974
17984,28857,10667,15046,13811,2938,-206
17241,23712,7756,16400,7312,841,1285
17973,27753,9925,15806,11947,2167,145
16801,32787,15111,5130,27657,11671,-875
17829,30498,11905,13376,17122,4453,-764
17916,29707,11247,14426,15281,3490,-544
17977,29389,11009,14742,14647,3235,-403
15400,19283,5858,15134,4149,266,1975
17568,24554,8128,16596,7958,972,1142
6321,6715,1778,6318,397,3,1384
16306,21053,6557,15878,5175,428,1810
9996,11149,3082,9970,1179,26,1929
17365,31752,13323,10212,21540,7153,-1064
17922,29784,11324,14272,15512,3650,-538
7836,8470,2277,7832,638,4,1643
17532,24714,8207,16600,8114,932,1025
17908,26816,9365,16172,10644,1736,457
17527,25029,8418,16386,8643,1141,916
11344,12857,3600,11314,1543,30,2087
17984,28945,10716,15026,13919,2958,-245
8947,9725,2627,8942,783,5,1849
9238,10160,2773,9228,932,10,1851
18040,27428,9693,16084,11344,1956,305
16662,32968,15860,2496,30472,14166,-446
1800,1822,461,1800,22,0,439
16968,32557,14500,7114,25443,9854,-1089
17904,27108,9556,15992,11116,1912,352
15877,20095,6150,15590,4505,287,1932
16625,21687,6805,16154,5533,471,1743
16735,32843,15318,4414,28429,12321,-790
5744,6045,1587,5742,303,2,1286
13927,16801,4953,13790,3011,137,2079
17401,31770,13270,10460,21310,6941,-1099
17743,25815,8814,16374,9441,1369,742
16336,21312,6682,15896,5416,440,1706
7513,8084,2165,7508,576,5,1594
17509,24609,8179,16502,8107,1007,1079
17164,23265,7510,16490,6775,674,1409
17985,27553,9783,15974,11579,2011,215
17768,25900,8861,16356,9544,1412,729
17869,29996,11511,13948,16048,3921,-616
16988,32440,14362,7432,25008,9556,-1090
17549,25003,8389,16450,8553,1099,935
17657,25316,8542,16464,8852,1193,883
16739,21904,6886,16264,5640,475,1721
16920,22783,7330,16246,6537,674,1467
18055,28669,10493,15366,13303,2689,-121
17961,27786,9965,15712,12074,2249,140
13355,15863,4619,13250,2613,105,2111
16995,32533,14462,7218,25315,9777,-1076
15443,19211,5806,15198,4013,245,2038
16652,33005,16080,1690,31315,14962,-273
14293,17411,5172,14134,3277,159,2054
17894,28750,10640,14940,13810,2954,-216
17978,26940,9421,16196,10744,1782,459
16727,32904,15513,3756,29148,12971,-664
16354,21301,6676,15898,5403,456,1729
17597,31064,12528,12016,19048,5581,-939
17976,29269,10946,14754,14515,3222,-347
17877,30106,11576,13908,16198,3969,-653
16643,22167,7063,16082,6085,561,1539
17863,26254,9029,16392,9862,1471,638
17605,31270,12694,11764,19506,5841,-971
9834,10925,3009,9814,1111,20,1918
17872,29957,11454,14098,15859,3774,-631
11318,12916,3638,11280,1636,38,2040
12486,14470,4131,12416,2054,70,2147
17260,24076,7953,16340,7736,920,1137
15607,19581,5958,15330,4251,277,1984
16733,32898,15470,3916,28982,12817,-695
17215,23833,7833,16334,7499,881,1215
17170,32159,13836,8974,23185,8196,-1153
17960,29516,11131,14508,15008,3452,-425
14418,17675,5282,14222,3453,196,2025
17117,32289,14038,8426,23863,8691,-1134
17988,27679,9858,15926,11753,2062,167
17683,25341,8546,16498,8843,1185,888
16732,32906,15466,3948,28958,12784,-708
17076,23274,7555,16328,6946,748,1357
18044,27694,9835,16048,11646,1996,185
18078,27863,9973,15834,12029,2244,188
17483,31424,12901,11244,20180,6239,-1040
17694,30971,12365,12482,18489,5212,-912
18087,27351,9623,16210,11141,1877,359
17759,25668,8706,16512,9156,1247,797
16674,32958,15803,2704,30254,13970,-481
17790,26100,8981,16276,9824,1514,671
15614,19755,6041,15346,4409,268,1900
17996,27530,9773,15968,11562,2028,239
15935,20307,6256,15590,4717,345,1884
17448,24042,7878,16572,7470,876,1284
17353,24027,7911,16410,7617,943,1237
18029,27153,9524,16210,10943,1819,400
16646,33009,16127,1510,31499,15136,-236
17945,27924,10074,15552,12372,2393,95
10048,11145,3066,10026,1119,22,1969
17730,30756,12178,12800,17956,4930,-848
16724,32908,15492,3848,29060,12876,-692
17815,30119,11626,13734,16385,4081,-678
16797,22334,7106,16244,6090,553,1569
12300,14263,4070,12246,2017,54,2107
17212,32068,13717,9268,22800,7944,-1139
18060,28149,10170,15618,12531,2442,81
17967,28046,10131,15568,12478,2399,52
4415,4605,1199,4414,191,1,1009
17950,27243,9620,16006,11237,1944,327
16769,22391,7142,16214,6177,555,1520
16878,22877,7392,16186,6691,692,1393
17688,25367,8566,16470,8897,1218,887
17043,23244,7545,16308,6936,735,1344
17365,31857,13407,10086,21771,7279,-1085
17682,25094,8396,16604,8490,1078,984
10832,12212,3405,10804,1408,28,2025
17831,30184,11677,13660,16524,4171,-676
16448,21376,6687,16004,5372,444,1759
17438,31574,13078,10836,20738,6602,-1058
13756,16340,4760,13640,2700,116,2176
17952,29199,10913,14746,14453,3206,-334
17780,29635,11281,14146,15489,3634,-574
15081,18666,5622,14844,3822,237,2037
13586,16140,4703,13468,2672,118,2149
17458,24245,7988,16538,7707,920,1201
16919,22668,7270,16256,6412,663,1521
16923,32524,14528,6936,25588,9987,-1073
14215,17258,5118,14044,3214,171,2075
13884,16623,4867,13778,2845,106,2128
17367,31773,13310,10306,21467,7061,-1096
3966,4107,1062,3966,141,0,921
4962,5183,1351,4962,221,0,1130
17529,24626,8180,16532,8094,997,1083
17589,31229,12629,11942,19287,5647,-1011
17561,24857,8295,16534,8323,1027,999
14803,18056,5368,14640,3416,163,2115
17667,24930,8310,16620,8310,1047,1047
17997,28112,10168,15552,12560,2445,53
15433,19195,5800,15190,4005,243,2038
17780,30337,11815,13414,16923,4366,-742
17462,24426,8091,16488,7938,974,1127
14512,17539,5179,14362,3177,150,2152
17927,28775,10630,15030,13745,2897,-218
16926,22761,7310,16282,6479,644,1475
17173,32077,13771,9070,23007,8103,-1133
3102,3165,807,3102,63,0,744
17793,26005,8900,16410,9595,1383,688
17886,29307,11008,14582,14725,3304,-413
11045,12510,3502,11012,1498,33,2037
17039,23242,7550,16284,6958,755,1347
6696,7195,1925,6690,505,6,1426
17114,23489,7665,16318,7171,796,1290
17357,24409,8125,16318,8091,1039,1073
17593,24744,8229,16572,8172,1021,1078
18135,28747,10499,15498,13249,2637,-113
17006,32484,14411,7324,25160,9682,-1067
16577,21594,6764,16132,5462,445,1747
15917,20448,6330,15576,4872,341,1799
15785,19997,6129,15478,4519,307,1917
16417,21388,6704,15960,5428,457,1733
18032,27881,9983,15830,12051,2202,134
17993,29163,10874,14830,14333,3163,-296
17000,32486,14395,7392,25094,9608,-1091
17995,26889,9382,16250,10639,1745,488
12295,14218,4053,12224,1994,71,2130
17519,31491,12909,11346,20145,6173,-1063
10619,11891,3298,10590,1301,29,2026
17133,32347,14099,8298,24049,8835,-1115
17383,24428,8119,16380,8048,1003,1074
16691,32938,15668,3204,29734,13487,-579
11417,12940,3625,11380,1560,37,2102
17897,28853,10695,14926,13927,2971,-261
16641,33022,16335,704,32318,15937,-46
17956,27036,9488,16120,10916,1836,408
1402,1421,360,1402,19,0,341
16996,22930,7398,16268,6662,728,1464
16814,32729,15031,5334,27395,11480,-884
17136,32125,13830,8930,23195,8206,-1159
17954,29877,11402,14146,15731,3808,-521
17881,29765,11344,14154,15611,3727,-540
17329,31882,13416,10100,21782,7229,-1137
17968,28300,10309,15364,12936,2604,-23
13958,16726,4908,13820,2906,138,2140
16657,32995,15979,2074,30921,14583,-359
17941,30164,11612,13880,16284,4061,-611
18003,27829,9958,15826,12003,2177,132
17743,30300,11771,13516,16784,4227,-786
17969,27391,9699,15986,11405,1983,277
18153,27979,10002,15950,12029,2203,176
17926,26938,9443,16104,10834,1822,431
17778,25603,8673,16514,9089,1264,848
10968,12430,3481,10936,1494,32,2019
510,511,128,510,1,0,127
17216,23505,7633,16478,7027,738,1344
6974,7443,1980,6966,477,8,1511
17883,29040,10846,14696,14344,3187,-311
17444,31696,13182,10664,21032,6780,-1070
17968,29069,10800,14938,14131,3030,-301
17651,31036,12475,12172,18864,5479,-910
17972,26826,9352,16244,10582,1728,498
17894,30177,11640,13794,16383,4100,-643
17463,31712,13149,10828,20884,6635,-1100
17887,27245,9638,15938,11307,1949,280
15118,18723,5640,14886,3837,232,2035
14070,16943,4991,13922,3021,148,2118
17918,30046,11497,14104,15942,3814,-631
16731,22272,7095,16164,6108,567,1554
14627,17881,5327,14454,3427,173,2073
17685,30884,12300,12568,18316,5117,-899
11448,13002,3647,11416,1586,32,2093
17260,31927,13552,9646,22281,7614,-1115
18027,28542,10419,15408,13134,2619,-96
16232,21037,6573,15782,5255,450,1768
10119,11289,3120,10098,1191,21,1950
17984,27583,9822,15878,11705,2106,223
15852,20165,6204,15514,4651,338,1891
6350,6736,1781,6348,388,2,1395
2224,2254,571,2224,30,0,541
17621,30974,12423,12256,18718,5365,-930
12217,14085,4005,12150,1935,67,2137
16718,22017,6958,16202,5815,516,1659
16925,22751,7307,16274,6477,651,1481
17819,26006,8880,16492,9514,1327,693
16496,21588,6786,16032,5556,464,1694
15115,18785,5670,14890,3895,225,2000
18087,28603,10444,15430,13173,2657,-72
17947,27949,10077,15590,12359,2357,75
17571,24695,8207,16562,8133,1009,1083
17136,23401,7604,16386,7015,750,1339
18039,28504,10381,15484,13020,2555,-84
13166,15604,4538,13056,2548,110,2100
17639,31250,12609,12064,19186,5575,-1002
17434,24197,7959,16558,7639,876,1196
17998,29276,10946,14768,14508,3230,-332
17748,26132,8993,16292,9840,1456,609
16703,22005,6971,16126,5879,577,1669
16458,21415,6697,16042,5373,416,1740
17973,26541,9158,16450,10091,1523,590
14319,17290,5102,14172,3118,147,2131
15859,20154,6195,15528,4626,331,1900
17049,22899,7355,16378,6521,671,1505
17102,23220,7516,16376,6844,726,1398
17682,30931,12323,12570,18361,5112,-926
11084,12580,3530,11040,1540,44,2034
15751,19949,6110,15458,4491,293,1912
17195,23496,7636,16448,7048,747,1335
17691,25403,8584,16470,8933,1221,872
17317,23932,7840,16504,7428,813,1225
17759,30406,11867,13344,17062,4415,-780
17164,32178,13884,8820,23358,8344,-1130
14772,18155,5433,14578,3577,194,2050
13927,16775,4939,13794,2981,133,2091
14045,16934,4990,13908,3026,137,2101
17944,28736,10594,15096,13640,2848,-198
17829,26718,9341,16072,10646,1757,452
16887,22770,7326,16236,6534,651,1443
11947,13782,3921,11880,1902,67,2086
11836,13618,3863,11784,1834,52,2081
8232,8889,2389,8222,667,10,1732
17379,31627,13150,10654,20973,6725,-1098
17311,31871,13425,10042,21829,7269,-1135
17073,32448,14248,7904,24544,9169,-1127
17926,26153,8945,16526,9627,1400,718
17744,30380,11847,13372,17008,4372,-789
3038,3115,798,3038,77,0,721
13864,16698,4918,13724,2974,140,2084
12964,15121,4336,12898,2223,66,2179
17826,26771,9365,16082,10689,1744,420
17913,26207,9000,16414,9793,1499,706
2568,2630,673,2568,62,0,611
17947,29950,11405,14280,15670,3667,-598
17941,28208,10234,15480,12728,2461,-33
17431,24532,8164,16408,8124,1023,1063
17406,24060,7877,16612,7448,794,1223
18074,27775,9920,15870,11905,2204,219
16226,20940,6513,15828,5112,398,1799
11204,12690,3553,11168,1522,36,2067
17912,28583,10500,15166,13417,2746,-171
12630,14656,4191,12548,2108,82,2165
17959,27649,9856,15874,11775,2085,166
16808,32753,15040,5346,27407,11462,-905
18035,27948,10048,15704,12244,2331,135
17476,24168,7925,16636,7532,840,1233
16687,22218,7081,16112,6106,575,1550
18076,27646,9811,16048,11598,2028,241
18011,28569,10446,15354,13215,2657,-112
17886,26968,9450,16136,10832,1750,368
16678,32948,15726,2992,29956,13686,-544
17934,29571,11166,14478,15093,3456,-471
17666,25874,8869,16272,9602,1394,661
17849,30018,11546,13852,16166,3997,-623
14680,17925,5344,14474,3451,206,2099
17627,25251,8526,16398,8853,1229,902
9538,10511,2875,9522,989,16,1902
14004,16814,4941,13864,2950,140,2131
16866,22728,7311,16212,6516,654,1449
17479,31516,12949,11236,20280,6243,-1088
8183,8832,2372,8176,656,7,1723
17369,31778,13306,10332,21446,7037,-1103
15821,20194,6224,15492,4702,329,1851
13762,16474,4828,13636,2838,126,2116
17511,24523,8141,16482,8041,1029,1129
11212,12735,3576,11166,1569,46,2053
17564,24539,8119,16602,7937,962,1144
1090,1097,276,1090,7,0,269
17620,25159,8474,16422,8737,1198,935
17798,26357,9141,16150,10207,1648,582
17486,24825,8334,16314,8511,1172,995
16796,32778,15127,5048,27730,11748,-855
18120,28243,10200,15686,12557,2434,77
17622,24836,8280,16552,8284,1070,1066
17043,32477,14327,7646,24831,9397,-1107
17883,27409,9751,15814,11595,2069,225
17829,30371,11807,13514,16857,4315,-735
17321,31699,13230,10478,21221,6843,-1148
17954,27028,9480,16136,10892,1818,406
13238,15641,4536,13138,2503,100,2133
16423,21499,6768,15926,5573,497,1692
16941,22904,7392,16240,6664,701,1429
8877,9746,2657,8864,882,13,1788
17567,31068,12494,12160,18908,5407,-1007
10991,12420,3470,10960,1460,31,2041
16643,21909,6922,16130,5779,513,1656
17921,29107,10849,14818,14289,3103,-337
17912,28989,10770,14898,14091,3014,-307
16819,32744,15017,5420,27324,11399,-908
17048,32447,14262,7846,24601,9202,-1137
17765,30535,11967,13202,17333,4563,-803
17421,31464,13001,10924,20540,6497,-1042
17264,31928,13535,9716,22212,7548,-1129
6696,7109,1881,6694,415,2,1468
8126,8740,2341,8116,624,10,1727
17028,32528,14372,7568,24960,9460,-1128
17985,28625,10486,15306,13319,2679,-154
12742,14974,4327,12640,2334,102,2095
12016,13705,3862,11962,1743,54,2173
14825,18188,5437,14628,3560,197,2074
17900,29164,10923,14636,14528,3264,-341
15228,18900,5707,14972,3928,256,2035
17858,26452,9160,16264,10188,1594,566
2132,2176,555,2132,44,0,511
17967,27307,9639,16058,11249,1909,299
17875,26708,9304,16200,10508,1675,471
9638,10616,2902,9624,992,14,1924
16763,22076,6969,16276,5800,487,1656
14300,17411,5171,14138,3273,162,2060
16836,32698,14930,5676,27022,11160,-932
17556,24305,7988,16658,7647,898,1239
17882,26742,9317,16216,10526,1666,457
17879,27382,9719,15888,11494,1991,216
17932,28360,10354,15304,13056,2628,-74
16597,21865,6915,16070,5795,527,1647
15945,20442,6321,15600,4842,345,1824
14698,17954,5346,14524,3430,174,2090
17943,29476,11094,14576,14900,3367,-439
3606,3727,962,3606,121,0,841
17313,23600,7663,16548,7052,765,1376
17648,25203,8486,16462,8741,1186,931
17805,25523,8621,16562,8961,1243,903
13269,15593,4502,13178,2415,91,2178
17998,28877,10684,15018,13859,2980,-195
15186,18944,5733,14956,3988,230,1975
17581,30977,12420,12274,18703,5307,-976
16934,22620,7231,16316,6304,618,1545
16908,22883,7389,16210,6673,698,1414
17783,25400,8543,16628,8772,1155,926
17729,30713,12121,12942,17771,4787,-863
17697,30773,12250,12546,18227,5151,-826
18067,28435,10318,15598,12837,2469,-50
13880,16646,4880,13772,2874,108,2114
16390,21825,6944,15874,5951,516,1509
16688,32945,15713,3038,29907,13650,-544
18013,28792,10585,15244,13548,2769,-194
15926,20312,6252,15616,4696,310,1866
18018,27731,9925,15762,11969,2256,212
12175,13875,3905,12130,1745,45,2205
17954,29158,10866,14852,14306,3102,-338
17147,23377,7581,16430,6947,717,1351
17701,25622,8708,16412,9210,1289,787
9088,10025,2744,9074,951,14,1807
17184,23667,7741,16370,7297,814,1258
17812,26509,9231,16094,10415,1718,534
16709,32913,15546,3642,29271,13067,-658
17882,29587,11213,14322,15265,3560,-492
16998,23089,7472,16290,6799,708,1381
17019,22909,7365,16358,6551,661,1475
17862,29596,11222,14304,15292,3558,-512
16026,20562,6369,15648,4914,378,1833
17657,25174,8457,16520,8654,1137,940
9860,10908,2994,9840,1068,20,1946
17879,25909,8827,16510,9399,1369,797
16543,21742,6859,16048,5694,495,1660
16761,22775,7379,16034,6741,727,1365
17158,23266,7508,16500,6766,658,1400
5680,5975,1568,5678,297,2,1273
17703,25634,8706,16444,9190,1259,775
16237,21117,6609,15798,5319,439,1729
17928,29523,11141,14482,15041,3446,-454
13267,15839,4631,13154,2685,113,2059
15785,20024,6149,15452,4572,333,1910
17972,27213,9596,16042,11171,1930,355
16702,32921,15555,3622,29299,13080,-664
10557,11852,3292,10536,1316,21,1997
9495,10471,2865,9482,989,13,1889
17927,26178,8972,16468,9710,1459,721
17725,30932,12326,12560,18372,5165,-881
16874,32678,14808,6124,26554,10750,-996
15129,18662,5599,14928,3734,201,2066
17216,23378,7565,16496,6882,720,1403
16865,32688,14876,5872,26816,10993,-947
17954,29092,10820,14904,14188,3050,-318
17929,29588,11207,14348,15240,3581,-452
15626,19707,6018,15342,4365,284,1937
13293,15763,4585,13186,2577,107,2115
15106,18526,5538,14900,3626,206,2118
17932,29908,11427,14108,15800,3824,-549
12694,14800,4243,12628,2172,66,2137
13534,16130,4709,13424,2706,110,2113
18061,26723,9235,16506,10217,1555,573
16951,22770,7307,16312,6458,639,1488
14014,16869,4961,13894,2975,120,2106
18006,28822,10630,15124,13698,2882,-186
17794,25691,8723,16490,9201,1304,826
17125,32260,13990,8560,23700,8565,-1145
12550,14626,4192,12484,2142,66,2116
18031,27189,9565,16118,11071,1913,407
17666,25154,8459,16472,8682,1194,971
14651,17958,5367,14448,3510,203,2060
17418,31498,12997,11008,20490,6410,-1083
13175,15559,4509,13082,2477,93,2125
1526,1549,393,1526,23,0,370
17727,25406,8584,16476,8930,1251,905
17434,24401,8092,16434,7967,1000,1125
16757,32867,15318,4462,28405,12295,-792
15988,20509,6348,15626,4883,362,1827
14176,17126,5054,14036,3090,140,2104
16726,32875,15377,4242,28633,12484,-772
10305,11493,3175,10286,1207,19,1987
17668,25473,8625,16446,9027,1222,820
17708,25217,8468,16562,8655,1146,959
17476,31466,12914,11276,20190,6200,-1076
17788,30289,11790,13418,16871,4370,-711
17994,28443,10345,15506,12937,2488,-104
13420,16010,4675,13320,2690,100,2085
12696,14817,4254,12618,2199,78,2133
17786,30320,11809,13404,16916,4382,-725
17630,31017,12434,12298,18719,5332,-953
17821,26706,9349,16016,10690,1805,464
16725,32878,15457,3928,28950,12797,-696
15682,19920,6116,15376,4544,306,1878
17986,26794,9327,16280,10514,1706,519
16239,20957,6520,15834,5123,405,1802
16678,32966,15780,2812,30154,13866,-508
3300,3376,863,3300,76,0,787
14310,17322,5123,14152,3170,158,2111
17974,28494,10430,15268,13226,2706,-90
11687,13368,3775,11636,1732,51,2094
16873,32679,14844,5982,26697,10891,-962
17532,31333,12743,11694,19639,5838,-1058
17881,29986,11502,13964,16022,3917,-603
16721,32866,15444,3956,28910,12765,-701
14333,17304,5106,14184,3120,149,2135
16912,23006,7450,16212,6794,700,1356
17950,28875,10698,14958,13917,2992,-227
14150,17163,5081,14002,3161,148,2068
17110,23284,7557,16340,6944,770,1383
17696,25182,8460,16524,8658,1172,974
16778,32796,15177,4884,27912,11894,-841
17998,26022,8834,16708,9314,1290,810
16962,32544,14475,7188,25356,9774,-1107
16687,32963,15719,3050,29913,13637,-557
16641,33024,16369,572,32452,16069,-14
17081,23027,7414,16398,6629,683,1468
16860,32655,14754,6294,26361,10566,-1041
17989,28536,10434,15336,13200,2653,-113
10269,11405,3138,10258,1147,11,2002
11191,12647,3534,11158,1489,33,2078
16901,22191,6998,16390,5801,511,1708
16710,22177,7055,16134,6043,576,1588
17961,26181,8956,16538,9643,1423,736
17998,28026,10077,15744,12282,2254,49
13003,15256,4398,12920,2336,83,2145
11898,13666,3870,11852,1814,46,2102
16036,20634,6406,15644,4990,392,1808
746,749,188,746,3,0,185
16177,21038,6586,15732,5306,445,1725
17928,30014,11508,13996,16018,3932,-578
16335,21259,6647,15930,5329,405,1723
17283,24038,7910,16436,7602,847,1155
13687,16358,4789,13560,2798,127,2118
3706,3821,984,3706,115,0,869
17160,23345,7562,16442,6903,718,1377
17973,26514,9147,16440,10074,1533,606
17999,27360,9668,16048,11312,1951,307
17743,26054,8955,16288,9766,1455,644
17579,31217,12635,11894,19323,5685,-1003
17431,24246,7987,16544,7702,887,1172
16310,21223,6637,15898,5325,412,1724
18020,29186,10864,14916,14270,3104,-302
3628,3740,963,3628,112,0,851
17513,24890,8341,16416,8474,1097,964
17439,31542,13029,10968,20574,6471,-1074
586,595,151,586,9,0,142
14964,18521,5573,14750,3771,214,2016
17754,25535,8638,16518,9017,1236,857
16862,22527,7197,16266,6261,596,1532
9563,10558,2891,9552,1006,11,1896
17676,25341,8548,16490,8851,1186,883
11577,13197,3715,11534,1663,43,2095
17379,31668,13190,10576,21092,6803,-1099
17877,26653,9266,16242,10411,1635,490
17667,31273,12619,12070,19203,5597,-987
16779,22167,7024,16238,5929,541,1636
16920,32673,14720,6466,26207,10454,-1033
5535,5807,1520,5534,273,1,1248
18031,29184,10866,14904,14280,3127,-287
12420,14492,4156,12360,2132,60,2084
17861,30084,11569,13892,16192,3969,-654
17976,26355,9038,16558,9797,1418,659
12157,14122,4039,12088,2034,69,2074
12056,13865,3934,11994,1871,62,2125
17471,24444,8085,16548,7896,923,1112
2138,2177,554,2138,39,0,515
17069,23291,7561,16338,6953,731,1339
17359,23755,7744,16534,7221,825,1348
17869,30067,11578,13822,16245,4047,-620
15424,19504,5965,15148,4356,276,1885
18112,28776,10530,15432,13344,2680,-134
17971,26945,9418,16218,10727,1753,444
12541,14604,4184,12472,2132,69,2121
12621,14706,4217,12544,2162,77,2132
3180,3264,837,3180,84,0,753
10357,11619,3226,10334,1285,23,1964
16796,32767,15096,5150,27617,11646,-875
2240,2278,579,2240,38,0,541
2738,2799,715,2738,61,0,654
14867,18126,5389,14696,3430,171,2130
17989,27021,9455,16222,10799,1767,423
18096,28133,10132,15738,12395,2358,95
9938,11032,3035,9924,1108,14,1941
17724,25229,8445,16678,8551,1046,940
9485,10428,2847,9468,960,17,1904
13471,16028,4671,13372,2656,99,2114
17566,25045,8415,16430,8615,1136,936
15608,19711,6026,15318,4393,290,1923
12370,14354,4102,12300,2054,70,2118
16428,21579,6812,15910,5669,518,1661
17659,25445,8610,16450,8995,1209,824
17441,31654,13103,10896,20758,6545,-1110
16403,21402,6712,15956,5446,447,1713
4660,4864,1267,4660,204,0,1063
12937,15258,4417,12848,2410,89,2096
18021,28381,10297,15574,12807,2447,-63
17934,29967,11467,14066,15901,3868,-566
17573,31130,12559,12024,19106,5549,-998
17853,26355,9107,16282,10073,1571,605
17837,30479,11892,13390,17089,4447,-750
17226,23795,7794,16414,7381,812,1225
18037,28566,10448,15340,13226,2697,-81
1056,1062,267,1056,6,0,261
17060,23197,7511,16350,6847,710,1374
18010,27852,9962,15856,11996,2154,120
6087,6461,1710,6082,379,5,1336
7043,7521,2000,7042,479,1,1522
17801,25473,8588,16594,8879,1207,916
15750,19954,6115,15448,4506,302,1911
17738,25835,8839,16314,9521,1424,742
16214,20991,6543,15810,5181,404,1766
14979,18674,5661,14704,3970,275,1966
2582,2629,669,2582,47,0,622
9215,10145,2771,9206,939,9,1841
16641,33023,16359,610,32413,16031,-23
13252,15678,4554,13140,2538,112,2128
17445,31519,13014,10982,20537,6463,-1060
16923,22770,7315,16280,6490,643,1468
17442,31537,12990,11114,20423,6328,-1105
14173,17103,5045,14026,3077,147,2115
16431,21513,6773,15934,5579,497,1691
17018,32563,14441,7362,25201,9656,-1104
16828,22318,7086,16292,6026,536,1596
17518,24807,8296,16430,8377,1088,1007
1260,1274,322,1260,14,0,308
16740,32884,15373,4276,28608,12464,-771
11691,13406,3793,11640,1766,51,2078
17940,29758,11304,14300,15458,3640,-514
16902,32657,14730,6394,26263,10508,-1025
18026,28018,10065,15776,12242,2250,73
17600,24654,8166,16644,8010,956,1112
16292,20917,6486,15890,5027,402,1861
17265,23617,7689,16478,7139,787,1337
12748,14903,4281,12682,2221,66,2126
18058,29648,11167,14628,15020,3430,-423
18005,28247,10229,15578,12669,2427,-13
15016,18501,5549,14806,3695,210,2064
8845,9700,2642,8832,868,13,1787
17967,28655,10523,15218,13437,2749,-165
16780,32854,15207,4880,27974,11900,-867
8062,8725,2348,8058,667,4,1685
17980,29778,11326,14252,15526,3728,-472
17870,30194,11683,13656,16538,4214,-641
1154,1159,291,1154,5,0,286
3898,4031,1041,3898,133,0,908
18042,28338,10279,15560,12778,2482,-17
14588,17646,5214,14436,3210,152,2156
17741,30464,11928,13216,17248,4525,-795
11800,13396,3758,11760,1636,40,2162
11392,12917,3619,11358,1559,34,2094
4499,4667,1209,4498,169,1,1041
18087,27559,9732,16190,11369,1897,260
16617,21751,6838,16150,5601,467,1704
14540,17858,5342,14348,3510,192,2024
10819,12174,3387,10800,1374,19,2032
17670,25144,8441,16524,8620,1146,967
17106,32257,14050,8314,23943,8792,-1101
17595,24856,8294,16536,8320,1059,1033
17515,31215,12668,11758,19457,5757,-1032
15439,19299,5856,15174,4125,265,1996
16034,20628,6398,15664,4964,370,1804
18007,28497,10407,15366,13131,2641,-83
17973,29273,10914,14890,14383,3083,-386
17440,24302,8035,16464,7838,976,1173
3194,3281,842,3194,87,0,755
16611,21946,6942,16124,5822,487,1607
17038,23178,7514,16300,6878,738,1374
11684,13457,3819,11638,1819,46,2046
16893,32624,14694,6472,26152,10421,-1037
17935,27080,9525,16060,11020,1875,380
17704,30403,11898,13214,17189,4490,-801
17743,30451,11913,13250,17201,4493,-795
16923,22504,7160,16368,6136,555,1579
14348,17532,5221,14180,3352,168,2037
17322,24134,7971,16384,7750,938,1159
18021,29305,10944,14834,14471,3187,-340
13822,16456,4801,13708,2748,114,2167
17620,24933,8316,16602,8331,1018,1003
17523,24664,8209,16492,8172,1031,1068
18094,28873,10617,15278,13595,2816,-162
17194,32219,13884,8902,23317,8292,-1141
16343,21081,6551,15958,5123,385,1813
15798,19941,6096,15498,4443,300,1953
2912,2994,769,2912,82,0,687
16718,22262,7096,16140,6122,578,1552
16176,20893,6497,15798,5095,378,1780
16754,32884,15409,4132,28752,12622,-721
17386,24319,8051,16434,7885,952,1118
16320,21296,6679,15876,5420,444,1703
15888,20481,6371,15478,5003,410,1778
17862,27408,9763,15764,11644,2098,217
14539,17613,5210,14386,3227,153,2136
2434,2481,632,2434,47,0,585
16154,20868,6506,15712,5156,442,1792
17773,25857,8833,16382,9475,1391,749
17902,29938,11474,13980,15958,3922,-562
17836,25801,8754,16586,9215,1250,789
12956,15296,4431,12868,2428,88,2091
16963,22664,7239,16372,6292,591,1538
17954,29036,10779,14956,14080,2998,-303
18047,28959,10694,15142,13817,2905,-218
560,564,142,560,4,0,138
17562,25709,8822,16130,9579,1432,675
15852,19960,6087,15572,4388,280,1979
8366,9123,2472,8358,765,8,1715
16984,22964,7417,16260,6704,724,1437
17861,29890,11401,14176,15714,3685,-628
12657,14876,4293,12580,2296,77,2074
8437,9183,2483,8434,749,3,1737
17746,30734,12168,12796,17938,4950,-820
11806,13482,3798,11772,1710,34,2122
11130,12622,3537,11096,1526,34,2045
17215,32108,13715,9356,22752,7859,-1178
17454,24259,8006,16494,7765,960,1201
17845,29636,11253,14260,15376,3585,-538
11273,12790,3587,11232,1558,41,2070
17873,29809,11366,14154,15655,3719,-570
17707,30548,12037,12948,17600,4759,-804
17305,31832,13407,10036,21796,7269,-1120
15924,20578,6405,15536,5042,388,1751
13138,15488,4480,13056,2432,82,2130
17079,23284,7553,16356,6928,723,1348
17794,30291,11777,13474,16817,4320,-720
11676,13407,3796,11630,1777,46,2065
16290,21172,6620,15864,5308,426,1738
17939,27078,9529,16040,11038,1899,390
10999,12402,3459,10968,1434,31,2056
1386,1409,358,1386,23,0,335
546,547,137,546,1,0,136
17354,24081,7928,16450,7631,904,1201
14415,17404,5134,14272,3132,143,2145
17113,32364,14117,8260,24104,8853,-1134
17318,31887,13470,9894,21993,7424,-1099
17777,25781,8773,16470,9311,1307,769
9887,11012,3037,9876,1136,11,1912
18040,28223,10189,15690,12533,2350,6
17240,23334,7536,16524,6810,716,1442
7119,7666,2055,7112,554,7,1508
17718,25455,8602,16502,8953,1216,865
17488,24341,8045,16502,7839,986,1192
16576,21904,6944,16032,5872,544,1616
17984,27826,9970,15772,12054,2212,128
15802,20135,6200,15470,4665,332,1867
17961,27388,9690,16016,11372,1945,263
13130,15548,4515,13036,2512,94,2097
4604,4837,1268,4602,235,2,1035
17585,24384,8029,16652,7732,933,1230
17412,31759,13249,10522,21237,6890,-1098
16972,22969,7405,16318,6651,654,1408
17756,30226,11757,13424,16802,4332,-713
12500,14553,4166,12442,2111,58,2113
17503,31241,12699,11686,19555,5817,-1039
16953,32588,14624,6680,25908,10273,-1011
16751,22046,6970,16212,5834,539,1675
18024,29670,11184,14604,15066,3420,-462
17946,29797,11331,14270,15527,3676,-520
17008,22865,7332,16402,6463,606,1475
17936,28952,10732,14976,13976,2960,-284
16800,32772,15080,5224,27548,11576,-892
18088,27422,9664,16188,11234,1900,330
14380,17384,5133,14236,3148,144,2129
18083,26896,9350,16392,10504,1691,537
17386,24359,8078,16406,7953,980,1105
18071,27481,9725,16062,11419,2009,315
17915,29862,11386,14180,15682,3735,-561
17670,25159,8448,16526,8633,1144,959
18004,27577,9821,15870,11707,2134,248
9370,10341,2829,9366,975,4,1858
16349,21313,6686,15882,5431,467,1722
17845,26326,9080,16332,9994,1513,599
17567,31400,12806,11576,19824,5991,-1027
15678,19807,6059,15378,4429,300,1930
16917,22558,7198,16324,6234,593,1557
11267,12840,3614,11224,1616,43,2041
16764,32858,15352,4308,28550,12456,-742
17880,29844,11400,14088,15756,3792,-564
18023,27606,9819,15936,11670,2087,236
7873,8538,2303,7864,674,9,1638
14919,18631,5646,14678,3953,241,1934
15526,19603,5995,15226,4377,300,1918
13296,15739,4572,13190,2549,106,2129
17654,30954,12366,12444,18510,5210,-934
17577,31075,12524,12054,19021,5523,-974
16480,21671,6837,15994,5677,486,1646
5702,5985,1567,5702,283,0,1284
17895,29384,11068,14496,14888,3399,-421
16731,22014,6953,16216,5798,515,1670
6474,6908,1836,6472,436,2,1402
3690,3813,984,3690,123,0,861
11916,13756,3915,11852,1904,64,2075
17688,25371,8558,16510,8861,1178,875
17148,23279,7528,16446,6833,702,1397
17911,26506,9163,16360,10146,1551,568
17500,24227,7957,16626,7601,874,1230
17392,24532,8182,16336,8196,1056,1042
7646,8222,2202,7636,586,10,1626
18004,28115,10143,15658,12457,2346,32
17903,29599,11228,14286,15313,3617,-468
17419,23887,7804,16558,7329,861,1336
4966,5200,1359,4964,236,2,1125
17748,25688,8728,16464,9224,1284,788
16785,32832,15227,4756,28076,12029,-820
16689,32948,15688,3144,29804,13545,-571
17447,24423,8084,16510,7913,937,1108
17826,26123,8966,16382,9741,1444,669
7989,8640,2324,7984,656,5,1673
16532,21777,6869,16078,5699,454,1624
16659,21842,6883,16152,5690,507,1700
17070,32350,14169,8024,24326,9046,-1111
17705,25459,8613,16466,8993,1239,859
17381,31730,13238,10508,21222,6873,-1111
18139,28781,10521,15478,13303,2661,-121
17887,26046,8895,16512,9534,1375,736
18087,27393,9649,16190,11203,1897,343
414,415,104,414,1,0,103
9648,10721,2953,9630,1091,18,1880
17205,23594,7694,16412,7182,793,1305
17781,25553,8644,16530,9023,1251,872
12697,14788,4238,12624,2164,73,2147
18026,27623,9831,15922,11701,2104,234
14497,17666,5256,14308,3358,189,2087
17188,32238,13877,8968,23270,8220,-1173
9188,10104,2757,9180,924,8,1841
17967,29815,11367,14162,15653,3805,-481
18033,29141,10800,15082,14059,2951,-308
17053,23133,7479,16350,6783,703,1399
17998,27754,9918,15836,11918,2162,162
16941,32538,14550,6876,25662,10065,-1047
17934,27609,9836,15874,11735,2060,161
11687,13360,3767,11652,1708,35,2094
17998,26975,9422,16262,10713,1736,445
16679,32953,15739,2950,30003,13729,-535
10973,12416,3474,10936,1480,37,2031
16806,32799,15149,5002,27797,11804,-844
17573,24934,8345,16488,8446,1085,984
17935,29127,10902,14646,14481,3289,-290
17556,24344,8022,16600,7744,956,1234
17991,28050,10107,15672,12378,2319,48
14915,18298,5468,14724,3574,191,2085
16659,32996,16014,1936,31060,14723,-323
18060,28029,10069,15782,12247,2278,100
17827,25729,8733,16526,9203,1301,831
14900,18312,5478,14712,3600,188,2066
16722,32882,15476,3860,29022,12862,-684
18052,28469,10354,15522,12947,2530,-63
17613,30997,12412,12346,18651,5267,-972
16466,21521,6745,16062,5459,404,1690
17619,30983,12418,12294,18689,5325,-946
6745,7204,1918,6736,468,9,1459
13021,15287,4408,12942,2345,79,2142
17327,24128,7949,16460,7668,867,1148
5171,5419,1417,5170,249,1,1169
18021,29137,10814,15018,14119,3003,-302
1508,1522,384,1508,14,0,370
15136,18887,5723,14882,4005,254,1972
17953,27095,9530,16070,11025,1883,388
17832,30912,12240,12864,18048,4968,-840
16664,32993,15959,2150,30843,14514,-370
18035,29252,10890,14944,14308,3091,-327
17663,25169,8447,16550,8619,1113,941
17695,25120,8406,16616,8504,1079,981
