Points,Edges,Area,Perimeter,Contact_perimeter,TETRAPIXEL,Euler_General_8_Async
1094,1399,433,1066,333,28,-6
509,544,145,508,36,1,81
1106,2056,892,544,1512,562,-78
1151,1721,601,1038,683,113,-84
1168,1817,656,1010,807,158,-98
958,1205,366,946,259,12,33
1156,1867,693,962,905,194,-104
1119,2059,873,626,1433,493,-99
1122,2023,845,666,1357,456,-91
658,742,207,656,86,2,82
1109,1554,517,1040,514,69,-46
1157,1907,734,878,1029,279,-100
1170,1760,620,1040,720,130,-87
1141,1808,656,992,816,149,-92
1064,1412,447,1036,376,28,-14
1141,1710,600,1020,690,121,-66
1124,1580,525,1060,520,64,-57
1154,1869,689,982,887,172,-109
668,743,205,666,77,2,86
988,1248,381,972,276,16,27
1023,1298,399,1000,298,23,18
1143,1868,702,928,940,215,-107
1153,1826,669,976,850,177,-93
1062,1374,428,1036,338,26,5
140,140,35,140,0,0,33
1160,1661,561,1078,583,82,-68
1176,1941,735,942,999,234,-130
1139,1622,546,1060,562,79,-63
1019,1288,393,1004,284,15,16
1152,1712,597,1036,676,116,-72
1152,1705,588,1058,647,94,-86
1155,1671,571,1058,613,97,-67
437,462,122,436,26,1,74
1098,2093,940,426,1667,672,-65
1159,1831,676,958,873,201,-100
1121,1957,776,810,1147,311,-105
766,903,261,762,141,4,68
1139,1971,784,806,1165,333,-111
1147,1941,756,858,1083,289,-112
703,779,214,702,77,1,71
1137,2016,826,728,1288,409,-107
1144,1909,740,858,1051,286,-104
1163,1821,653,1030,791,133,-104
1071,1408,446,1032,376,39,-7
524,562,150,524,38,0,80
1145,1936,754,856,1080,289,-108
1060,1350,415,1040,310,20,2
36,36,9,36,0,0,9
1101,2088,941,412,1676,689,-59
366,385,101,366,19,0,66
1107,1531,504,1046,485,61,-30
1039,1384,442,1000,384,39,-13
1159,1904,723,916,988,243,-110
1164,1654,553,1096,558,68,-79
1098,1463,469,1050,413,48,-18
1114,2065,882,602,1463,512,-96
1143,1653,566,1042,611,101,-68
411,441,118,410,31,1,66
1163,1885,707,942,943,221,-113
1074,1436,458,1040,396,34,-16
1004,1279,393,986,293,18,15
1079,1346,408,1060,286,19,13
1037,1344,420,1008,336,29,3
1050,1382,436,1020,362,30,-9
1001,1292,400,984,308,17,-6
1151,1760,622,1032,728,119,-91
1130,2017,827,726,1291,404,-106
482,517,138,482,35,0,81
1106,1553,517,1038,515,68,-47
818,1006,302,804,202,14,49
800,933,267,798,135,2,70
1174,1905,715,950,955,224,-118
578,635,173,578,57,0,77
677,748,205,676,72,1,83
1163,1872,696,960,912,203,-108
1139,1598,530,1076,522,63,-52
984,1256,388,960,296,24,6
741,852,242,736,116,5,62
1128,2026,840,692,1334,436,-104
1034,1277,383,1022,255,12,13
1133,1646,560,1052,594,81,-66
80,82,21,80,2,0,17
943,1150,343,928,222,15,32
803,901,250,802,99,1,65
1011,1272,386,1000,272,11,7
1089,1461,471,1038,423,51,-23
1126,1533,498,1074,459,52,-47
1136,1602,534,1068,534,68,-61
1154,1817,665,974,843,180,-95
1161,1759,624,1022,737,139,-90
1143,1754,626,1004,750,139,-85
1062,1407,447,1026,381,36,-18
1130,1529,494,1082,447,48,-34
1098,2105,973,318,1787,780,-43
928,1116,328,920,196,8,48
1030,1282,388,1012,270,18,18
1078,1433,459,1030,403,48,-11
735,834,234,732,102,3,66
654,735,204,654,81,0,79
564,620,169,564,56,0,81
1158,1662,562,1076,586,82,-63
1148,1843,690,926,917,222,-92
1121,1587,529,1058,529,63,-51
1084,1516,506,1008,508,76,-25
881,1037,300,874,163,7,61
676,752,207,676,76,0,71
44,44,11,44,0,0,11
1145,1581,516,1098,483,47,-44
1079,1427,453,1042,385,37,-23
717,809,226,714,95,3,78
785,900,254,784,116,1,70
1104,1612,553,1012,600,92,-53
1158,1642,556,1060,582,98,-59
1106,2064,905,508,1556,598,-71
1145,1982,781,840,1142,305,-122
910,1115,333,898,217,12,48
1139,1851,694,926,925,213,-96
911,1113,331,902,211,9,33
1139,2018,821,752,1266,387,-113
106,107,27,106,1,0,25
970,1248,387,948,300,22,20
298,309,80,298,11,0,62
1090,2102,996,220,1882,870,-17
1110,1494,478,1076,418,34,-31
1131,1754,633,976,778,155,-81
987,1322,424,948,374,39,7
810,954,275,808,146,2,55
1129,1969,783,806,1163,323,-104
1125,1651,571,1018,633,107,-46
1109,1555,516,1046,509,63,-50
634,698,191,632,66,2,75
1144,1995,794,814,1181,330,-118
1185,1748,607,1068,680,117,-92
852,1020,300,840,180,12,53
1089,2110,1003,208,1902,881,-18
1119,2061,881,598,1463,521,-94
1105,2075,925,450,1625,655,-64
1155,1875,704,934,941,221,-114
1169,1717,593,1062,655,107,-80
1112,1507,487,1066,441,46,-28
830,953,270,826,127,4,75
1115,1489,479,1062,427,53,-25
853,1018,297,848,170,5,57
855,998,286,852,146,3,55
1039,1343,417,1018,325,21,-8
1137,1935,757,842,1093,295,-102
1117,2063,888,574,1489,543,-87
78,79,20,78,1,0,18
66,67,17,66,1,0,16
937,1122,329,928,194,9,45
1154,1683,573,1074,609,80,-86
1133,1769,638,986,783,147,-85
172,178,46,172,6,0,35
1022,1271,385,1002,269,20,18
810,944,271,804,140,6,71
206,211,54,206,5,0,47
1134,1573,514,1090,483,44,-55
794,949,278,786,163,8,49
919,1103,323,914,189,5,45
963,1177,350,954,223,9,31
915,1093,320,906,187,9,62
482,511,135,482,29,0,80
1142,1874,713,896,978,246,-99
809,925,261,806,119,3,85
1074,1405,441,1046,359,28,-4
1159,1867,698,942,925,217,-104
1145,1839,677,970,869,175,-108
795,924,265,788,136,7,66
441,482,131,440,42,1,70
1158,1959,754,902,1057,256,-121
582,637,173,582,55,0,75
899,1102,330,884,218,15,45
1160,1785,639,1014,771,146,-95
1153,1810,662,972,838,181,-99
1164,1789,638,1026,763,138,-90
981,1217,368,962,255,19,31
936,1145,342,922,223,14,42
1096,2099,960,358,1741,738,-50
1143,1716,600,1032,684,111,-80
1089,2110,1006,196,1914,893,-15
858,1023,299,850,173,8,64
953,1130,328,948,182,5,55
1101,1523,500,1046,477,55,-54
1157,1982,787,816,1166,341,-113
1132,2019,837,690,1329,442,-99
1158,1938,747,888,1050,270,-113
1090,2109,998,226,1883,864,-22
1147,1751,622,1014,737,133,-80
896,1076,316,888,188,8,46
1097,2093,954,370,1723,727,-51
1132,1981,800,762,1219,370,-101
1021,1406,460,972,434,49,-6
1167,1874,693,976,898,191,-119
1083,1591,545,1002,589,81,-52
1089,2110,1014,164,1946,925,-7
556,616,169,556,60,0,81
1129,1672,582,1016,656,113,-58
292,300,77,292,8,0,63
1167,1893,708,954,939,213,-112
1126,1602,539,1048,554,78,-48
986,1277,400,954,323,32,14
588,639,173,586,53,2,77
760,875,249,754,121,6,55
1023,1353,429,990,363,33,-2
1170,1901,711,958,943,212,-111
1068,1463,479,1010,453,58,-15
1150,1653,559,1070,583,80,-72
1097,1502,492,1036,466,61,-35
540,584,157,540,44,0,88
1137,1876,712,904,972,233,-96
1138,1951,776,798,1153,340,-105
1172,1657,558,1082,575,90,-78
451,477,126,450,27,1,80
1156,1997,799,798,1199,358,-116
1154,1923,742,878,1045,276,-106
1151,1759,626,1014,745,137,-83
1160,1682,574,1068,614,92,-74
1103,1490,482,1052,438,51,-37
1177,1829,657,1030,799,147,-114
546,601,164,546,55,0,79
214,217,55,214,3,0,43
1162,1838,672,988,850,174,-99
714,810,227,712,98,2,76
1011,1293,399,990,303,21,12
1110,1577,535,1014,563,96,-37
1057,1427,463,1002,425,55,2
1156,1931,732,934,997,222,-128
1104,1577,528,1042,535,62,-45
1131,1529,493,1086,443,45,-35
1134,1983,805,746,1237,388,-98
993,1222,366,980,242,13,21
436,466,124,436,30,0,74
1164,1652,555,1084,568,80,-72
1125,1984,804,752,1232,373,-104
898,1079,317,890,189,8,43
839,1022,303,832,190,7,52
1058,1387,436,1030,357,28,5
859,1029,300,858,171,1,58
1133,1563,512,1078,485,55,-48
949,1172,354,928,244,21,22
694,769,211,694,75,0,73
1097,2094,950,388,1706,709,-56
588,636,171,588,48,0,84
1146,1762,627,1016,746,130,-86
1124,1999,817,730,1269,394,-104
1148,1980,786,816,1164,332,-111
441,476,128,440,36,1,69
1093,1619,561,994,625,99,-46
1089,2107,998,222,1885,867,-20
434,469,126,434,35,0,71
1167,1802,650,1004,798,163,-92
922,1123,336,902,221,20,38
947,1151,342,934,217,13,31
1139,1726,608,1020,706,119,-78
1093,2101,970,322,1779,771,-43
781,905,258,778,127,3,73
854,1002,289,848,154,6,48
484,510,134,484,26,0,86
963,1224,377,940,284,23,17
1089,1481,479,1046,435,43,-40
957,1220,374,944,276,13,11
592,638,171,592,46,0,84
1133,1705,597,1022,683,111,-77
1100,1482,477,1056,426,44,-27
460,504,137,460,44,0,70
1116,1597,537,1046,551,70,-49
841,1015,299,834,181,7,54
997,1314,416,964,350,33,19
669,744,205,668,76,1,74
1163,1950,748,908,1042,255,-124
750,868,247,748,120,2,72
1165,1809,649,1022,787,143,-103
454,481,127,454,27,0,78
1179,1802,642,1036,766,143,-103
1100,1542,514,1028,514,72,-34
1029,1280,387,1012,268,17,9
1111,1507,487,1066,441,45,-38
1119,1700,602,992,708,127,-67
696,776,214,696,80,0,88
1159,1772,635,1004,768,155,-93
236,248,65,236,12,0,48
1039,1407,456,990,417,49,-10
494,531,142,494,37,0,74
1125,1525,493,1078,447,47,-39
1117,1537,504,1058,479,59,-44
916,1124,335,908,216,8,52
1161,1894,717,920,974,241,-106
1155,1793,649,990,803,165,-93
1149,1831,675,962,869,187,-105
1150,1814,661,984,830,166,-96
314,325,84,314,11,0,57
1108,2066,906,508,1558,600,-73
1025,1267,381,1010,257,15,21
1088,1529,511,1014,515,74,-33
1100,1493,484,1050,443,50,-27
1031,1388,445,996,392,35,-6
1102,2093,950,386,1707,716,-55
590,641,173,590,51,0,82
1090,2106,1008,180,1926,910,-9
601,672,186,600,72,1,82
1121,2063,880,606,1457,515,-96
1092,1430,451,1056,374,36,-20
1173,1799,638,1046,753,127,-102
492,520,137,492,28,0,84
430,467,126,430,37,0,70
1106,2081,926,458,1623,648,-68
785,915,262,782,133,3,72
1191,1798,632,1068,730,123,-110
1119,1989,810,738,1251,381,-95
814,943,269,810,133,4,69
1113,2040,853,668,1372,445,-103
1092,2093,958,354,1739,738,-48
1141,1716,603,1020,696,121,-79
1128,1878,718,884,994,244,-99
1073,1437,460,1034,403,39,-7
1061,1378,432,1028,350,33,-6
1097,2091,951,378,1713,719,-51
844,1000,291,836,164,8,56
1127,1842,689,928,914,199,-96
1158,1908,723,924,984,234,-112
578,628,170,576,52,2,73
1142,1875,707,922,953,220,-106
1132,1563,513,1074,489,58,-49
1076,1520,508,1008,512,68,-32
114,115,29,114,1,0,27
814,974,285,808,166,6,51
1049,1374,435,1008,366,41,-6
1136,1958,770,836,1122,300,-111
1141,1791,655,962,829,179,-80
1112,1516,490,1072,444,40,-38
1141,1898,734,860,1038,281,-102
1152,1842,685,944,898,208,-96
1124,1756,637,964,792,160,-83
274,285,74,274,11,0,55
1152,1891,713,930,961,222,-107
589,640,173,588,52,1,81
761,888,255,756,132,5,63
564,614,166,564,50,0,77
1034,1359,429,1002,357,32,-5
310,321,83,310,11,0,64
1165,1931,737,914,1017,251,-112
1143,1940,754,864,1076,279,-111
1111,1561,520,1042,519,69,-36
1174,1837,675,974,863,200,-98
300,312,81,300,12,0,59
1158,1811,655,1002,809,156,-96
1142,1668,576,1032,636,110,-65
1125,1947,773,802,1145,323,-93
1107,2068,905,516,1552,591,-78
1096,2097,950,394,1703,702,-58
1155,1642,553,1072,570,83,-59
1134,1727,611,1010,717,124,-77
1125,1470,463,1088,382,37,-26
827,950,269,824,126,3,74
1060,1395,441,1026,369,34,-11
1154,1842,677,976,866,178,-106
1145,2009,806,794,1215,351,-123
1156,1938,744,900,1038,256,-118
1103,2074,905,528,1546,575,-82
1109,1572,525,1044,528,65,-47
1075,1414,447,1040,374,35,-13
989,1245,378,978,267,11,17
1143,1586,522,1084,502,59,-41
1126,1513,486,1082,431,44,-40
1150,1771,628,1030,741,120,-97
1082,1519,505,1018,501,64,-41
1118,1685,589,1014,671,104,-75
1111,2072,908,512,1560,599,-79
855,1012,294,848,164,7,56
897,1093,324,890,203,7,40
632,701,193,630,71,2,86
1026,1321,409,1006,315,20,2
1155,1924,743,876,1048,279,-107
1164,1980,768,888,1092,276,-131
1153,1816,657,1004,812,149,-101
1164,1648,549,1100,548,64,-66
1140,1974,783,816,1158,324,-110
290,301,78,290,11,0,60
1081,1479,482,1030,449,51,-30
280,290,75,280,10,0,50
753,857,241,750,107,3,73
1135,1594,535,1048,546,87,-55
675,757,211,670,87,5,83
757,875,249,754,121,3,70
1153,1859,696,934,925,219,-99
1145,1525,486,1106,419,39,-37
1157,1687,577,1066,621,91,-75
1131,2010,824,724,1286,407,-103
1152,1958,765,856,1102,296,-119
1135,1613,544,1050,563,85,-59
1002,1312,412,976,336,26,7
1089,2111,1021,138,1973,951,-1
16,16,4,16,0,0,4
1153,1887,709,938,949,215,-111
1096,1503,489,1050,453,46,-36
1119,1640,561,1036,604,83,-56
292,310,82,292,18,0,51
1006,1218,361,992,226,14,30
1153,1949,748,906,1043,247,-125
1096,2094,952,380,1714,716,-55
726,816,227,724,92,2,80
721,826,233,720,106,1,66
1136,1720,605,1020,700,116,-78
1106,1478,471,1072,406,34,-27
687,779,218,686,93,1,73
679,763,212,678,85,1,79
1134,1991,801,778,1213,356,-107
1091,2080,943,388,1692,703,-50
904,1071,310,902,169,2,46
1138,2003,806,782,1221,356,-111
1116,1971,798,750,1221,366,-94
805,906,252,804,102,1,82
1037,1345,420,1010,335,27,-9
1002,1319,417,970,349,32,2
1076,1454,467,1040,414,36,-24
1137,1930,755,840,1090,297,-105
1087,1533,512,1018,515,69,-24
416,442,117,416,26,0,70
461,490,130,460,30,1,74
1138,1952,766,840,1112,298,-121
295,311,82,294,17,1,60
1078,1413,446,1042,371,36,-16
1088,1505,495,1030,475,58,-42
1098,1518,496,1052,466,46,-43
866,1037,304,858,179,8,47
780,911,263,770,141,10,62
1107,2070,905,520,1550,587,-78
1143,1779,641,994,785,149,-87
1093,2091,951,378,1713,715,-53
1091,2109,986,274,1835,817,-34
1105,2084,937,420,1664,685,-59
1019,1315,408,998,317,21,11
1172,1676,567,1084,592,88,-72
1151,1563,506,1102,461,49,-45
722,833,236,722,111,0,69
1161,1945,747,902,1043,259,-120
1053,1415,455,1010,405,43,-10
1135,1635,553,1058,577,77,-68
1144,1794,650,988,806,156,-88
92,94,24,92,2,0,20
931,1122,330,924,198,7,53
365,394,106,364,30,1,68
624,680,184,624,56,0,73
871,1022,295,864,158,7,65
1139,1605,534,1074,531,65,-45
1080,1509,500,1018,491,62,-27
1145,1730,611,1016,714,129,-79
1094,2094,952,380,1714,714,-53
154,155,39,154,1,0,33
1144,1634,551,1064,570,80,-64
1116,2039,862,630,1409,486,-94
1111,2059,884,582,1477,529,-88
1058,1391,438,1030,361,28,-3
646,729,204,642,87,4,80
1111,1565,519,1054,511,57,-56
1189,1850,667,1032,818,157,-124
530,573,154,530,43,0,87
1115,1666,578,1020,646,95,-59
1113,1587,533,1042,545,71,-52
1140,1964,775,828,1136,312,-114
1164,1899,715,938,961,226,-116
958,1193,359,950,243,8,32
1099,1497,486,1050,447,49,-26
118,119,30,118,1,0,29
230,237,61,230,7,0,52
1111,2066,893,560,1506,551,-86
1085,1427,451,1050,377,35,-15
1137,1639,556,1054,585,83,-69
496,526,139,496,30,0,88
1158,1597,524,1098,499,60,-67
923,1114,328,916,198,7,39
1020,1294,397,1000,294,20,6
1127,2017,830,714,1303,413,-104
975,1192,356,960,232,15,34
724,806,222,724,82,0,81
1174,1786,635,1032,754,142,-95
1111,1537,506,1050,487,61,-41
1032,1309,402,1010,299,22,15
428,456,121,428,28,0,71
1014,1290,396,996,294,18,19
1105,1540,508,1048,492,57,-44
821,965,278,818,147,3,58
1141,1849,691,934,915,207,-103
1132,1954,774,812,1142,320,-107
1137,1914,741,864,1050,273,-102
1128,1806,668,940,866,188,-87
1135,1959,778,806,1153,329,-108
1139,1813,670,946,867,193,-86
1102,1498,487,1048,450,54,-26
1164,1734,607,1040,694,124,-82
1125,1640,563,1028,612,97,-67
905,1078,316,892,186,13,45
1096,1470,469,1064,406,32,-27
514,557,150,514,43,0,72
390,405,105,390,15,0,72
673,764,215,668,96,5,84
988,1197,353,982,215,6,34
348,364,95,348,16,0,63
1123,1526,492,1084,442,39,-39
1170,1900,711,956,944,214,-119
1169,1890,714,924,966,245,-100
939,1130,332,932,198,7,44
1153,1636,545,1092,544,61,-66
858,991,282,854,137,4,65
720,832,237,716,116,4,77
1124,1977,790,794,1183,330,-114
721,816,228,720,96,1,63
1184,1809,645,1038,771,146,-102
1012,1241,372,994,247,18,30
1102,1488,480,1056,432,46,-26
853,1014,295,848,166,5,64
1145,1979,789,802,1177,343,-109
1126,1449,451,1094,355,32,-20
250,259,67,250,9,0,54
1076,1476,481,1028,448,48,-17
1165,1730,604,1044,686,121,-84
1018,1281,391,998,283,20,30
1066,1406,445,1032,374,34,-4
1182,1808,642,1048,760,134,-98
1158,1742,614,1028,714,130,-91
1183,1736,604,1056,680,127,-79
951,1193,364,930,263,21,32
1115,2054,869,632,1422,483,-99
1128,1536,501,1068,468,60,-38
981,1227,371,970,257,11,30
1104,2079,903,546,1533,558,-90
616,674,183,616,58,0,87
1096,1505,495,1030,475,66,-26
1037,1334,415,1008,326,29,2
1155,1733,612,1018,715,137,-72
1098,2103,964,350,1753,748,-50
1132,1781,644,986,795,146,-89
1143,1611,536,1078,533,65,-63
1141,1948,762,848,1100,293,-115
1077,1468,476,1032,436,45,-25
777,896,255,772,124,5,63
1120,1608,543,1044,564,76,-59
961,1195,360,950,245,11,31
296,306,79,296,10,0,55
1096,2069,911,494,1575,602,-72
1104,1527,501,1050,477,54,-48
894,1079,318,886,193,8,38
1114,1632,560,1024,608,90,-58
1125,2057,876,610,1447,515,-93
1063,1451,472,1014,437,49,-19
1170,1823,656,1022,801,148,-99
1114,1522,497,1056,466,58,-35
1112,2063,889,570,1493,542,-88
820,1003,299,810,193,10,49
1118,2038,847,688,1350,430,-108
1089,2112,1015,164,1948,925,-8
24,24,6,24,0,0,6
1109,1598,541,1032,566,77,-54
1149,1783,637,1018,765,131,-94
12,12,3,12,0,0,3
358,371,96,358,13,0,69
596,664,183,596,68,0,68
584,642,175,584,58,0,80
1105,2073,913,494,1579,611,-74
1092,2103,975,306,1797,786,-39
1153,1963,770,846,1117,307,-118
764,871,245,762,109,2,52
390,405,105,390,15,0,66
1033,1359,427,1010,349,23,-13
1095,2099,960,358,1741,737,-50
1149,1660,566,1056,604,93,-72
1080,1421,449,1046,375,34,-20
734,832,233,732,100,2,76
1014,1283,392,998,285,16,30
981,1190,353,968,222,13,31
809,946,273,800,146,9,65
1125,1629,554,1042,587,83,-63
1165,1854,679,992,862,173,-118
902,1075,313,898,177,4,52
1026,1285,390,1010,275,16,-1
1123,1541,504,1066,475,57,-45
1166,1856,684,976,880,190,-105
1158,1933,737,918,1015,240,-121
1161,1634,543,1096,538,65,-81
1120,2039,854,662,1377,458,-102
1147,1794,648,996,798,151,-89
1123,1671,584,1006,665,117,-65
1133,1636,559,1036,600,97,-64
1134,1988,804,760,1228,374,-101
468,498,132,468,30,0,76
1153,1639,548,1086,553,67,-68
1153,1918,737,888,1030,265,-109
1015,1298,400,996,302,19,6
990,1250,382,972,278,18,16
721,825,233,718,107,3,78
1095,2091,959,346,1745,749,-45
1050,1393,442,1018,375,32,-10
1069,1461,475,1022,439,47,-24
987,1214,364,972,242,15,20
1088,1474,476,1044,430,44,-26
1103,1476,472,1064,412,39,-15
1139,1861,701,918,943,221,-99
1117,1882,725,864,1018,253,-96
1143,1917,741,870,1047,273,-106
1149,1983,785,826,1157,323,-118
804,963,282,798,165,6,66
1154,1946,753,880,1066,274,-116
1153,1852,684,968,884,185,-104
1119,1634,562,1020,614,99,-61
1089,2111,1007,194,1917,895,-15
1052,1401,444,1026,375,26,-11
840,998,291,832,166,8,54
1000,1273,392,978,295,22,9
1050,1359,424,1022,337,28,-6
1111,1512,492,1056,456,55,-34
1113,1981,812,714,1267,399,-92
1145,1804,653,996,808,149,-101
885,1088,325,876,212,9,39
1121,1554,509,1072,482,49,-51
1121,2031,845,682,1349,439,-103
1044,1391,443,1010,381,34,-3
1136,2001,804,786,1215,350,-117
1135,1556,508,1080,476,55,-47
1147,1812,659,988,824,159,-93
1156,1785,637,1022,763,134,-96
1191,1908,708,984,924,207,-128
1099,1512,495,1044,468,55,-41
1148,1933,746,882,1051,266,-114
1142,1732,612,1016,716,126,-77
1111,1489,479,1062,427,49,-34
695,777,215,694,83,1,76
142,143,36,142,1,0,35
1121,2041,868,610,1431,511,-88
1065,1405,445,1030,375,35,-17
198,211,56,198,13,0,35
1138,1566,512,1084,482,54,-45
1127,1714,608,996,718,131,-71
1150,1656,560,1072,584,78,-63
1148,1920,734,904,1016,244,-111
1132,1810,669,944,866,188,-90
1151,1742,612,1036,706,115,-92
1094,2104,973,316,1788,778,-42
1133,1981,795,782,1199,351,-110
1151,1670,570,1060,610,91,-75
1135,1568,513,1084,484,51,-52
759,864,243,756,108,3,74
897,1098,328,884,214,13,47
1098,1524,500,1048,476,50,-32
1155,1624,543,1076,548,79,-68
1066,1385,434,1034,351,32,0
1063,1457,474,1018,439,45,-19
1112,2065,900,530,1535,582,-80
1004,1231,366,998,233,6,13
679,761,211,678,83,1,78
1099,2069,906,514,1555,585,-77
1114,1632,562,1016,616,98,-54
1167,1920,730,920,1000,247,-119
586,645,176,586,59,0,67
1011,1273,390,986,287,25,32
910,1081,316,898,183,12,48
1056,1457,478,1002,455,54,-33
911,1135,344,894,241,17,39
1100,1430,448,1068,362,32,-14
1158,1903,722,918,985,240,-111
82,83,21,82,1,0,18
1123,2024,839,692,1332,431,-100
1146,1666,571,1048,618,98,-75
893,1079,317,890,189,3,40
1053,1350,418,1028,322,25,3
1064,1438,461,1032,406,32,-21
871,1064,317,860,204,11,40
1152,1868,694,960,908,192,-112
1127,2031,839,706,1325,421,-107
1111,2053,880,586,1467,525,-87
1085,1478,481,1032,446,53,-18
1160,1842,673,992,850,168,-114
1147,1710,593,1048,662,99,-86
1105,2071,911,498,1573,607,-73
811,926,261,808,118,3,68
126,127,32,126,1,0,29
1156,1840,676,976,864,180,-104
1090,2103,988,254,1849,836,-27
1163,1739,607,1050,689,113,-96
1001,1225,365,990,235,11,40
1140,1535,495,1090,445,50,-45
1123,2011,826,718,1293,405,-102
1063,1412,448,1032,380,31,-13
1089,2107,1013,162,1945,927,-5
1152,1591,520,1102,489,50,-60
1074,1458,474,1020,438,54,-15
1110,2062,900,524,1538,586,-75
928,1146,345,912,234,16,42
1150,1888,719,900,988,250,-103
1134,1975,792,782,1193,352,-105
216,224,58,216,8,0,43
1147,2018,814,780,1238,367,-121
938,1145,339,934,211,4,28
574,623,168,574,49,0,91
1128,1678,585,1016,662,112,-67
1103,1538,507,1048,490,55,-37
1146,1671,574,1046,625,100,-78
1096,2106,979,296,1810,800,-39
1091,2101,986,258,1843,833,-26
1151,1872,702,936,936,215,-110
1157,1726,599,1056,670,101,-88
1139,2020,821,756,1264,383,-116
1100,1448,455,1076,372,24,-26
1094,1451,460,1062,389,32,-21
1132,1997,822,706,1291,426,-94
1160,1783,639,1010,773,150,-88
1140,1714,597,1040,674,100,-85
646,709,193,646,63,0,76
1115,2055,873,618,1437,497,-97
1148,2024,815,788,1236,360,-123
1106,2016,840,672,1344,434,-102
1143,1621,545,1062,559,81,-53
1114,2033,852,658,1375,456,-100
527,573,155,526,47,1,75
893,1056,306,888,168,5,51
792,931,269,786,145,6,58
758,838,230,756,82,2,82
388,410,108,388,22,0,65
1131,1615,540,1070,545,61,-56
910,1098,324,900,198,10,50
1055,1375,429,1034,341,21,-10
1130,1957,775,814,1143,316,-107
1150,1638,548,1084,554,66,-72
711,805,226,706,99,5,75
1137,1934,757,840,1094,297,-105
1070,1365,421,1046,319,24,0
1126,1580,522,1072,508,54,-53
854,1003,289,850,153,4,64
1034,1273,381,1022,251,12,19
1118,1561,514,1066,495,52,-44
1057,1444,467,1020,424,37,-22
1156,1676,570,1072,604,84,-64
1099,1469,470,1058,411,41,-19
1093,2096,943,420,1676,673,-65
1134,1925,748,858,1067,276,-110
955,1186,357,944,242,11,27
1079,1534,519,992,542,87,-40
1061,1427,461,1010,417,51,-8
821,985,290,810,175,11,57
1153,1557,505,1094,463,59,-45
1104,2027,864,598,1429,506,-82
1130,2004,818,736,1268,394,-107
1131,1697,594,1018,679,113,-73
771,902,260,764,138,7,68
1152,1768,628,1024,744,128,-93
1135,1848,693,924,924,211,-96
1092,1555,517,1042,513,50,-54
1149,1606,532,1084,522,65,-46
1171,1671,563,1090,581,81,-79
370,395,105,370,25,0,61
1136,1590,527,1072,518,64,-55
126,129,33,126,3,0,29
836,1004,294,832,172,4,55
678,755,209,674,81,4,76
1133,1662,572,1036,626,97,-70
461,492,131,460,32,1,75
338,351,91,338,13,0,64
1054,1370,429,1024,346,30,-12
1062,1399,443,1026,373,36,-9
1071,1396,437,1044,352,27,-20
1083,1443,461,1042,401,41,-23
1089,1539,517,1010,529,79,-41
593,656,180,592,64,1,78
1062,1413,450,1026,387,36,-18
1160,1701,584,1066,635,94,-81
126,127,32,126,1,0,31
1140,1559,507,1090,469,50,-48
1102,1574,530,1028,546,74,-48
877,1060,312,872,188,5,56
1119,2007,835,674,1333,445,-92
1085,1511,497,1034,477,51,-25
1135,1745,624,994,751,141,-79
260,270,70,260,10,0,53
1147,1955,776,806,1149,341,-104
1133,1605,538,1058,547,75,-59
1110,1506,486,1068,438,42,-36
1168,1829,664,1002,827,166,-109
1013,1258,380,996,262,17,31
1137,1728,612,1008,720,129,-79
1156,1829,669,982,847,174,-104
1125,1961,780,802,1159,323,-108
1110,2091,935,442,1649,668,-67
1093,1484,488,1016,468,77,-20
1141,1948,766,832,1116,309,-106
1142,1967,777,826,1141,316,-114
888,1070,315,880,190,8,41
1112,1572,523,1052,520,60,-59
1122,2049,855,678,1371,444,-110
1103,2077,923,462,1615,641,-65
1016,1302,402,996,306,20,12
988,1218,366,972,246,16,21
1162,1665,561,1086,579,76,-72
1151,1850,685,960,890,191,-105
1132,1517,485,1094,423,38,-35
1149,1710,592,1052,658,97,-75
1140,1896,728,880,1016,260,-99
1125,1498,479,1080,418,45,-25
1138,1589,527,1070,519,68,-61
76,76,19,76,0,0,18
1072,1411,447,1034,377,38,-9
1045,1302,395,1024,278,21,6
950,1183,357,938,245,12,36
710,792,219,708,84,2,75
1125,1967,792,766,1201,359,-102
1155,1793,643,1014,779,141,-99
1101,1569,530,1018,551,83,-54
892,1099,330,878,221,14,45
698,782,217,696,86,2,82
1109,2067,897,546,1521,563,-83
1134,1998,803,784,1214,350,-114
1131,1691,592,1014,677,117,-76
1111,2094,915,528,1566,583,-90
1052,1347,418,1022,325,30,3
894,1104,332,880,224,14,42
1041,1332,413,1012,320,29,8
697,791,222,694,97,3,71
1135,1712,598,1032,680,103,-75
1115,2051,872,614,1437,501,-91
1105,1478,471,1072,406,33,-32
1107,2074,915,488,1586,619,-70
966,1216,369,956,260,10,27
484,528,143,484,44,0,74
1147,1900,724,904,996,243,-109
1007,1281,394,986,295,21,23
1091,2103,984,270,1833,821,-31
1089,2102,993,232,1870,857,-22
1104,2093,944,410,1683,694,-61
1123,2009,826,714,1295,409,-98
1133,1838,685,936,902,197,-99
839,993,288,834,159,5,54
1081,1515,502,1022,493,59,-38
1181,1691,571,1098,593,83,-77
1118,1536,504,1056,480,62,-35
632,713,199,630,83,2,80
1080,1432,456,1040,392,40,-15
915,1104,326,904,200,11,47
561,612,166,560,52,1,84
745,857,243,742,115,3,72
983,1263,391,962,301,21,11
1049,1318,403,1024,294,25,11
1103,1537,510,1034,503,69,-32
1115,1537,506,1050,487,65,-45
1135,1686,590,1012,674,123,-74
1163,1877,698,962,915,201,-108
1074,1420,451,1036,384,38,4
762,868,244,760,108,2,79
1142,1677,578,1042,635,100,-66
1129,1658,570,1036,622,93,-66
531,579,157,530,49,1,80
1143,1592,526,1080,512,63,-66
1020,1308,406,992,316,28,9
1090,2110,998,228,1882,862,-23
1103,1581,534,1026,555,77,-52
268,272,69,268,4,0,53
1131,2015,831,706,1309,425,-100
856,997,285,854,143,2,53
1084,1482,482,1036,446,48,-11
1012,1308,409,980,328,32,10
1138,1917,738,882,1035,256,-116
1089,1467,473,1042,425,47,-15
1089,2112,1023,132,1980,957,0
1180,1847,675,994,853,186,-111
896,1078,317,888,190,8,34
932,1155,348,918,237,14,40
472,503,134,470,33,2,73
751,833,229,750,83,1,81
286,301,79,286,15,0,56
1175,1795,639,1034,761,141,-105
1144,1873,705,926,947,218,-96
1155,1725,600,1050,675,105,-79
948,1147,340,934,213,14,44
554,607,165,554,53,0,81
703,784,217,700,84,3,86
1066,1409,445,1038,371,28,-16
1120,1531,498,1070,461,50,-41
1016,1235,366,1006,229,10,13
1032,1291,392,1014,277,18,11
567,621,169,566,55,1,86
446,477,127,446,31,0,73
1140,1667,577,1026,641,114,-59
1143,1942,752,876,1066,267,-115
1130,1585,527,1062,523,68,-53
1162,1861,687,974,887,188,-110
1133,1996,816,728,1268,405,-101
1156,1806,649,1016,790,140,-99
288,302,79,288,14,0,57
1114,1465,463,1078,387,36,-22
932,1126,333,920,206,12,32
1170,1795,635,1050,745,120,-104
1136,1951,772,814,1137,322,-106
334,345,89,334,11,0,64
1130,2006,829,696,1310,434,-99
944,1152,342,936,216,8,35
1089,2112,1014,168,1944,921,-9
84,84,21,84,0,0,21
1106,1996,818,720,1276,386,-100
332,348,91,332,16,0,63
1132,1858,702,908,950,224,-88
1081,1489,488,1026,463,55,-26
1098,2076,932,424,1652,674,-58
310,323,84,310,13,0,58
1119,2058,881,592,1466,527,-91
1077,1426,454,1036,390,41,-26
1110,2057,880,594,1463,516,-92
1005,1247,376,990,257,15,22
1110,1458,463,1064,394,46,-21
1177,1820,653,1028,792,149,-108
956,1211,372,934,277,22,25
1147,1827,670,974,853,173,-102
1108,1544,511,1044,500,64,-35
1083,1522,507,1016,506,67,-33
1102,1532,507,1036,496,66,-40
1155,1820,668,968,852,187,-98
1143,1615,538,1078,537,65,-54
1143,1655,562,1062,593,81,-72
1001,1255,381,986,269,15,11
982,1222,368,972,250,10,27
1035,1357,427,1006,351,29,-4
1100,1572,529,1028,544,72,-57
1100,1501,485,1062,439,38,-35
1089,2109,1005,198,1911,891,-15
1034,1358,427,1008,350,26,-3
1157,1905,723,918,987,239,-112
1124,1536,498,1080,456,44,-52
1093,2102,977,296,1806,797,-37
760,889,255,758,131,2,60
897,1108,332,888,220,9,45
1108,1542,511,1040,502,68,-46
693,770,212,692,78,1,80
1127,1970,788,788,1182,339,-109
954,1175,351,946,229,8,29
1128,2046,850,692,1354,436,-111
1141,1741,617,1014,727,127,-74
828,968,279,820,148,8,59
1127,1538,499,1080,458,47,-48
1107,1464,465,1068,396,39,-12
1153,1971,769,866,1105,287,-123
865,1055,314,854,201,11,45
1074,1440,461,1036,404,38,-19
1151,1781,645,982,799,169,-90
1135,1520,488,1088,432,47,-46
1150,1806,655,992,814,158,-91
978,1242,381,960,282,18,10
1139,1669,572,1050,619,89,-66
894,1100,329,884,216,10,39
1126,1518,488,1084,434,42,-20
861,990,281,856,134,5,61
334,349,91,334,15,0,64
439,477,129,438,39,1,70
1154,1798,648,1004,794,150,-105
1149,1793,648,994,799,155,-92
1158,1936,744,896,1040,262,-120
1134,2048,869,620,1428,514,-92
660,734,202,660,74,0,74
694,784,219,692,92,2,66
1120,1555,510,1070,485,50,-41
968,1176,349,956,220,12,42
1107,1534,506,1044,490,63,-42
976,1213,365,966,247,10,19
1052,1389,438,1026,363,26,-8
20,20,5,20,0,0,5
1163,1757,616,1050,707,113,-102
1115,1515,490,1070,445,45,-36
1087,1406,439,1056,350,31,0
1054,1438,468,1004,434,50,-33
1176,1838,668,1004,834,172,-108
1107,2043,870,606,1437,501,-89
1176,1837,668,1002,835,174,-112
1178,1807,647,1026,781,152,-100
1075,1456,468,1040,416,35,-23
1145,1638,555,1056,582,89,-58
1104,2025,859,614,1411,490,-85
777,891,253,770,121,7,82
635,720,202,632,88,3,63
8,8,2,8,0,0,2
986,1226,369,976,250,10,26
976,1254,389,952,302,24,24
1156,1771,636,998,773,158,-88
1166,1907,717,946,961,220,-118
1131,1608,538,1064,544,67,-68
1145,1554,503,1096,458,49,-39
1110,2032,854,648,1384,462,-93
1125,1958,790,756,1202,369,-96
1143,1833,682,938,895,205,-95
1151,1715,595,1050,665,101,-84
1137,1996,812,744,1252,393,-102
1083,1511,499,1026,485,57,-36
968,1198,360,956,242,12,40
1036,1303,396,1022,281,14,7
942,1140,337,932,208,10,45
798,893,247,798,95,0,88
1079,1517,504,1018,499,61,-38
792,915,261,786,129,6,55
1132,2003,808,774,1229,358,-114
1130,1569,518,1066,503,64,-42
865,1026,299,856,170,9,52
1089,2109,1015,158,1951,931,-5
857,1061,320,842,219,15,43
1157,2000,793,828,1172,329,-121
1174,1779,627,1050,729,124,-91
721,825,233,718,107,3,72
