Points,Edges,Area,Perimeter,Contact_perimeter,TETRAPIXEL,Euler_General_8_Async
2980,3048,779,2980,68,0,634
16710,32941,15696,3098,29843,13612,-604
16719,32919,15592,3470,29449,13249,-687
16743,32866,15335,4392,28474,12351,-892
17265,23762,7764,16468,7294,797,-744
17439,31613,13121,10742,20871,6697,-1902
14715,18004,5370,14528,3476,187,505
17103,23186,7481,16448,6738,655,-601
14822,18309,5503,14606,3703,216,434
15967,20464,6326,15624,4840,343,12
13410,15941,4647,13294,2647,116,785
17746,25763,8779,16410,9353,1336,-1219
16677,32961,15798,2730,30231,13947,-523
11715,13366,3766,11668,1698,47,1107
17500,24391,8052,16574,7817,926,-860
17527,24643,8186,16542,8101,985,-983
17742,25513,8640,16466,9047,1276,-1157
17307,31807,13336,10270,21537,7037,-1863
17747,25642,8713,16432,9210,1315,-1178
17966,27679,9881,15834,11845,2132,-1628
17084,23342,7591,16320,7022,764,-588
16857,22349,7095,16318,6031,539,-427
14858,18429,5552,14650,3779,208,371
7463,7962,2116,7460,502,3,1206
17301,23962,7874,16428,7534,873,-793
17427,31569,13053,10926,20643,6501,-1914
16714,22129,7024,16162,5967,552,-357
17644,30976,12398,12360,18616,5284,-2028
17177,32211,13909,8786,23425,8391,-1682
12565,14604,4178,12496,2108,69,973
17897,26879,9414,16102,10777,1795,-1445
16660,22230,7096,16076,6154,584,-390
17995,28736,10564,15216,13520,2779,-1869
17526,31417,12867,11366,20051,6160,-1968
17481,31487,12943,11202,20285,6279,-1950
17948,27463,9756,15902,11561,2046,-1592
17958,26472,9127,16436,10036,1522,-1413
17875,29555,11182,14382,15173,3493,-1965
16719,22220,7074,16144,6076,575,-379
17993,28107,10153,15602,12505,2391,-1754
17879,29867,11404,14118,15749,3761,-2005
17911,27135,9550,16070,11065,1841,-1514
2304,2346,597,2304,42,0,515
15597,19728,6040,15296,4432,301,137
15120,19013,5795,14846,4167,274,265
1436,1452,367,1436,16,0,334
9685,10706,2937,9664,1042,21,1209
5057,5276,1374,5056,220,1,954
16734,22289,7115,16118,6171,616,-372
16654,32992,15968,2112,30880,14542,-383
6818,7274,1933,6816,458,2,1104
18003,29534,11112,14620,14914,3383,-1975
15461,19526,5974,15156,4370,305,230
17874,27033,9520,15986,11047,1888,-1523
18136,28676,10460,15512,13164,2624,-1880
17731,30522,11970,13164,17358,4567,-2037
18079,28499,10366,15534,12965,2545,-1850
16780,32825,15189,4894,27931,11886,-999
17231,23633,7714,16410,7223,821,-717
14591,17757,5269,14438,3319,153,517
14268,17347,5147,14106,3241,162,548
17702,25711,8768,16350,9361,1352,-1206
15450,19379,5895,15178,4201,272,240
17034,23304,7570,16328,6976,706,-597
512,512,128,512,0,0,128
15415,19455,5951,15106,4349,309,239
16739,32872,15366,4280,28592,12459,-869
6430,6858,1822,6428,430,2,1067
17620,31121,12524,12146,18975,5474,-2043
17963,29128,10871,14772,14356,3191,-1906
17529,24706,8227,16504,8202,1025,-944
17215,23387,7576,16470,6917,745,-639
17753,30654,12077,13000,17654,4753,-2030
17878,28824,10692,14880,13944,2998,-1809
17938,29531,11151,14458,15073,3480,-1958
12922,15149,4363,12846,2303,76,944
17872,29805,11397,14022,15783,3850,-1958
3269,3368,867,3268,100,1,666
18079,27505,9703,16198,11307,1881,-1643
17198,32177,13826,9050,23127,8148,-1733
17938,26793,9337,16238,10555,1700,-1460
17996,28009,10100,15618,12391,2378,-1706
17167,32254,13967,8640,23614,8527,-1671
17953,29817,11323,14342,15475,3611,-2045
17370,31840,13351,10276,21564,7094,-1883
17775,29950,11534,13764,16186,4011,-1974
17193,23621,7718,16370,7251,823,-702
15461,19352,5873,15212,4140,249,254
18040,29093,10778,15074,14019,2966,-1944
15668,19925,6122,15362,4563,306,109
17136,23431,7625,16362,7069,774,-601
4740,4947,1289,4738,209,2,888
17846,29936,11483,13940,15996,3906,-1982
13794,16447,4806,13670,2777,124,738
17563,25177,8498,16362,8815,1201,-1042
16802,32765,15066,5266,27499,11536,-1062
16816,32760,14979,5604,27156,11212,-1144
11187,12583,3503,11154,1429,33,1143
17476,31506,12975,11112,20394,6364,-1960
7171,7694,2055,7168,526,3,1156
18007,28665,10518,15258,13407,2749,-1837
14525,17677,5249,14358,3319,167,574
14775,18039,5374,14582,3457,193,500
10806,12139,3377,10770,1369,36,1229
17654,30994,12409,12352,18642,5302,-2030
18020,27543,9778,15974,11569,2046,-1646
16171,21081,6614,15706,5375,465,-111
17585,31282,12680,11844,19438,5741,-2021
11802,13534,3827,11760,1774,42,1065
17588,24955,8345,16530,8425,1058,-1027
17728,25622,8699,16448,9174,1280,-1245
17744,25965,8903,16318,9647,1426,-1247
14344,17435,5172,14182,3253,162,595
18068,28345,10289,15534,12811,2534,-1819
16197,21029,6571,15774,5255,423,-54
18052,28069,10113,15686,12383,2366,-1744
13401,15926,4636,13308,2618,93,831
15517,19580,5992,15192,4388,325,229
16530,21775,6876,16046,5729,484,-286
16642,33018,16233,1104,31914,15538,-144
15248,19002,5743,15032,3970,216,312
16674,32957,15838,2562,30395,14112,-478
18071,27982,10041,15800,12182,2271,-1723
4860,5046,1308,4860,186,0,941
17448,24202,7971,16520,7682,928,-842
11269,12811,3601,11218,1593,51,1097
11414,12928,3622,11368,1560,46,1075
17307,23845,7803,16478,7367,829,-760
11831,13516,3813,11780,1736,51,1070
17936,28405,10390,15250,13155,2686,-1759
17157,23529,7669,16382,7147,775,-704
17968,29440,11066,14616,14824,3352,-1969
14922,18498,5568,14724,3774,198,400
7200,7701,2051,7198,503,2,1163
17931,29357,11023,14622,14735,3309,-1960
17164,23982,7932,16236,7746,928,-763
17699,25482,8636,16420,9062,1279,-1144
17710,25518,8638,16484,9034,1226,-1159
17806,30129,11641,13694,16435,4112,-2043
16311,21008,6525,15916,5092,395,-80
4688,4866,1261,4688,178,0,925
17991,28053,10123,15614,12439,2377,-1727
17784,30106,11685,13472,16634,4312,-1943
17314,23932,7840,16504,7428,810,-789
17860,30385,11850,13370,17015,4490,-2021
7611,8183,2189,7610,573,1,1193
16857,32720,14934,5704,27016,11153,-1150
8487,9262,2511,8480,782,7,1196
16445,21410,6712,15972,5438,473,-169
14699,17778,5251,14552,3226,147,504
17526,24693,8220,16506,8187,1020,-948
17800,26642,9287,16136,10506,1664,-1426
17104,23365,7594,16354,7011,750,-586
13872,16771,4958,13710,3061,162,623
17947,29871,11395,14162,15709,3785,-2006
6215,6579,1737,6210,369,5,1075
15293,18987,5725,15074,3913,219,332
17790,25708,8721,16532,9176,1258,-1244
18003,27411,9700,16022,11389,1981,-1581
17472,24557,8152,16506,8051,966,-935
18080,27544,9753,16076,11468,2004,-1634
17631,24773,8236,16602,8171,1029,-963
17625,31219,12613,11986,19233,5639,-2035
18018,28935,10679,15154,13781,2864,-1900
5125,5346,1392,5124,222,1,978
17753,25762,8776,16420,9342,1333,-1202
13953,16707,4893,13842,2865,111,635
11577,13239,3737,11530,1709,47,1073
17965,28168,10200,15536,12632,2429,-1733
17886,29851,11399,14106,15745,3780,-2001
17973,28385,10358,15338,13047,2635,-1768
15819,20036,6144,15496,4540,323,175
11549,13124,3688,11496,1628,53,1106
17574,25085,8430,16450,8635,1124,-1091
17905,26902,9414,16148,10754,1757,-1468
1172,1182,298,1172,10,0,275
17283,32013,13573,9734,22279,7549,-1825
3028,3110,798,3028,82,0,650
17331,31895,13415,10130,21765,7201,-1873
17990,27364,9675,16028,11336,1962,-1558
15556,19642,6008,15252,4390,304,215
18001,29324,10958,14816,14508,3185,-1974
18001,28553,10448,15314,13239,2687,-1821
14405,17572,5226,14240,3332,165,532
17014,32408,14316,7552,24856,9462,-1466
13500,15970,4633,13408,2562,92,801
14981,18649,5633,14766,3883,215,382
17941,27661,9903,15710,11951,2231,-1615
4348,4514,1170,4348,166,0,865
17992,27083,9512,16118,10965,1874,-1523
18030,28007,10071,15730,12277,2300,-1743
15147,18963,5750,14926,4037,221,316
15209,19025,5775,14950,4075,259,281
17901,26350,9073,16408,9942,1493,-1352
16524,21820,6912,15992,5828,532,-288
17309,24011,7900,16422,7589,887,-779
17219,23358,7543,16544,6814,675,-657
1614,1635,414,1614,21,0,377
17117,32287,14044,8398,23889,8719,-1625
17947,26768,9317,16268,10500,1679,-1434
12119,13928,3950,12056,1872,63,1034
17024,23252,7564,16248,7004,776,-610
17767,30354,11838,13356,16998,4411,-2013
10602,11881,3296,10578,1303,24,1182
14382,17630,5269,14184,3446,198,555
17645,25035,8388,16518,8517,1127,-1058
17993,26838,9331,16352,10486,1641,-1528
9021,9888,2691,9012,876,9,1222
12733,14918,4293,12664,2254,69,937
16520,21650,6810,16060,5590,460,-236
17221,32117,13769,9158,22959,8063,-1736
16501,21713,6851,16022,5691,479,-287
17779,26478,9206,16132,10346,1647,-1363
17656,25363,8569,16450,8913,1206,-1148
9723,10758,2951,9712,1046,11,1213
16899,22769,7327,16230,6539,669,-495
18130,28603,10447,15418,13185,2712,-1873
17327,31811,13341,10258,21553,7069,-1876
17221,23297,7512,16546,6751,675,-618
17491,31348,12776,11592,19756,5899,-1979
16815,32779,15072,5270,27509,11545,-1071
16914,32611,14701,6418,26193,10496,-1286
17227,32076,13672,9464,22612,7763,-1784
16956,32539,14503,7066,25473,9890,-1404
17807,25313,8503,16614,8699,1193,-1117
15973,20659,6433,15586,5073,387,0
17156,32263,13985,8586,23677,8570,-1655
17954,28147,10182,15566,12581,2388,-1723
17082,32360,14174,8024,24336,9058,-1560
17807,25495,8614,16534,8961,1273,-1160
15948,20308,6255,15596,4712,352,82
11868,13588,3840,11816,1772,52,1061
17156,32175,13865,8890,23285,8266,-1689
18015,28373,10331,15422,12951,2593,-1789
18051,26986,9416,16308,10678,1743,-1521
15076,18634,5600,14868,3766,208,389
14848,18354,5519,14632,3722,216,439
15731,19940,6119,15404,4536,327,159
17623,24555,8107,16682,7873,941,-928
3426,3525,906,3426,99,0,723
18036,28089,10104,15762,12327,2274,-1774
15459,19410,5907,15192,4218,267,231
10468,11708,3242,10448,1260,20,1175
16469,21409,6698,16026,5383,443,-227
17984,29102,10815,14944,14158,3040,-1917
17538,31310,12767,11552,19758,5986,-1968
17757,25324,8515,16588,8736,1169,-1107
13729,16500,4848,13608,2892,121,725
17379,31794,13289,10432,21362,6947,-1894
17675,30842,12276,12580,18262,5095,-2031
17885,28707,10634,14878,13829,3007,-1798
17347,24117,7949,16438,7679,909,-776
16648,21982,6959,16128,5854,520,-316
17629,30899,12347,12410,18489,5219,-2003
18102,27410,9651,16216,11194,1886,-1631
17817,25327,8504,16638,8689,1179,-1127
17898,29934,11433,14136,15798,3762,-2042
18030,27432,9705,16044,11388,1986,-1612
12471,14493,4149,12390,2103,81,979
18116,26590,9146,16596,9994,1520,-1446
14959,18443,5534,14750,3693,209,444
17955,29444,11056,14664,14780,3291,-1969
18113,27175,9512,16302,10873,1811,-1571
16883,32691,14839,6026,26665,10857,-1222
15331,19222,5843,15072,4150,259,247
7897,8521,2288,7890,631,7,1161
17965,27436,9709,16036,11400,1929,-1626
15991,20629,6414,15602,5027,389,-6
16706,32930,15546,3676,29254,13030,-745
6651,7065,1871,6646,419,5,1101
17808,25795,8787,16442,9353,1366,-1193
17573,31006,12448,12220,18786,5353,-2008
17504,24631,8182,16534,8097,970,-968
15661,19948,6136,15352,4596,309,152
17105,32237,13972,8586,23651,8519,-1643
15668,19682,5991,15400,4282,268,147
15912,20279,6245,15578,4701,334,3
15224,18949,5725,14998,3951,226,325
17540,24833,8300,16466,8367,1074,-1003
10558,11914,3326,10524,1390,34,1161
17284,23528,7624,16560,6968,724,-695
13506,16032,4664,13408,2624,98,828
17190,23489,7629,16462,7027,728,-642
14835,18367,5530,14614,3753,221,444
17439,31571,13070,10862,20709,6577,-1915
17890,26463,9147,16338,10125,1552,-1392
17287,31905,13490,9850,22055,7437,-1805
17495,24481,8114,16506,7975,989,-904
17876,26644,9261,16244,10400,1632,-1425
16314,21293,6678,15874,5419,440,-173
17763,25723,8758,16414,9309,1349,-1181
17796,25562,8639,16568,8994,1228,-1214
15792,20136,6206,15448,4688,344,61
13939,16748,4918,13824,2924,115,730
17755,25562,8657,16496,9066,1259,-1157
12402,14346,4088,12340,2006,62,1027
17586,25137,8471,16390,8747,1196,-1050
688,690,173,688,2,0,168
16167,20863,6485,15786,5077,381,-112
17206,23621,7714,16386,7235,820,-671
17583,25139,8459,16442,8697,1141,-1070
14967,18485,5553,14758,3727,209,453
17986,27039,9471,16194,10845,1792,-1493
17939,29593,11174,14490,15103,3449,-2005
18042,27643,9840,15926,11717,2116,-1666
15774,20028,6147,15468,4560,306,133
16926,22414,7107,16400,6014,526,-438
6635,7055,1869,6634,421,1,1134
18011,28749,10569,15222,13527,2789,-1856
13097,15354,4422,13020,2334,77,892
17343,24010,7875,16520,7490,823,-831
15777,20117,6198,15442,4675,335,82
18107,28223,10172,15758,12465,2349,-1763
15037,18633,5616,14802,3831,235,402
17047,22991,7401,16378,6613,669,-524
8670,9435,2552,8662,773,8,1210
16985,32478,14385,7416,25062,9569,-1459
17450,31679,13097,10970,20709,6480,-1986
18031,29631,11184,14526,15105,3505,-1995
17492,24911,8352,16414,8497,1078,-1032
16996,32569,14507,7110,25459,9886,-1430
17927,28603,10526,15102,13501,2825,-1777
11424,12994,3652,11380,1614,44,1143
17590,31142,12574,11988,19154,5602,-2011
17927,26857,9371,16230,10627,1697,-1496
17538,24870,8337,16392,8478,1146,-983
17245,23962,7900,16324,7638,921,-754
17688,25396,8574,16496,8900,1192,-1151
17872,25795,8754,16574,9221,1298,-1253
44,44,11,44,0,0,11
16922,32589,14619,6702,25887,10220,-1337
17260,32046,13649,9496,22550,7764,-1776
17934,29780,11323,14268,15512,3666,-1992
10384,11620,3219,10364,1256,20,1195
17661,25147,8442,16526,8621,1135,-1057
17922,29903,11409,14170,15733,3752,-2033
17578,24882,8323,16472,8410,1106,-982
14989,18644,5634,14752,3892,237,342
11016,12410,3460,10980,1430,36,1149
17694,25170,8432,16612,8558,1082,-1099
15143,18740,5640,14920,3820,223,377
16773,22200,7038,16248,5952,525,-333
16324,21377,6718,15882,5495,442,-218
7211,7772,2085,7204,568,7,1168
17562,24416,8044,16656,7760,906,-917
17646,25195,8480,16470,8725,1176,-1108
15992,20593,6393,15614,4979,378,25
17892,27563,9838,15774,11789,2118,-1603
17815,30175,11689,13594,16581,4221,-2008
17885,30103,11561,13962,16141,3923,-2069
17984,26762,9308,16292,10470,1692,-1463
11691,13344,3760,11648,1696,43,1051
16529,21694,6829,16072,5622,457,-241
18021,28967,10706,15110,13857,2911,-1904
7821,8440,2267,7812,628,9,1200
17098,32307,14023,8522,23785,8576,-1663
13012,15339,4442,12910,2429,102,880
16035,20476,6322,15664,4812,371,24
16996,32540,14464,7224,25316,9772,-1442
16621,21797,6870,16114,5683,507,-307
10144,11300,3119,10124,1176,20,1246
17600,24967,8364,16478,8489,1122,-1008
8061,8736,2355,8052,684,9,1168
16562,21919,6962,15990,5929,572,-259
10208,11445,3178,10178,1267,30,1210
15935,20389,6296,15594,4795,341,87
16561,21831,6908,16030,5801,531,-277
17582,24887,8315,16514,8373,1068,-1019
14156,17129,5070,13978,3151,178,653
16827,32758,15050,5316,27442,11511,-1071
9030,9876,2684,9016,860,14,1211
14793,18244,5478,14576,3668,217,477
16772,32843,15269,4610,28233,12162,-936
16766,32835,15299,4474,28361,12292,-899
13664,16226,4723,13560,2666,104,787
17882,27007,9493,16042,10965,1840,-1495
17939,28586,10499,15176,13410,2763,-1802
16789,22326,7109,16216,6110,573,-411
17954,28626,10524,15156,13470,2798,-1831
17094,23066,7421,16448,6618,646,-571
17423,24384,8075,16468,7916,955,-864
16642,33018,16287,888,32130,15754,-90
17344,31743,13272,10398,21345,6946,-1864
17930,26045,8887,16542,9503,1388,-1307
16034,20670,6421,15656,5014,378,11
15009,18508,5551,14812,3696,197,430
17632,24625,8143,16678,7947,954,-927
17911,29750,11307,14272,15478,3639,-1995
17883,26344,9079,16372,9972,1511,-1371
17298,23740,7744,16504,7236,794,-710
16812,32805,15088,5258,27547,11554,-1077
13059,15351,4434,12966,2385,93,926
17107,32287,14044,8398,23889,8709,-1617
16653,33002,16071,1720,31282,14933,-292
17472,24510,8131,16496,8014,976,-877
5733,6030,1582,5732,298,1,1017
16221,20912,6501,15820,5092,401,-46
18023,26873,9362,16298,10575,1725,-1501
17779,30628,12071,12972,17656,4807,-2014
11654,13266,3729,11616,1650,38,1080
18010,27045,9465,16230,10815,1780,-1530
14543,17723,5270,14366,3357,177,570
17665,25160,8463,16468,8692,1197,-1048
12892,15068,4329,12820,2248,72,960
17906,26261,9023,16430,9831,1476,-1343
18049,28713,10531,15302,13411,2747,-1889
18059,27351,9619,16226,11125,1833,-1606
17691,30720,12184,12704,18016,4987,-2005
14829,18233,5459,14630,3603,199,406
17470,24145,7927,16582,7563,888,-842
14928,18347,5494,14718,3629,210,405
17721,30320,11845,13260,17060,4461,-1971
17798,30209,11707,13590,16619,4208,-2031
17716,26145,9019,16214,9931,1502,-1254
17765,30412,11865,13364,17048,4401,-2056
17626,25000,8367,16532,8468,1094,-1088
17939,28916,10723,14940,13976,2999,-1841
15916,20233,6219,15590,4643,326,56
14829,18276,5477,14644,3632,185,490
17942,27317,9657,16006,11311,1936,-1585
14730,18052,5391,14540,3512,190,449
18007,27600,9810,15960,11640,2047,-1636
17413,24149,7944,16522,7627,891,-833
2018,2043,517,2018,25,0,470
16734,22135,7018,16198,5937,536,-355
6728,7155,1896,6726,429,2,1157
6587,7020,1864,6584,436,3,1120
13669,16285,4757,13542,2743,127,787
17922,29694,11276,14284,15410,3638,-1996
17023,32383,14260,7726,24657,9297,-1499
7624,8210,2200,7620,590,4,1195
17095,32282,14010,8524,23758,8571,-1646
10079,11214,3091,10064,1150,15,1225
11591,13254,3739,11552,1702,39,1078
4512,4708,1226,4512,196,0,863
17485,24155,7909,16674,7481,811,-855
17336,31893,13450,9986,21907,7350,-1834
16730,22357,7146,16130,6227,600,-389
17490,31428,12925,11156,20272,6334,-1922
16657,32998,16014,1940,31058,14717,-343
17281,23834,7792,16500,7334,781,-744
14676,17990,5371,14496,3494,180,505
17968,28938,10710,15036,13902,2932,-1879
17465,24199,7958,16566,7633,899,-845
17940,27580,9840,15800,11780,2140,-1617
15940,20240,6218,15608,4632,332,34
17007,32451,14333,7570,24881,9437,-1491
8853,9715,2647,8842,873,11,1221
17730,25368,8547,16548,8820,1182,-1102
16359,20965,6487,15982,4983,377,-73
16946,32528,14476,7152,25376,9794,-1418
16875,32688,14784,6240,26448,10635,-1271
17045,32385,14225,7870,24515,9175,-1532
14342,17538,5230,14156,3382,186,580
17748,30345,11826,13386,16959,4362,-2041
17794,30525,11918,13378,17147,4416,-2105
13368,15844,4604,13272,2572,96,843
15300,19130,5804,15044,4086,256,277
11004,12466,3489,10976,1490,28,1132
8886,9655,2608,8878,777,8,1225
18072,27823,9953,15834,11989,2238,-1698
16665,32967,15913,2282,30685,14383,-413
17813,26132,8983,16332,9800,1481,-1293
2208,2254,575,2208,46,0,495
15953,20390,6303,15568,4822,385,35
17688,25394,8571,16504,8890,1184,-1132
9780,10846,2984,9756,1090,24,1207
17579,31216,12649,11836,19380,5743,-1996
4634,4815,1249,4634,181,0,914
18016,28579,10458,15326,13253,2690,-1824
14465,17700,5273,14308,3392,157,566
16161,20890,6509,15744,5146,417,-43
8149,8873,2402,8138,735,11,1162
17535,31186,12646,11788,19398,5747,-1979
17952,29484,11108,14536,14948,3416,-1962
16665,32958,15810,2676,30282,13989,-508
18067,28386,10307,15544,12842,2523,-1818
15833,20084,6164,15512,4572,321,130
15149,18912,5725,14924,3988,225,323
16601,21860,6915,16060,5800,541,-251
11620,13285,3749,11574,1711,46,1093
4028,4154,1070,4028,126,0,812
16810,22237,7057,16246,5991,564,-334
18025,27254,9580,16188,11066,1837,-1580
15388,19319,5876,15134,4185,254,269
18005,28103,10121,15722,12381,2283,-1768
11312,12905,3633,11278,1627,34,1074
15031,18775,5692,14782,3993,249,393
17756,26088,8975,16276,9812,1480,-1282
17223,31984,13632,9440,22544,7783,-1742
17882,26552,9193,16332,10220,1550,-1437
17964,26230,8969,16584,9646,1380,-1367
17822,30145,11665,13630,16515,4192,-2006
4688,4884,1270,4688,196,0,894
17861,30340,11782,13552,16788,4309,-2058
16644,33014,16225,1128,31886,15516,-148
10531,11750,3245,10520,1230,11,1197
17937,26454,9128,16396,10058,1541,-1377
16101,20717,6424,15738,4979,363,-31
6231,6602,1744,6228,374,3,1085
11271,12901,3643,11230,1671,41,1084
16878,32694,14825,6088,26606,10790,-1238
16815,22315,7085,16290,6025,525,-414
17161,23424,7614,16392,7032,769,-685
16955,32581,14552,6954,25627,10001,-1394
7628,8277,2233,7622,655,6,1154
17231,23598,7688,16444,7154,787,-676
17905,26147,8961,16450,9697,1455,-1281
15223,18951,5731,14978,3973,245,381
17654,25308,8535,16476,8832,1178,-1085
2894,2963,758,2894,69,0,639
17278,31974,13512,9900,22074,7378,-1835
17995,29419,11038,14686,14733,3309,-1979
17291,31961,13509,9886,22075,7405,-1851
17142,23368,7592,16368,7000,774,-663
11122,12562,3508,11092,1470,30,1125
17796,30306,11778,13500,16806,4296,-2037
15286,19013,5744,15050,3963,236,322
14751,18087,5408,14542,3545,209,541
17917,27542,9811,15840,11702,2077,-1610
15396,19275,5851,15146,4129,250,233
14726,17989,5356,14554,3435,172,500
16922,22730,7285,16320,6410,602,-512
16465,21862,6945,15944,5918,521,-278
16928,32597,14613,6742,25855,10186,-1351
11206,12566,3486,11188,1378,18,1138
17657,25160,8445,16540,8620,1117,-1070
16863,22556,7210,16272,6284,591,-476
11916,13723,3891,11882,1841,34,1072
17737,25709,8767,16350,9359,1387,-1212
17720,25656,8717,16444,9212,1276,-1215
5088,5300,1378,5088,212,0,981
17428,31459,12934,11182,20277,6246,-1947
10447,11716,3253,10420,1296,27,1164
17957,29189,10879,14862,14327,3095,-1927
17478,24790,8299,16384,8406,1094,-962
15547,19580,5970,15280,4300,267,172
17806,26174,9015,16288,9886,1518,-1289
15983,20398,6285,15656,4742,327,11
8566,9335,2528,8558,777,8,1183
16284,21277,6685,15814,5463,470,-156
15187,19085,5816,14906,4179,281,319
7209,7687,2042,7206,481,3,1197
17076,23204,7517,16340,6864,736,-596
17706,25223,8471,16562,8661,1144,-1115
17540,31343,12761,11642,19701,5898,-2027
17553,24686,8199,16576,8110,977,-959
17796,25754,8755,16488,9266,1308,-1183
17451,23909,7792,16650,7259,801,-791
17662,25046,8367,16624,8422,1038,-1034
14838,18380,5537,14612,3768,226,429
5274,5541,1452,5274,267,0,1002
17513,24818,8294,16460,8358,1053,-991
14538,17779,5297,14370,3409,168,574
17420,24535,8145,16490,8045,930,-920
14196,17174,5078,14036,3138,160,591
17534,31293,12728,11674,19619,5860,-1986
17898,26812,9371,16140,10672,1758,-1457
17625,31047,12465,12234,18813,5391,-2031
16809,32816,15172,4944,27872,11865,-1004
14427,17548,5213,14244,3304,183,590
17397,24042,7892,16516,7526,881,-828
17344,24022,7897,16456,7566,888,-775
16874,32659,14745,6338,26321,10536,-1274
17834,29688,11328,14064,15624,3770,-1926
17968,26792,9335,16244,10548,1724,-1448
16807,22263,7078,16214,6049,593,-384
9927,11021,3033,9910,1111,17,1205
17965,29409,11042,14650,14759,3315,-1961
2250,2291,583,2250,41,0,505
16948,32600,14639,6644,25956,10304,-1328
7900,8521,2287,7894,627,6,1204
17511,24570,8159,16504,8066,1007,-923
17961,27717,9908,15802,11915,2159,-1636
5032,5305,1395,5030,275,2,943
16930,32621,14677,6534,26087,10396,-1310
17239,32147,13740,9334,22813,7905,-1783
11630,13302,3755,11584,1718,46,1067
12946,15262,4417,12856,2406,90,883
17219,23592,7686,16440,7152,779,-672
16894,22607,7230,16294,6313,600,-446
16732,32875,15459,3914,28961,12818,-776
13577,16121,4695,13462,2659,115,761
16700,32936,15668,3200,29736,13500,-629
16208,20779,6438,15806,4973,402,7
16523,21549,6754,16082,5467,441,-245
13205,15628,4536,13112,2516,93,847
17747,25779,8778,16446,9333,1301,-1253
17886,26675,9298,16158,10517,1728,-1432
16646,33010,16158,1388,31622,15258,-211
17209,23349,7549,16502,6847,707,-634
18051,28661,10504,15306,13355,2745,-1838
17995,28698,10566,15132,13566,2863,-1803
17657,25379,8586,16414,8965,1243,-1082
17536,24670,8193,16568,8102,968,-978
9168,10165,2796,9146,1019,22,1168
17530,31368,12823,11444,19924,6086,-1967
17622,31003,12469,12130,18873,5492,-1982
17560,25097,8453,16382,8715,1178,-1029
3186,3279,843,3186,93,0,673
16653,32995,15987,2042,30953,14611,-367
17749,25792,8792,16416,9376,1333,-1243
16660,32989,15981,2054,30935,14606,-367
13414,15852,4593,13332,2520,82,821
17426,31629,13172,10570,21059,6856,-1863
13670,16421,4827,13534,2887,136,706
17285,31945,13530,9770,22175,7515,-1806
18061,29268,10885,14996,14272,3065,-1970
17942,26967,9441,16170,10797,1772,-1490
17381,24335,8052,16462,7873,919,-878
9711,10839,2996,9694,1145,17,1227
17970,27087,9513,16122,10965,1848,-1479
17915,26590,9234,16244,10346,1671,-1395
5284,5544,1451,5284,260,0,991
15175,18698,5612,14948,3750,227,363
12893,14999,4295,12818,2181,75,961
12350,14320,4087,12292,2028,58,997
16673,32977,15817,2686,30291,13987,-520
15356,19086,5765,15112,3974,244,263
16820,22531,7207,16234,6297,586,-470
17735,30517,11974,13138,17379,4597,-2012
18048,28038,10077,15768,12270,2280,-1729
16673,32968,15835,2596,30372,14077,-492
12650,14637,4170,12594,2043,56,979
16580,21552,6747,16116,5436,464,-198
12524,14617,4195,12454,2163,70,963
17626,31017,12403,12422,18595,5204,-2063
17547,24438,8060,16636,7802,911,-891
16996,32426,14323,7560,24866,9436,-1471
17070,32355,14189,7954,24401,9116,-1542
13942,16731,4915,13802,2929,140,679
5914,6241,1642,5914,327,0,1050
16976,32516,14436,7288,25228,9688,-1447
17196,32144,13791,9124,23020,8072,-1733
17593,24806,8256,16588,8218,1005,-992
7897,8565,2310,7890,675,7,1149
13449,15932,4629,13348,2584,101,802
6408,6801,1799,6406,395,2,1075
17195,32071,13762,9094,22977,8101,-1686
7886,8476,2268,7880,596,6,1187
10604,11858,3285,10576,1282,28,1181
17351,31700,13217,10532,21168,6819,-1890
16970,22812,7314,16368,6444,602,-497
17282,23719,7742,16470,7249,812,-666
9541,10503,2869,9530,973,11,1212
15765,20324,6312,15400,4924,365,32
6482,6881,1820,6482,399,0,1098
6532,6957,1846,6530,427,2,1102
17982,29357,11010,14674,14683,3308,-1927
11140,12592,3519,11108,1484,32,1159
17820,26056,8930,16392,9664,1428,-1271
17811,25325,8481,16726,8599,1085,-1188
7689,8314,2236,7684,630,5,1165
16055,20582,6370,15684,4898,371,31
17965,28193,10228,15474,12719,2491,-1762
16891,22733,7302,16258,6475,633,-495
17893,30050,11548,13908,16142,3985,-2002
17175,23408,7598,16424,6984,751,-612
17229,32057,13654,9498,22559,7731,-1788
15426,19219,5814,15182,4037,244,216
17057,23141,7477,16374,6767,683,-613
16904,22599,7224,16302,6297,602,-464
17457,24425,8086,16506,7919,951,-872
15779,20135,6213,15418,4717,361,74
17962,26855,9379,16194,10661,1768,-1440
17678,30799,12223,12706,18093,4972,-2039
15770,19883,6065,15506,4377,264,118
18064,29036,10738,15120,13916,2944,-1948
16222,21044,6571,15804,5240,418,-64
18030,29674,11195,14568,15106,3462,-2040
15706,20181,6254,15346,4835,360,56
172,172,43,172,0,0,43
5078,5336,1399,5076,260,2,941
12528,14616,4195,12452,2164,76,946
17845,26333,9083,16334,9999,1511,-1359
16915,32587,14606,6750,25837,10165,-1347
17898,30118,11570,13956,16162,3942,-2066
17732,30461,11941,13158,17303,4574,-1981
17444,31594,13049,10992,20602,6452,-1951
17362,31493,13015,10926,20567,6436,-1892
6026,6345,1666,6026,319,0,1076
16811,32755,15052,5302,27453,11509,-1063
15716,19891,6090,15422,4469,294,132
17650,24831,8250,16662,8169,988,-999
13733,16322,4754,13628,2694,105,708
15711,19723,6008,15414,4309,297,190
8222,8964,2429,8212,752,10,1173
17893,26359,9086,16374,9985,1519,-1348
14221,17150,5061,14056,3094,165,650
17917,29407,11077,14506,14901,3411,-1927
16945,22864,7353,16316,6548,629,-506
11520,13068,3664,11480,1588,40,1150
15685,19894,6093,15416,4478,269,129
13922,16834,4973,13776,3058,146,714
9841,10911,3000,9822,1089,19,1228
18039,29460,11036,14776,14684,3263,-2022
16831,22622,7259,16208,6414,623,-477
16521,21860,6938,15968,5892,553,-259
13326,15858,4625,13216,2642,110,810
17244,31993,13606,9562,22431,7682,-1778
12280,14174,4029,12232,1942,48,1025
16262,21152,6624,15808,5344,454,-104
17598,24654,8164,16652,8002,946,-998
15924,20454,6338,15556,4898,368,16
8753,9512,2571,8740,772,13,1221
17323,23503,7600,16606,6897,717,-705
4978,5190,1351,4976,214,2,962
17348,24081,7929,16446,7635,902,-812
11978,13689,3861,11934,1755,44,1079
17581,25113,8445,16446,8667,1135,-1056
17947,27324,9676,15944,11380,2003,-1554
16966,22753,7298,16314,6439,652,-492
15689,19929,6124,15362,4567,327,85
17920,26518,9158,16404,10114,1516,-1432
17583,24805,8259,16574,8231,1009,-1049
17111,32356,14122,8224,24132,8887,-1606
18053,27707,9879,15898,11809,2155,-1670
17539,24396,8058,16560,7836,979,-888
18008,28753,10570,15226,13527,2782,-1841
18038,29208,10874,14920,14288,3118,-1942
17276,24031,7930,16342,7689,934,-787
17142,23257,7529,16398,6859,744,-611
17634,25058,8395,16536,8522,1098,-1079
17800,25862,8814,16468,9394,1332,-1241
17641,30987,12407,12346,18641,5295,-2028
17702,30846,12236,12748,18098,4954,-2062
17481,24659,8213,16466,8193,1015,-921
5132,5365,1400,5130,235,2,965
5899,6233,1642,5898,335,1,1046
4776,4970,1291,4776,194,0,912
16925,32609,14634,6682,25927,10243,-1344
11764,13450,3794,11724,1726,40,1098
4855,5067,1320,4854,213,1,926
10643,11924,3308,10616,1308,27,1213
18023,27349,9654,16082,11267,1941,-1594
17945,27253,9612,16058,11195,1887,-1586
17803,25440,8559,16644,8796,1159,-1127
17381,24165,7949,16534,7631,847,-840
18054,27404,9681,16084,11320,1970,-1587
17469,31289,12773,11486,19803,5983,-1933
17736,30608,12058,12984,17624,4752,-2031
9021,9843,2670,9006,837,15,1199
18050,28150,10131,15776,12374,2274,-1775
17955,26693,9264,16330,10363,1625,-1442
17928,26606,9228,16300,10306,1628,-1373
17263,32096,13680,9472,22624,7791,-1799
4546,4729,1228,4546,183,0,897
16777,22497,7216,16130,6367,647,-440
16723,32943,15592,3518,29425,13205,-711
8344,9017,2425,8334,683,10,1290
2812,2896,745,2812,84,0,608
16961,32496,14464,7136,25360,9825,-1402
15991,20427,6296,15670,4757,321,42
17347,23919,7830,16518,7401,829,-808
12740,14811,4237,12674,2137,66,937
15883,20239,6237,15530,4709,353,55
17528,31268,12710,11696,19572,5832,-1983
3635,3732,958,3632,100,3,751
16683,32938,15702,3068,29870,13615,-595
15544,19770,6078,15228,4542,316,179
17349,31765,13282,10402,21363,6947,-1885
5248,5493,1435,5246,247,2,978
17562,31546,12936,11348,20198,6214,-2013
18031,29155,10828,14998,14157,3033,-1945
17998,28232,10219,15588,12644,2410,-1774
16034,20549,6356,15674,4875,360,-33
16442,21564,6795,15948,5616,494,-178
17912,26785,9336,16226,10559,1686,-1460
17923,30208,11627,13908,16300,4015,-2078
17708,25316,8512,16584,8732,1124,-1140
7023,7512,2001,7020,492,3,1128
17353,31652,13173,10612,21040,6741,-1885
17835,26489,9181,16254,10235,1581,-1346
5395,5649,1476,5394,255,1,987
17961,27380,9697,15972,11408,1989,-1618
17628,24747,8226,16590,8157,1038,-1000
15709,19972,6130,15424,4548,285,87
16661,32971,15924,2246,30725,14415,-407
16863,32691,14844,6006,26685,10857,-1212
17691,30370,11899,13144,17226,4547,-1964
18058,28039,10087,15730,12309,2328,-1702
9209,10150,2776,9196,954,13,1178
18018,27797,9959,15758,12039,2260,-1682
12021,13809,3909,11982,1827,39,1038
16560,21619,6777,16130,5489,430,-274
18116,28343,10226,15782,12561,2334,-1836
14457,17654,5259,14272,3382,185,562
17987,29471,11080,14622,14849,3365,-1972
2378,2415,613,2378,37,0,541
17712,30721,12162,12794,17927,4918,-2023
17418,24263,7993,16554,7709,864,-858
17463,31688,13172,10688,21000,6775,-1911
16584,21909,6943,16046,5863,538,-281
17819,30214,11720,13548,16666,4271,-2011
17186,23029,7374,16562,6467,624,-591
17367,31839,13366,10214,21625,7153,-1865
17965,29025,10770,14970,14055,2995,-1904
17927,26281,9011,16518,9763,1409,-1365
16323,21475,6788,15798,5677,525,-195
1212,1222,308,1212,10,0,285
16420,21374,6695,15968,5406,452,-163
14492,17703,5272,14318,3385,174,558
17587,31109,12519,12142,18967,5445,-2035
16932,22754,7302,16300,6454,632,-511
17874,26549,9215,16238,10311,1636,-1389
17640,31036,12469,12196,18840,5444,-2022
18127,28363,10257,15698,12665,2429,-1816
17518,24929,8367,16390,8539,1128,-995
17757,30078,11630,13636,16442,4121,-1980
17065,32372,14169,8068,24304,8997,-1575
12304,14259,4072,12230,2029,74,1019
18031,29202,10869,14928,14274,3103,-1943
17859,29806,11391,14048,15758,3811,-1968
17036,32424,14273,7756,24668,9280,-1530
16721,32900,15515,3740,29160,12981,-746
17934,29792,11338,14232,15560,3702,-1988
17998,27366,9670,16052,11314,1946,-1616
15569,19535,5944,15294,4241,275,230
17408,31587,13094,10798,20789,6610,-1910
17616,25393,8609,16350,9043,1266,-1124
16918,22657,7250,16314,6343,604,-488
17391,31747,13244,10518,21229,6873,-1902
17377,23889,7801,16574,7315,803,-741
17758,30565,12031,13006,17559,4752,-2023
17990,28852,10628,15192,13660,2798,-1889
14602,17854,5323,14416,3438,186,509
16972,22641,7217,16414,6227,558,-482
17291,31830,13427,9952,21878,7339,-1787
17814,26298,9079,16280,10018,1534,-1340
17195,23723,7772,16358,7365,837,-726
12894,15045,4316,12826,2219,68,894
8045,8702,2341,8040,662,5,1218
18097,28053,10068,15834,12219,2263,-1730
17939,28989,10760,14938,14051,3001,-1878
17987,29137,10853,14862,14275,3125,-1925
15467,19521,5965,15182,4339,285,193
10116,11230,3090,10100,1130,16,1219
18076,28725,10515,15390,13335,2686,-1886
7793,8427,2266,7790,637,3,1173
17971,29934,11411,14224,15710,3747,-2083
17719,25602,8689,16448,9154,1271,-1175
17750,25525,8641,16486,9039,1264,-1166
18053,27657,9844,15938,11719,2115,-1643
14924,18337,5491,14710,3627,214,465
16463,21591,6798,15990,5601,473,-229
17556,31409,12828,11506,19903,6050,-2013
17102,32301,14069,8326,23975,8776,-1606
17920,26453,9129,16390,10063,1530,-1411
17496,24213,7951,16622,7591,874,-848
17290,24098,7960,16356,7742,934,-808
17754,26056,8960,16272,9784,1482,-1290
18006,26844,9333,16356,10488,1650,-1508
11159,12603,3520,11126,1477,33,1144
17970,28746,10580,15172,13574,2798,-1861
17702,30676,12143,12780,17896,4922,-1992
18032,27136,9510,16232,10904,1800,-1566
16658,32989,15966,2114,30875,14544,-383
6343,6706,1768,6340,366,3,1100
16752,32861,15350,4322,28539,12430,-872
6090,6411,1683,6090,321,0,1108
7433,7955,2120,7430,525,3,1178
17989,29079,10799,14962,14117,3027,-1910
16737,32902,15489,3848,29054,12889,-773
7841,8487,2285,7834,653,7,1191
17383,24423,8117,16378,8045,1005,-849
17451,24236,7986,16528,7708,923,-865
17910,26863,9408,16094,10769,1816,-1464
11049,12572,3534,11008,1564,41,1113
17532,24077,7857,16726,7351,806,-881
7608,8182,2191,7600,582,8,1181
17967,26963,9415,16266,10697,1701,-1543
12819,14980,4301,12756,2224,63,946
13591,16227,4751,13450,2777,141,745
17968,29266,10948,14740,14526,3228,-1937
16180,20962,6539,15768,5194,412,-81
16840,22657,7264,16258,6399,582,-442
17009,23126,7482,16324,6802,685,-581
15408,19349,5886,15154,4195,254,236
17626,30923,12378,12334,18589,5292,-2002
17943,26658,9237,16368,10290,1575,-1429
17998,28807,10594,15238,13569,2760,-1896
15515,19488,5929,15260,4228,255,204
17983,29131,10849,14866,14265,3117,-1903
18037,28142,10156,15660,12482,2377,-1762
17047,32368,14197,7948,24420,9099,-1540
16631,21728,6834,16120,5608,511,-236
16282,21234,6658,15836,5398,446,-129
10478,11771,3275,10442,1329,36,1169
16730,32886,15458,3940,28946,12790,-787
15237,18943,5724,14990,3953,247,326
16985,22683,7247,16378,6305,607,-482
14061,16831,4930,13942,2889,119,674
14939,18413,5522,14738,3675,201,416
17578,24503,8100,16606,7897,972,-916
16837,32752,15004,5488,27264,11349,-1113
17914,26655,9257,16282,10373,1632,-1480
1798,1829,465,1798,31,0,418
17604,24922,8313,16592,8330,1012,-1029
15600,19730,6037,15312,4418,288,162
15109,18845,5699,14894,3951,215,345
17872,29982,11518,13892,16090,3980,-2015
18041,28029,10080,15738,12291,2303,-1762
17487,31196,12658,11760,19436,5727,-1969
16929,32578,14573,6864,25714,10065,-1371
6420,6795,1793,6418,377,2,1102
17443,31507,13005,10994,20513,6449,-1919
18044,27367,9646,16150,11217,1894,-1601
5987,6330,1669,5984,346,3,1061
17876,30207,11645,13834,16373,4042,-2077
16784,32827,15211,4810,28017,11974,-977
6084,6425,1692,6082,343,2,1073
17950,28475,10409,15314,13161,2636,-1815
15161,18926,5729,14936,3990,225,317
15702,19840,6074,15384,4456,318,153
16847,32705,14890,5850,26855,10997,-1180
16381,21246,6630,15972,5274,409,-105
17540,24953,8378,16394,8559,1146,-1024
17714,25164,8433,16596,8568,1118,-1079
17122,23192,7489,16428,6764,694,-600
7285,7780,2070,7280,500,5,1172
16099,20658,6392,15748,4910,351,-24
13736,16411,4804,13606,2805,130,774
17535,24825,8305,16430,8395,1105,-956
17563,31218,12648,11844,19374,5719,-1999
17389,24309,8035,16478,7831,911,-877
17837,30890,12212,12932,17958,4905,-2113
17277,31838,13416,10012,21826,7265,-1812
17960,29247,10922,14806,14441,3154,-1935
13605,16237,4746,13490,2747,115,753
17689,24859,8272,16630,8229,1059,-1016
17058,32296,14106,8168,24128,8890,-1568
17969,28941,10701,15078,13863,2891,-1911
16667,32996,15947,2204,30792,14463,-408
17910,29602,11220,14324,15278,3586,-1952
13127,15442,4463,13032,2410,95,848
17078,32391,14232,7854,24537,9224,-1525
18041,28036,10073,15780,12256,2261,-1754
17337,23915,7826,16526,7389,811,-762
17712,25248,8489,16540,8708,1172,-1092
17305,23526,7630,16532,6994,773,-635
17952,29564,11181,14404,15160,3548,-1958
15828,20094,6169,15512,4582,316,102
17974,27521,9791,15878,11643,2096,-1623
17871,26962,9478,16012,10950,1859,-1463
17696,25746,8779,16376,9370,1320,-1215
13799,16518,4843,13664,2854,135,745
16834,32722,14966,5580,27142,11254,-1122
17962,26888,9386,16232,10656,1730,-1468
14787,18291,5503,14570,3721,217,387
13788,16611,4885,13682,2929,106,716
17754,30633,12016,13202,17431,4552,-2102
13549,16185,4734,13434,2751,115,758
7204,7692,2046,7200,492,4,1192
11154,12656,3548,11120,1536,34,1123
17323,32043,13583,9754,22289,7569,-1845
17964,28995,10775,14890,14105,3074,-1884
17965,28416,10348,15440,12976,2525,-1786
17728,30755,12209,12674,18081,5054,-2004
17671,25145,8443,16518,8627,1153,-1062
17789,30246,11770,13412,16834,4377,-1993
17041,32308,14125,8116,24192,8925,-1560
17115,32225,13965,8590,23635,8525,-1635
16791,22379,7133,16226,6153,565,-353
17518,31336,12800,11472,19864,6046,-1954
14660,17905,5337,14462,3443,198,496
9601,10611,2909,9586,1025,15,1217
17628,30759,12270,12438,18321,5190,-1972
17709,25780,8799,16364,9416,1345,-1211
18002,28436,10341,15508,12928,2494,-1820
17482,31387,12874,11278,20109,6204,-1935
17508,24227,7954,16638,7589,870,-860
17354,31677,13235,10414,21263,6940,-1858
15987,20489,6340,15618,4871,369,35
17739,25605,8683,16478,9127,1261,-1170
1598,1615,408,1598,17,0,366
17760,25740,8757,16452,9288,1308,-1246
16447,21370,6681,16016,5354,431,-146
17641,25577,8728,16242,9335,1399,-1110
17404,24665,8245,16350,8315,1054,-945
16786,32781,15113,5110,27671,11676,-1033
17877,29956,11472,14024,15932,3853,-2017
17691,25451,8602,16494,8957,1197,-1151
15585,19599,5981,15274,4325,311,155
17789,30467,11879,13418,17049,4371,-2081
16284,21199,6628,15886,5313,398,-135
15942,20148,6159,15660,4488,282,94
10245,11444,3169,10212,1232,33,1190
15327,19121,5793,15070,4051,257,265
17673,30923,12346,12462,18461,5211,-2020
16585,21847,6909,16058,5789,527,-233
17042,32475,14325,7650,24825,9392,-1517
17468,24684,8233,16436,8248,1032,-968
17946,29907,11395,14234,15673,3712,-2035
15439,19361,5888,15170,4191,269,224
16131,20702,6421,15720,4982,411,6
17777,25413,8553,16614,8799,1163,-1141
17925,29232,10924,14768,14464,3157,-1930
17760,26052,8940,16344,9708,1416,-1290
17008,32405,14322,7522,24883,9486,-1453
17902,26204,8980,16488,9716,1414,-1320
