Points,Edges,Area,Perimeter,Contact_perimeter,TETRAPIXEL,Euler_General_8_Async
69272,96125,31633,65718,30407,3554,-3355
70909,105301,36516,64538,40763,6371,-5525
71050,119807,46165,54954,64853,16096,-8216
71845,113550,41384,61564,51986,10281,-7435
71566,110472,39513,62892,47580,8674,-6728
68264,93285,30344,65194,28091,3070,-2548
13420,13786,3538,13420,366,0,2822
27573,29416,7819,27556,1860,17,4519
55379,66378,19463,54904,11474,475,2703
71942,113192,41118,61912,51280,10030,-7408
67444,129660,57945,27540,102120,39904,-5698
70468,101948,34622,65408,36540,5060,-4867
44881,50870,14251,44736,6134,145,4480
67950,92112,29751,65220,26892,2730,-2410
51309,60248,17388,50944,9304,365,3626
71727,111787,40292,62406,49381,9321,-7009
70551,122396,48367,51324,71072,19227,-8367
68097,128582,55807,33936,94646,34161,-6779
70104,123940,49863,48428,75512,21676,-8269
34338,37441,10144,34306,3135,32,4834
66539,131001,61270,16922,114079,49617,-3686
63179,80719,24914,61782,18937,1397,226
71326,119582,45798,55972,63610,15354,-8331
69144,94956,30972,66024,28932,3120,-3128
67708,129044,56777,30980,98064,36728,-6264
71609,111660,40255,62300,49360,9309,-7053
60440,75413,22833,59494,15919,946,1202
71110,120064,46266,55064,65000,16046,-8335
70462,122256,48307,51284,70972,19178,-8292
70089,123689,49690,48618,75071,21471,-8265
71154,105865,36783,64598,41267,6556,-5735
36166,39617,10779,36118,3499,48,4794
31796,34318,9220,31756,2562,40,4794
10524,10773,2756,10522,251,2,2304
24578,26026,6872,24564,1462,14,4315
70632,121495,47695,52210,69285,18422,-8219
51684,60606,17458,51380,9226,304,3540
68009,91929,29627,65350,26579,2659,-2341
71716,112976,41103,61540,51436,10176,-7251
71494,116359,43432,58990,57369,12504,-7860
69704,97813,32457,65798,32015,3906,-3768
69833,97590,32291,66016,31574,3817,-3747
71567,111899,40432,62070,49829,9497,-6999
46103,52595,14817,45922,6673,181,4387
69857,98170,32617,65872,32298,3985,-3847
68340,93486,30428,65260,28226,3080,-2741
66110,131505,64202,6202,125303,59908,-1254
68966,95362,31285,65584,29778,3382,-3141
69934,98481,32751,65958,32523,3976,-3856
71976,112420,40589,62484,49936,9492,-7253
68371,127950,54814,36644,91306,31727,-7149
69132,126352,52712,41856,84496,27276,-7718
27344,29227,7781,27330,1897,14,4552
47028,53779,15168,46886,6893,142,4280
40842,45672,12650,40744,4928,98,4665
66077,131535,64519,4994,126541,61083,-967
71691,111369,39999,62742,48627,8949,-6962
66312,131270,62496,12556,118714,53756,-2725
69923,124427,50392,47286,77141,22637,-8227
71382,118677,45193,56582,62095,14800,-8127
68791,127155,53739,39354,87801,29437,-7457
59387,73403,22051,58602,14801,785,1685
63506,81323,25145,62066,19257,1440,130
67207,129860,58313,26468,103392,40739,-5518
57530,69886,20719,56896,12990,634,2286
36152,39676,10813,36100,3576,52,4719
69303,96982,32117,65496,31486,3807,-3531
67546,129430,57365,29400,100030,38146,-6052
69375,95905,31433,66078,29827,3297,-3362
69643,125075,51201,45346,79729,24297,-8018
71637,109601,38926,63498,46103,8139,-6579
61476,77166,23470,60452,16714,1024,826
57354,69670,20665,56680,12990,674,2282
68880,94731,30959,65626,29105,3254,-3052
33080,35901,9691,33038,2863,42,4824
58923,72484,21711,58124,14360,799,1742
60650,75334,22737,59720,15614,930,1349
71503,107433,37622,64378,43055,7125,-6111
20191,21059,5482,20190,869,1,3826
57815,70613,21040,57066,13547,749,2036
71609,110434,39437,63120,47314,8489,-6804
71510,107142,37391,64720,42422,6790,-6045
69337,95829,31410,66018,29811,3319,-3301
21627,22725,5957,21622,1103,5,3989
71547,109392,38807,63556,45836,7991,-6540
71804,109172,38528,64232,44940,7572,-6580
27945,29783,7909,27930,1853,15,4558
71596,114296,41991,60628,53668,10968,-7471
28488,30432,8099,28468,1964,20,4608
71374,118546,45067,56824,61722,14550,-8137
47856,54977,15571,47670,7307,186,4147
25556,27131,7178,25550,1581,6,4361
55738,67120,19754,55224,11896,514,2647
69335,125854,52050,43508,82346,25827,-7925
70920,121234,47276,53364,67870,17556,-8405
70797,101960,34534,65784,36176,5013,-4835
58584,71937,21514,57818,14119,766,1889
69775,98186,32668,65700,32486,4075,-3872
63274,80908,24996,61832,19076,1442,264
62673,79518,24414,61380,18138,1293,493
70538,121445,47643,52318,69127,18220,-8219
66794,130604,60166,20544,110060,46250,-4404
71801,111559,40112,62670,48889,9131,-7037
71737,114706,42208,60580,54126,11157,-7587
31170,33649,9037,31150,2499,20,4785
67707,129244,56991,30524,98720,37183,-6237
69838,97176,32027,66244,30932,3594,-3683
50572,58829,16846,50274,8555,298,3739
53384,63362,18437,52976,10386,408,3194
35028,38281,10392,34994,3287,34,4864
71606,111605,40205,62390,49215,9216,-7002
69673,98642,32968,65412,33230,4261,-3928
71681,108917,38462,63986,44931,7695,-6468
71562,111186,39964,62516,48670,9046,-6866
69670,98418,32804,65620,32798,4050,-3811
65486,85816,27015,63572,22244,1914,-938
71663,107190,37393,64808,42382,6855,-6072
51361,60190,17336,51036,9154,325,3500
51608,60629,17505,51238,9391,370,3532
56446,68166,20113,55880,12286,566,2593
53637,63653,18521,53222,10431,415,3173
9730,9923,2529,9730,193,0,2163
26172,27837,7378,26162,1675,10,4389
66111,131488,64026,6872,124616,59239,-1417
61871,77795,23717,60722,17073,1149,750
22143,23184,6057,22140,1044,3,4064
33797,36801,9958,33770,3031,27,4745
63057,80431,24783,61730,18701,1327,328
68878,94669,30944,65562,29107,3316,-2988
57754,70313,20889,57070,13243,684,2111
71367,107540,37756,64056,43484,7311,-6105
63507,81895,25452,61982,19913,1525,17
66775,88901,28320,64522,24379,2253,-1613
69520,97797,32500,65594,32203,3926,-3737
70930,103025,35122,65562,37463,5368,-5011
70698,121752,47732,52576,69176,18122,-8385
71780,115825,42987,59702,56123,12078,-7813
66052,131573,65134,2610,128963,63442,-391
70057,98653,32829,65990,32663,4067,-4066
68505,94011,30652,65414,28597,3091,-2871
67616,90650,29049,65104,25546,2512,-2065
51828,61015,17640,51470,9545,358,3474
42191,47334,13146,42084,5250,107,4705
71139,104237,35766,65410,38827,5729,-5393
68061,92669,30036,65194,27475,2867,-2598
63316,81042,25049,61888,19154,1428,72
69330,96397,31797,65606,30791,3724,-3403
43319,48685,13541,43206,5479,113,4608
71694,109071,38507,64114,44957,7580,-6544
69594,97630,32418,65588,32042,4006,-3773
68504,93976,30631,65428,28548,3076,-2864
39392,43739,12042,39310,4429,82,4713
71374,118338,44846,57292,61046,14082,-8134
70495,100176,33546,66168,34008,4327,-4492
62205,78705,24111,60966,17739,1239,670
66265,131314,62750,11628,119686,54637,-2517
70556,121837,47913,52022,69815,18534,-8365
71643,107267,37466,64670,42597,6973,-6078
71543,115110,42590,59860,55250,11683,-7599
69444,96464,31769,65852,30612,3592,-3491
35190,38494,10462,35140,3354,50,4829
16880,17440,4500,16880,560,0,3350
70089,98987,33017,65906,33081,4183,-4160
60802,75981,23046,59778,16203,1024,1169
68660,94606,30962,65364,29242,3296,-2994
53814,64118,18726,53332,10786,482,2936
69122,96008,31601,65612,30396,3510,-3350
70981,103986,35666,65308,38678,5673,-5302
71422,105247,36301,65290,39957,6132,-5579
71574,108501,38219,64126,44375,7448,-6325
60944,76013,23011,59982,16031,962,1117
65008,84027,26178,63342,20685,1666,-570
49883,57843,16511,49642,8201,241,3822
69616,97769,32452,65730,32039,3886,-3744
41434,46430,12879,41344,5086,90,4664
32003,34604,9307,31980,2624,23,4767
66146,131462,63698,8132,123330,58014,-1715
70177,99665,33372,65842,33823,4335,-4245
69018,95048,31078,65784,29264,3234,-3100
58420,71911,21558,57590,14321,830,1882
49307,57026,16242,49084,7942,223,4041
39796,44108,12125,39716,4392,80,4823
69353,125434,51681,44144,81290,25209,-7878
70440,122491,48484,51046,71445,19394,-8336
71154,119655,45953,55498,64157,15656,-8306
42466,47645,13230,42370,5275,96,4634
57107,69430,20603,56448,12982,659,2253
70890,102752,34977,65596,37156,5294,-5065
69171,126204,52521,42324,83880,26847,-7772
67867,128764,56253,32516,96248,35351,-6526
71347,118710,45198,56628,62082,14719,-8143
3994,4015,1009,3994,21,0,956
67753,91060,29213,65268,25792,2485,-2154
69965,124081,50115,47702,76379,22263,-8199
71438,116124,43333,58916,57208,12522,-7719
71480,107233,37453,64654,42579,6826,-6140
29324,31409,8379,29302,2107,22,4682
66382,88154,28030,64188,23966,2194,-1472
70078,99645,33391,65726,33919,4352,-4218
71706,113893,41644,61210,52683,10496,-7491
37235,40895,11149,37194,3701,41,4847
71829,114360,41946,60936,53424,10893,-7567
66252,131329,62825,11358,119971,54894,-2459
66106,131522,64189,6288,125234,59818,-1284
48313,55535,15747,48082,7453,231,4166
61519,77105,23438,60458,16647,1061,1006
68871,95299,31270,65518,29781,3353,-3137
64107,82440,25546,62696,19744,1411,-328
10470,10715,2740,10470,245,0,2293
57851,70548,20988,57144,13404,707,2242
58304,71180,21188,57608,13572,696,2008
70174,98494,32681,66264,32230,3910,-4090
67866,128878,56357,32328,96550,35538,-6519
71705,107428,37505,64836,42592,6869,-6192
58838,72147,21560,58054,14093,784,1970
11421,11676,2983,11420,256,1,2472
58705,71950,21483,57968,13982,737,1876
67990,92380,29882,65232,27148,2758,-2447
71160,103708,35435,65676,38032,5484,-5285
45071,51199,14371,44914,6285,157,4425
31223,33720,9059,31204,2516,19,4703
24554,25912,6819,24548,1364,6,4277
71370,117324,44212,57800,59524,13570,-7911
66947,89286,28494,64596,24690,2351,-1702
67261,129835,58333,26338,103497,40923,-5484
67157,130056,58685,25372,104684,41785,-5338
60482,75691,22980,59462,16229,1020,1201
9744,9938,2533,9744,194,0,2177
52736,62510,18167,52352,10158,384,3292
65387,85309,26769,63542,21767,1845,-791
55262,66222,19422,54756,11466,506,2734
68721,127303,53959,38770,88533,29951,-7401
23924,25200,6620,23920,1280,4,4259
58164,71094,21188,57436,13658,728,2046
66615,130903,60970,17926,112977,48689,-3889
71818,115010,42356,60596,54414,11222,-7735
71279,119425,45672,56162,63263,15117,-8327
44336,50259,14079,44202,6057,134,4416
57842,70192,20791,57220,12972,622,2164
44061,49852,13940,43944,5908,117,4462
69424,95728,31336,66112,29616,3312,-3317
70606,122228,48264,51400,70828,19206,-8276
18064,18759,4864,18062,697,2,3545
71524,117898,44487,57848,60050,13676,-8151
65642,86707,27453,63602,23105,2040,-1014
71261,105617,36545,65054,40563,6207,-5670
60145,74766,22575,59232,15534,913,1335
70389,100924,34066,65584,35340,4805,-4504
69535,96954,32053,65696,31258,3839,-3531
69870,98541,32827,65774,32767,4096,-3933
68661,94529,30892,65490,29039,3171,-2937
70613,102499,34909,65362,37137,5251,-4827
62794,79692,24458,61552,18140,1242,369
27687,29634,7900,27668,1966,19,4516
28481,30348,8056,28472,1876,9,4684
71565,110754,39703,62696,48058,8869,-6764
22133,23241,6088,22130,1111,3,4051
45169,51330,14417,44992,6338,177,4407
44431,50345,14102,44282,6063,149,4378
32973,35763,9648,32934,2829,39,4828
71110,119931,46210,55022,64909,16088,-8252
71158,120629,46709,54422,66207,16736,-8344
71365,108548,38346,63712,44836,7653,-6335
61350,77266,23571,60248,17018,1102,844
58863,72168,21541,58172,13996,691,1867
71564,108275,38052,64342,43933,7222,-6362
71218,119322,45608,56212,63110,15006,-8302
68010,91932,29637,65316,26616,2694,-2370
69293,96719,31966,65574,31145,3719,-3499
66087,131533,64320,5786,125747,60301,-1164
68706,94539,30906,65454,29085,3252,-2985
71225,119566,45905,55512,64054,15713,-8209
71868,113740,41544,61304,52436,10564,-7459
71315,106028,36812,64808,41220,6507,-5785
1792,1800,452,1792,8,0,439
71382,118408,44960,56976,61432,14406,-8133
57071,69331,20562,56414,12917,657,2449
70826,121337,47417,53006,68331,17820,-8313
19854,20737,5406,19850,887,4,3754
68498,94022,30690,65284,28738,3214,-2828
65281,84928,26581,63532,21396,1749,-674
66462,88480,28190,64200,24280,2262,-1545
2410,2417,606,2410,7,0,591
70582,101568,34372,65648,35920,4934,-4651
66485,88337,28087,64326,24011,2159,-1496
69984,99668,33433,65604,34064,4380,-4288
69512,97227,32185,65714,31513,3798,-3640
51089,59817,17215,50774,9043,315,3546
71451,109055,38634,63574,45481,7877,-6429
66550,131017,61213,17182,113835,49368,-3757
68711,127436,54026,38768,88668,29943,-7463
31247,33789,9091,31214,2575,33,4698
64397,83386,25975,62872,20514,1525,-359
69810,97537,32268,66002,31535,3808,-3807
70270,99920,33510,65800,34120,4470,-4310
70193,99450,33216,66036,33414,4157,-4189
69658,125450,51449,45104,80346,24554,-8127
71136,118777,45337,56206,62571,14930,-8113
54792,65390,19116,54316,11074,476,2944
71600,116233,43373,58974,57259,12626,-7808
71651,114184,41884,60832,53352,10819,-7496
69750,97565,32309,65894,31671,3856,-3728
53413,63465,18489,52974,10491,439,3145
2050,2057,516,2050,7,0,500
38556,42663,11711,38482,4181,74,4820
14420,14832,3811,14420,412,0,3026
71047,120134,46304,55052,65082,15995,-8333
49527,57389,16376,49274,8115,253,3874
48013,55316,15701,47828,7488,185,4139
71644,108749,38369,64022,44727,7622,-6436
71668,113705,41571,61126,52579,10542,-7392
71827,112253,40528,62394,49859,9433,-7221
70825,121875,47848,52358,69517,18467,-8405
49244,57058,16281,48992,8066,252,4046
66561,130919,61067,17570,113349,48991,-3810
71696,107188,37362,64928,42260,6768,-6100
41912,46931,13010,41822,5109,90,4728
67936,92294,29858,65156,27138,2780,-2424
65094,85515,26976,63126,22389,1968,-893
63479,81405,25189,62054,19351,1425,-57
69695,97284,32147,65980,31304,3715,-3619
61373,77161,23504,60306,16855,1067,951
66340,87953,27920,64226,23727,2114,-1462
71085,120426,46543,54680,65746,16405,-8342
66683,130766,60602,19124,111642,47559,-4124
69089,126353,52665,42046,84307,27043,-7793
56118,67647,19928,55582,12065,536,2514
71699,109205,38644,63834,45371,7865,-6472
68751,127399,54012,38750,88649,30001,-7428
71942,110436,39305,63652,46784,8290,-6838
67784,92293,29930,64866,27427,2918,-2378
71102,120045,46280,54970,65075,16132,-8303
68401,128162,55014,36268,91894,32133,-7164
70637,101851,34525,65602,36249,5035,-4743
58333,71217,21197,57646,13571,687,2056
69099,96240,31772,65392,30848,3707,-3291
36972,40640,11094,36904,3736,68,4770
69435,96722,31929,65728,30994,3707,-3591
69464,97839,32542,65510,32329,3954,-3713
67943,92455,29960,65070,27385,2873,-2508
34501,37620,10195,34460,3160,41,4824
71808,110784,39594,63192,47592,8616,-6899
66053,131568,64980,3216,128352,62837,-540
66349,87640,27757,64252,23388,2097,-1409
71236,119268,45649,55940,63328,15296,-8230
69768,124695,50695,46610,78085,23158,-8191
48666,55990,15887,48432,7558,234,4108
41774,46774,12965,41688,5086,86,4679
71809,114489,42071,60694,53795,11115,-7577
70295,100066,33570,65852,34214,4443,-4350
63981,82642,25706,62460,20182,1521,-268
71645,110864,39744,62752,48112,8893,-6786
67630,129366,57304,29516,99850,38114,-6042
66352,131138,62062,14028,117110,52324,-3034
54489,65129,19061,54014,11115,475,2898
65448,85299,26730,63678,21621,1770,-855
66566,88675,28283,64218,24457,2348,-1574
67032,89913,28818,64554,25359,2478,-1902
38434,42370,11590,38380,3990,54,4844
42027,47237,13138,41922,5315,105,4592
70282,123320,49306,49416,73904,20866,-8261
67753,91402,29426,65100,26302,2653,-2265
69500,97520,32355,65620,31900,3880,-3666
70578,122480,48434,51224,71256,19354,-8376
42869,48345,13485,42750,5595,119,4590
70682,100951,33972,66014,34937,4668,-4639
68345,93632,30497,65276,28356,3069,-2832
45365,51577,14484,45218,6359,147,4355
69130,95215,31167,65762,29453,3368,-3110
68523,93698,30479,65480,28218,3043,-2767
69326,126274,52450,42748,83526,26578,-7928
71547,114840,42341,60316,54524,11231,-7580
67928,92018,29707,65208,26810,2720,-2383
67884,129021,56575,31742,97279,36142,-6440
8094,8239,2096,8094,145,0,1836
71812,109427,38769,63778,45649,8034,-6525
66053,131567,65144,2558,129009,63495,-374
64661,83694,26100,62988,20706,1673,-518
70432,122620,48669,50564,72056,19868,-8247
71636,117732,44321,58180,59552,13456,-8114
71538,106618,37100,64836,41782,6702,-5959
71820,114294,41916,60924,53370,10896,-7574
69822,124052,50162,47456,76596,22366,-8127
70615,101532,34317,65796,35736,4819,-4716
64373,83075,25826,62846,20229,1527,-323
71062,119875,46204,54934,64941,16128,-8207
71527,110037,39228,63162,46875,8365,-6675
12652,13010,3342,12652,358,0,2679
23965,25286,6654,23956,1330,9,4250
71099,104026,35629,65536,38490,5563,-5367
63354,80901,24957,61974,18927,1380,176
67545,91337,29455,64854,26483,2691,-2235
61849,77876,23745,60772,17104,1077,716
64276,82986,25824,62676,20310,1600,-279
65630,86132,27119,63788,22344,1842,-1028
67854,129060,56604,31704,97356,36150,-6465
70766,101959,34542,65750,36209,5016,-4795
71566,109534,38900,63468,46066,8098,-6501
20228,21198,5543,20224,974,4,3796
66099,131508,64150,6416,125092,59683,-1309
29184,31300,8358,29168,2132,16,4630
71347,118039,44697,57290,60749,14057,-8098
67635,91629,29599,64862,26767,2773,-2270
70089,123561,49582,48794,74767,21295,-8206
71597,108421,38208,64010,44411,7587,-6289
71715,109774,38990,63588,46186,8127,-6657
69280,96550,31882,65572,30978,3708,-3409
68935,126749,53207,40670,86079,28265,-7619
71805,114120,41752,61232,52888,10573,-7528
68864,126978,53482,40028,86950,28836,-7554
71421,105854,36663,65056,40798,6365,-5814
69340,125910,52126,43316,82594,26024,-7904
67108,130072,58834,24808,105264,42300,-5210
64580,83986,26272,62884,21102,1696,-524
67695,129200,56888,30848,98352,36847,-6294
59394,73149,21919,58622,14527,772,1618
66593,130775,60748,18558,112217,48035,-3992
69151,126174,52553,42136,84038,27015,-7710
67869,91597,29496,65210,26387,2659,-2222
69068,95657,31431,65590,30067,3478,-3247
45167,51486,14489,45016,6470,151,4414
69543,125512,51685,44284,81228,25259,-7972
66957,89630,28674,64564,25066,2393,-1735
70501,101187,34126,65870,35317,4631,-4609
61292,76534,23194,60292,16242,1000,1089
71183,103927,35570,65574,38353,5609,-5263
71194,105377,36468,64882,40495,6312,-5549
71668,110219,39298,63246,46973,8422,-6742
68785,94715,30966,65566,29149,3219,-3045
54027,64371,18795,53562,10809,465,3060
71694,112972,41065,61684,51288,10010,-7220
68690,127590,54224,38284,89306,30406,-7390
71209,106397,37078,64482,41915,6727,-5786
44309,50173,14049,44150,6023,159,4466
66018,86576,27241,64188,22388,1830,-1177
57106,68972,20368,56472,12500,634,2445
63895,82016,25401,62428,19588,1467,-76
55973,67449,19869,55422,12027,551,2660
71646,109609,38889,63662,45947,7984,-6584
49177,57011,16278,48910,8101,267,3976
68339,93443,30373,65394,28049,2945,-2681
66472,88225,28064,64194,24031,2278,-1454
69907,99068,33100,65736,33332,4171,-4106
70814,121171,47275,53242,67929,17572,-8299
71822,111954,40363,62456,49498,9366,-7111
66558,88158,27977,64408,23750,2150,-1492
65718,86306,27195,63832,22474,1886,-1030
70174,100155,33675,65610,34545,4564,-4319
39908,44326,12202,39844,4482,64,4827
66854,130503,59760,21966,108537,44888,-4714
59342,73430,22091,58496,14934,846,1627
71649,109822,39006,63620,46202,8029,-6662
62108,78629,24097,60870,17759,1238,657
57158,69134,20430,56548,12586,610,2459
71503,109609,38963,63366,46243,8137,-6622
33429,36318,9811,33392,2926,37,4796
69617,97217,32122,65946,31271,3671,-3658
69749,98293,32749,65590,32703,4159,-3928
71590,114926,42449,60056,54870,11534,-7568
67482,129617,57645,28654,100963,38828,-5950
36130,39589,10771,36094,3495,36,4743
66817,130594,59955,21368,109226,45449,-4600
66928,130388,59460,22936,107452,43992,-4889
45987,52508,14798,45824,6684,163,4270
60357,74991,22640,59422,15569,935,1339
68966,95154,31147,65720,29434,3246,-3276
71588,115534,42800,59868,55666,11720,-7734
3692,3722,938,3692,30,0,876
71568,111839,40408,62046,49793,9522,-7003
71482,105941,36705,65062,40879,6420,-5818
69769,125061,51096,45738,79323,24031,-8134
71429,110954,39878,62396,48558,9033,-6799
64048,82533,25637,62518,20015,1530,-201
63170,80581,24834,61826,18755,1344,150
71687,110882,39713,62912,47970,8775,-6834
61675,77434,23562,60620,16814,1055,923
66892,130378,59616,22292,108086,44600,-4728
69427,97377,32307,65526,31851,3901,-3595
67372,90203,28851,65002,25201,2370,-1950
67437,129742,57898,27892,101850,39545,-5820
68444,127900,54688,37048,90852,31396,-7249
70102,98965,33000,65930,33035,4172,-4057
50989,59598,17122,50708,8890,281,3622
65762,86204,27137,63860,22344,1902,-1055
70844,101471,34220,66062,35409,4782,-4681
70747,103089,35235,65238,37851,5509,-5016
66314,87395,27629,64274,23121,2040,-1285
71798,114439,41943,61106,53333,10692,-7692
59225,73127,21967,58386,14741,839,1621
41054,45837,12677,40966,4871,88,4762
71613,116254,43322,59220,57034,12393,-7858
71869,112089,40432,62450,49639,9419,-7152
69552,96883,31947,65978,30905,3574,-3523
66123,131489,63886,7434,124055,58689,-1556
71713,110366,39383,63200,47166,8513,-6694
67985,91888,29626,65272,26616,2713,-2318
31569,34116,9174,31536,2580,33,4734
46600,53150,14968,46428,6722,172,4276
43527,49141,13719,43406,5735,121,4571
69063,94879,30993,65786,29093,3277,-3021
68067,92350,29887,65152,27198,2915,-2442
65412,85520,26871,63556,21964,1856,-773
69223,126234,52486,42524,83710,26699,-7863
8761,8926,2273,8760,166,1,1969
71753,112211,40569,62146,50065,9607,-7145
69745,124359,50469,46842,77517,22903,-8071
71464,107762,37811,64280,43482,7184,-6249
38770,43010,11829,38704,4306,66,4829
63757,81560,25194,62344,19216,1413,-55
50894,59468,17085,50596,8872,298,3689
71559,109038,38540,63916,45122,7643,-6536
71821,115273,42561,60302,54971,11519,-7710
69605,97469,32279,65822,31647,3783,-3720
68433,94419,30908,65206,29213,3227,-2835
71659,107841,37811,64438,43403,7221,-6221
63082,80478,24802,61748,18730,1334,231
70854,120743,46945,53706,67037,17148,-8241
51641,60536,17432,51344,9192,297,3626
60700,75741,22941,59718,16023,982,1199
35575,38985,10611,35526,3459,49,4760
70032,98397,32698,66002,32395,4030,-3870
71248,106486,37095,64592,41894,6656,-5837
66089,87030,27492,64092,22938,1997,-1145
71666,110761,39655,62902,47859,8764,-6848
71145,119677,46060,55114,64563,16031,-8189
56940,69190,20509,56344,12846,596,2404
45417,51754,14565,45248,6506,169,4371
71765,108333,38056,64442,43891,7323,-6434
70785,103355,35377,65202,38153,5583,-5165
69543,96953,32026,65802,31151,3741,-3560
44165,49964,13974,44032,5932,133,4481
51102,59864,17228,50816,9048,286,3616
70926,121072,47149,53548,67524,17378,-8373
69760,125007,51020,45934,79073,23826,-8161
67413,129580,57722,28272,101308,39141,-5842
71762,115053,42448,60314,54739,11448,-7650
67712,91298,29390,65036,26262,2676,-2204
71369,107165,37493,64358,42807,7011,-6023
67025,130294,59239,23632,106662,43393,-5027
62817,79613,24397,61638,17975,1179,336
20149,21011,5469,20146,865,3,3813
68124,92452,29895,65324,27128,2800,-2478
43366,48853,13612,43258,5595,108,4569
4170,4189,1052,4170,19,0,1000
71325,106074,36841,64784,41290,6541,-5780
60153,74495,22426,59286,15209,867,1509
66277,131302,62642,12036,119266,54241,-2614
72037,111022,39683,63312,47710,8725,-6968
65855,86332,27173,63972,22360,1883,-1086
62372,79232,24320,61184,18048,1188,484
66813,130516,59948,21240,109276,45573,-4531
69636,97461,32256,65898,31563,3738,-3783
71393,105933,36714,65010,40923,6383,-5742
71752,115286,42591,60208,55078,11544,-7729
66110,131499,64101,6594,124905,59516,-1349
67391,129669,57891,27774,101895,39617,-5753
35968,39331,10685,35922,3409,46,4846
71805,110448,39388,63344,47104,8461,-6856
71549,116402,43476,58900,57502,12649,-7802
71666,111450,40067,62632,48818,9034,-7008
14602,15073,3886,14602,471,0,3017
71942,114244,41804,61272,52972,10670,-7633
71531,108779,38409,63922,44857,7609,-6410
69587,125518,51596,44652,80866,24935,-8064
68811,94855,31042,65542,29313,3269,-3111
71709,114402,42073,60512,53890,11197,-7523
57103,69414,20599,56432,12982,671,2255
67507,129583,57707,28338,101245,39169,-5855
65901,86467,27241,63970,22497,1931,-984
71255,119233,45572,56178,63055,15077,-8239
69670,97559,32302,65910,31649,3760,-3756
29279,31289,8327,29270,2019,9,4682
71143,104890,36167,65112,39778,6031,-5507
68889,94697,30943,65622,29075,3267,-3058
51381,60211,17340,51062,9149,319,3486
70928,104181,35804,65146,39035,5782,-5319
68506,127533,54398,37474,90059,31032,-7180
58233,71179,21204,57542,13637,691,2073
66725,130718,60350,20036,110682,46689,-4326
62337,78806,24118,61140,17666,1197,686
64162,82360,25509,62684,19676,1478,-98
56017,67559,19913,55466,12093,551,2534
55157,66146,19417,54624,11522,533,2798
71184,105855,36745,64730,41125,6454,-5807
4432,4474,1129,4432,42,0,1053
70567,100580,33784,66024,34556,4543,-4508
64523,83434,25989,62912,20522,1611,-313
66850,88516,28080,64712,23804,2138,-1582
53648,63905,18653,53198,10707,450,3137
66778,130554,59976,21204,109350,45574,-4543
44431,50387,14121,44290,6097,141,4503
65614,85924,27033,63716,22208,1898,-1007
27408,29220,7759,27404,1816,4,4513
66100,131511,64261,5978,125533,60122,-1201
67483,129507,57584,28678,100829,38805,-5904
44598,50397,14080,44474,5923,124,4424
17880,18562,4811,17880,682,0,3544
71143,119389,45815,55518,63871,15625,-8162
71522,116760,43719,58644,58116,12878,-7888
69050,126712,53151,40820,85892,28230,-7640
70707,122049,48048,51906,70143,18801,-8357
64816,83942,26178,63172,20770,1644,-491
71916,112565,40746,62146,50419,9770,-7248
71203,120051,46246,55118,64933,16085,-8334
71110,119657,46006,55290,64367,15820,-8178
70566,101729,34474,65562,36167,5004,-4721
65397,85100,26625,63700,21400,1697,-710
46584,53238,15019,46400,6838,184,4205
71693,115651,42851,59898,55753,11795,-7832
68969,95523,31363,65594,29929,3375,-3216
68120,128285,55444,34794,93491,33326,-6860
69470,96339,31693,65906,30433,3564,-3418
67875,128862,56357,32296,96566,35579,-6497
66656,88436,28089,64516,23920,2140,-1526
69825,98016,32529,65916,32100,3909,-3962
68807,126854,53392,40140,86714,28667,-7542
68459,127922,54793,36672,91250,31787,-7136
71488,108739,38438,63726,45013,7762,-6374
70782,122109,48091,51854,70255,18928,-8358
71345,117438,44290,57716,59722,13629,-7957
68016,91606,29453,65400,26206,2616,-2330
60209,75020,22700,59240,15780,969,1359
70786,102463,34843,65554,36909,5232,-4888
69334,95606,31298,66020,29586,3314,-3267
67737,129072,56820,30864,98208,36873,-6245
70230,99843,33479,65770,34073,4460,-4395
69560,97020,32063,65788,31232,3772,-3662
60287,75249,22793,59326,15923,961,1272
68500,94495,30937,65242,29253,3258,-2972
45868,52207,14676,45710,6497,158,4401
69153,126015,52326,42726,83289,26427,-7798
71518,111267,40032,62406,48861,9112,-6907
32636,35374,9536,32604,2770,32,4798
71396,117869,44569,57462,60407,13934,-8030
30323,32577,8712,30306,2271,17,4651
65600,85939,27028,63766,22173,1834,-1001
69806,124568,50586,46792,77776,23014,-8165
71208,118504,45091,56644,61860,14564,-8054
14919,15366,3954,14916,450,3,3067
68999,126788,53206,40752,86036,28247,-7663
66549,130893,61038,17634,113259,48915,-3813
26867,28570,7570,26860,1710,7,4504
62887,79571,24370,61662,17909,1225,462
25786,27383,7247,25778,1605,8,4353
67240,129982,58479,26048,103934,41192,-5474
51429,60263,17348,51134,9129,295,3645
63263,80482,24752,61956,18526,1307,206
59703,74091,22343,58810,15281,893,1468
71619,117036,43881,58548,58488,13071,-7964
69445,125762,51881,44000,81762,25445,-7991
67945,91861,29617,65254,26607,2691,-2352
67285,90335,28982,64742,25593,2543,-2052
67624,129219,57076,30134,99085,37490,-6133
71195,118493,45140,56426,62067,14769,-8087
70132,123571,49544,48966,74605,21166,-8302
10716,10946,2794,10716,230,0,2358
12238,12549,3215,12238,311,0,2594
58488,71804,21468,57736,14068,752,1867
63574,81662,25296,62140,19522,1434,-36
71713,108628,38266,64192,44436,7521,-6423
71045,104564,35988,65176,39388,5869,-5397
71544,116953,43875,58406,58547,13138,-7882
70954,120342,46607,54256,66086,16698,-8254
24543,26056,6895,24532,1524,11,4289
70459,100892,34003,65772,35120,4687,-4528
70426,102135,34773,65178,36957,5248,-4780
69938,97661,32280,66202,31459,3736,-3808
41829,46967,13054,41718,5249,111,4609
66523,130969,61296,16754,114215,49769,-3628
70722,121893,47889,52230,69663,18492,-8373
48792,56150,15931,48576,7574,216,4017
66522,130973,61304,16730,114243,49792,-3626
64175,82791,25745,62602,20189,1573,-156
71533,108131,38034,64126,44005,7407,-6243
66779,130593,60142,20618,109975,46161,-4414
19517,20345,5294,19514,831,3,3707
71758,109462,38726,64020,45442,7738,-6640
69583,125393,51512,44738,80655,24845,-8008
71520,117497,44222,58106,59391,13414,-8043
17623,18269,4729,17622,647,1,3518
71132,119834,46078,55356,64478,15776,-8303
18003,18758,4880,17996,762,7,3488
70363,123033,48947,50278,72755,20085,-8345
58000,71023,21207,57218,13805,782,2043
70652,121653,47753,52294,69359,18358,-8285
69902,124301,50342,47234,77067,22668,-8140
6928,7036,1786,6928,108,0,1584
59442,73408,22055,58596,14812,846,1611
52828,62278,18022,52468,9810,360,3360
71924,113058,41026,62012,51046,9912,-7339
71739,117118,43889,58680,58438,13059,-7999
68462,93764,30515,65468,28296,2994,-2842
71599,116767,43669,58858,57909,12741,-7887
68756,127345,53879,39174,88171,29582,-7526
29502,31625,8442,29482,2143,20,4592
13764,14140,3629,13764,376,0,2876
69095,95522,31325,65744,29778,3351,-3202
46487,53199,15019,46322,6877,165,4283
59219,73051,21927,58394,14657,825,1701
68037,128650,55921,33616,95034,34421,-6741
71847,112397,40608,62362,50035,9485,-7235
70558,101700,34448,65608,36092,4950,-4677
71320,118270,44928,56828,61442,14492,-8037
16167,16737,4327,16166,571,1,3224
46500,53209,15020,46338,6871,162,4257
61549,77371,23566,60478,16893,1071,829
71203,106829,37336,64314,42515,6889,-5901
69870,124158,50246,47332,76826,22538,-8105
42387,47652,13257,42276,5376,111,4645
2944,2962,745,2944,18,0,714
71144,119834,46093,55296,64538,15848,-8299
65951,86495,27241,64026,22469,1925,-1078
70272,100283,33714,65710,34573,4562,-4361
28722,30716,8183,28700,2016,22,4628
42534,47877,13330,42434,5443,100,4611
59733,74078,22333,58824,15254,909,1457
71317,104403,35837,65458,38945,5859,-5385
33055,35826,9660,33012,2814,43,4771
29117,31219,8335,29098,2121,19,4660
50503,58695,16791,50226,8469,277,3841
41004,45746,12649,40896,4850,108,4729
71029,103608,35403,65604,38004,5425,-5322
70111,100204,33726,65504,34700,4607,-4337
22626,23746,6218,22620,1126,6,4058
66895,130464,59741,21964,108500,44931,-4690
66987,130343,59448,22894,107449,44093,-4865
68110,128359,55606,34294,94065,33816,-6764
70943,103442,35347,65496,37946,5447,-5156
64520,83267,25895,62954,20313,1566,-335
46660,53347,15055,46474,6873,186,4275
71509,108000,37937,64252,43748,7257,-6201
70714,101574,34345,65768,35806,4946,-4717
58890,72415,21680,58110,14305,780,1879
70154,100428,33829,65540,34888,4614,-4369
65453,85431,26792,63694,21737,1759,-889
68465,93755,30531,65386,28369,3079,-2778
52912,62651,18196,52518,10133,394,3232
70848,120769,46988,53586,67183,17262,-8229
71051,120006,46304,54796,65210,16255,-8209
68588,127392,54128,38272,89120,30316,-7308
69697,98605,32935,65470,33135,4227,-3978
69067,126227,52634,41918,84309,27149,-7687
63936,82181,25489,62406,19775,1530,-69
64344,83051,25840,62742,20309,1602,-262
71639,108351,38140,64142,44209,7497,-6352
71623,112010,40515,61960,50050,9663,-7002
66578,130929,61130,17338,113591,49240,-3757
71902,113310,41240,61660,51650,10242,-7327
41429,46260,12799,41324,4936,105,4763
62600,79164,24227,61420,17744,1180,523
70589,122547,48461,51250,71297,19339,-8369
66089,87344,27670,64008,23336,2081,-1280
41477,46385,12847,41382,5003,95,4632
56734,68155,20016,56246,11909,488,2545
69795,98763,32988,65574,33189,4221,-4038
67963,128783,56273,32474,96309,35489,-6502
66842,130493,59866,21522,108971,45320,-4589
68543,94073,30704,65330,28743,3213,-2920
71449,106454,37012,64860,41594,6589,-5925
67430,90569,29059,64902,25667,2528,-2078
70610,102456,34884,65376,37080,5234,-4877
68153,92790,30068,65308,27482,2845,-2495
60439,75136,22690,59512,15624,927,1204
64163,83025,25859,62614,20411,1549,-354
51631,60611,17488,51270,9341,361,3584
54673,65189,19041,54214,10975,459,2963
71051,104198,35765,65336,38862,5715,-5349
68265,128124,55106,35824,92300,32441,-7040
69135,126466,52695,42152,84314,26983,-7829
12196,12496,3199,12196,300,0,2613
42267,47361,13136,42178,5183,89,4740
67962,92216,29823,65140,27076,2822,-2355
68814,126821,53371,40158,86663,28656,-7514
55734,66814,19604,55212,11602,522,2681
42008,47143,13093,41914,5229,94,4597
22246,23374,6126,22244,1130,2,4051
65741,86629,27383,63726,22903,2015,-1048
69590,125473,51547,44758,80715,24832,-8048
69115,95945,31578,65578,30367,3537,-3378
68806,127071,53626,39638,87433,29168,-7502
67737,91559,29474,65222,26337,2515,-2355
37859,41729,11416,37794,3935,65,4827
68705,94106,30643,65640,28466,3065,-2807
63249,80928,25010,61816,19112,1433,265
58076,71249,21287,57350,13899,726,1916
69210,96534,31850,65668,30866,3542,-3438
71007,105727,36736,64510,41217,6497,-5662
66545,88137,27967,64406,23731,2139,-1351
71417,108356,38195,63932,44424,7485,-6327
71450,108150,38093,63928,44222,7522,-6216
71670,115967,43143,59362,56605,12308,-7811
38843,42986,11798,38780,4206,63,4829
71814,111601,40140,62642,48959,9172,-7002
71208,106561,37158,64490,42071,6718,-5984
62443,79112,24247,61236,17876,1207,467
4460,4488,1129,4460,28,0,1054
58363,71471,21324,57646,13825,717,1922
67385,90320,28913,64988,25332,2397,-1987
71408,106548,37070,64816,41732,6592,-5914
68596,127875,54614,37294,90581,31302,-7285
70673,121437,47593,52502,68935,18171,-8229
68734,94386,30801,65568,28818,3166,-2921
70719,121780,47779,52444,69336,18275,-8378
67807,90476,28852,65544,24932,2263,-2039
71775,112691,40828,62070,50621,9705,-7242
66198,131377,63137,10206,121171,55992,-2191
70517,101461,34362,65474,35987,5043,-4699
66565,130861,61022,17634,113227,48931,-3798
70364,123436,49286,49728,73708,20636,-8394
71556,116026,43236,59108,56918,12448,-7752
57818,70450,20946,57116,13334,702,2144
70511,101474,34329,65632,35842,4879,-4655
55024,66128,19444,54480,11648,544,2727
70171,99106,33063,65960,33146,4211,-4105
71329,119090,45416,56516,62574,14813,-8289
67233,129972,58532,25816,104156,41417,-5413
56627,68225,20089,56094,12131,533,2461
70151,123692,49659,48748,74944,21403,-8271
69965,124664,50631,46804,77860,23161,-8197
67359,129790,58118,27108,102682,40251,-5649
71695,112670,40881,61816,50854,9879,-7212
66883,89002,28343,64632,24370,2251,-1657
53269,62969,18260,52898,10071,371,3270
70989,104348,35868,65224,39124,5765,-5392
66926,89454,28606,64484,24970,2442,-1720
64745,83882,26174,63068,20814,1677,-620
71808,110403,39355,63386,47017,8422,-6771
59284,73296,22039,58436,14860,848,1626
69817,124889,50860,46338,78551,23479,-8189
64486,83671,26134,62806,20865,1680,-522
48521,56149,16003,48286,7863,235,3981
71593,113897,41745,60814,53083,10779,-7427
58162,70957,21108,57482,13475,680,2031
59315,73032,21884,58528,14504,787,1626
52131,61351,17737,51754,9597,377,3425
71050,105199,36394,64822,40377,6228,-5512
71838,110284,39238,63616,46668,8222,-6778
71888,109635,38826,63966,45669,7922,-6647
71171,104449,35856,65474,38975,5697,-5410
68511,93812,30526,65520,28292,2991,-2795
68579,127754,54496,37524,90230,31055,-7291
68573,94210,30734,65484,28726,3089,-2958
68475,127767,54633,37002,90765,31473,-7176
66449,130991,61501,15978,115013,50471,-3447
66955,130366,59593,22360,108006,44595,-4738
46023,52549,14809,45862,6687,161,4210
70997,104419,35918,65166,39253,5831,-5401
71078,104049,35698,65306,38743,5772,-5303
69129,95756,31449,65716,30040,3413,-3270
71528,115896,43117,59324,56572,12204,-7745
65882,86794,27406,63964,22830,1918,-1138
60764,75744,22923,59796,15948,968,1228
70277,99787,33410,65934,33853,4343,-4280
71712,110902,39730,62884,48018,8828,-6771
68449,127600,54441,37436,90164,31013,-7206
60206,74828,22600,59256,15572,950,1433
67297,89635,28586,64926,24709,2371,-1832
69496,97727,32463,65602,32125,3894,-3825
24678,26054,6859,24672,1382,6,4299
68202,92598,29981,65272,27326,2930,-2333
66393,131211,62103,14010,117201,52383,-3059
67464,129609,57735,28278,101331,39186,-5848
71090,119086,45580,55852,63234,15238,-8139
68739,94509,30870,65538,28971,3201,-2962
70022,98298,32616,66132,32166,3890,-3892
71922,112432,40636,62320,50112,9602,-7189
71680,113680,41551,61156,52524,10524,-7418
69271,96636,31930,65552,31084,3719,-3450
66136,131470,63830,7620,123850,58516,-1591
43792,49442,13802,43676,5766,116,4535
4812,4872,1233,4812,60,0,1121
71160,104946,36191,65128,39818,6032,-5510
66348,131154,62126,13804,117350,52544,-2984
23474,24766,6516,23468,1298,6,4140
62477,79238,24315,61216,18022,1261,483
66218,87689,27838,64026,23663,2192,-1262
54873,65458,19131,54392,11066,481,2873
71692,107046,37265,65032,42014,6660,-6128
71505,116081,43269,59086,56995,12419,-7741
71328,117568,44386,57592,59976,13736,-7974
69126,126131,52557,42034,84097,27092,-7679
71456,117125,44005,58230,58895,13226,-7932
70969,120556,46725,54212,66344,16757,-8315
68144,128664,55901,33724,94940,34420,-6763
52335,61472,17734,52008,9464,327,3460
71738,113728,41541,61292,52436,10446,-7418
71766,109524,38848,63656,45868,8110,-6583
71431,114364,42117,60260,54104,11171,-7472
69958,98406,32736,65868,32538,4090,-3959
66152,131467,63682,8206,123261,57946,-1737
70690,101702,34404,65788,35914,4902,-4758
67752,91393,29425,65086,26307,2666,-2173
61001,76589,23313,59926,16663,1075,983
68391,128013,54911,36382,91631,32009,-7125
5422,5489,1389,5422,67,0,1275
68342,127923,54919,36170,91753,32172,-7028
71905,113403,41251,61802,51601,10103,-7406
62468,79213,24286,61282,17931,1186,429
71370,106700,37200,64600,42100,6770,-5955
71075,103835,35528,65558,38277,5517,-5262
68431,93058,30132,65588,27470,2843,-2640
70223,99796,33453,65780,34016,4443,-4276
70922,119605,46049,55014,64591,15908,-8133
69958,98450,32722,66012,32438,3946,-4008
31300,33778,9071,31272,2506,28,4759
69765,98273,32714,65690,32583,4075,-3935
66750,89073,28433,64414,24659,2336,-1617
70830,102342,34756,65660,36682,5170,-4962
66560,88477,28163,64302,24175,2258,-1497
58634,71976,21525,57852,14124,782,1829
46013,52472,14772,45856,6616,157,4408
58637,71840,21451,57876,13964,761,2037
71360,119217,45518,56362,62855,14998,-8299
71563,107249,37439,64742,42507,6821,-6124
29502,31541,8397,29494,2047,8,4734
71756,115385,42707,59942,55443,11814,-7625
67246,130027,58538,25902,104125,41344,-5452
71401,118524,45017,56980,61544,14421,-8189
70173,99526,33293,65880,33646,4293,-4245
67550,90874,29187,65000,25874,2550,-2077
69861,98343,32723,65794,32549,4067,-3942
68417,128134,55012,36220,91914,32197,-7144
51092,59803,17202,50798,9005,294,3600
71210,104905,36176,65106,39799,6104,-5492
57986,70681,21014,57306,13375,680,2046
48294,55562,15758,48092,7470,202,4173
54184,64550,18837,53752,10798,432,3002
71857,113702,41516,61340,52362,10517,-7450
40591,45279,12520,40478,4801,113,4787
66992,89819,28775,64538,25281,2454,-1799
65934,86881,27464,63906,22975,2028,-1175
70254,100055,33585,65770,34285,4484,-4369
70610,122199,48161,51754,70445,18856,-8371
70555,101672,34478,65432,36240,5123,-4648
66457,131032,61638,15512,115520,50945,-3350
68189,93605,30536,65066,28539,3123,-2663
71040,103183,35184,65630,37553,5410,-5145
48617,56174,15987,48400,7774,217,4062
32189,34873,9396,32162,2711,27,4775
71433,115577,42967,59286,56291,12147,-7643
70908,102893,35046,65602,37291,5306,-5043
71824,114767,42236,60590,54177,11234,-7623
71316,105529,36499,65062,40467,6254,-5764
71085,119066,45484,56196,62870,14889,-8203
44345,50262,14086,44180,6082,165,4494
71442,108171,38061,64098,44073,7344,-6279
71780,112053,40438,62354,49699,9426,-7130
16110,16663,4304,16110,553,0,3261
69180,126134,52535,42128,84006,27052,-7702
71211,103773,35505,65526,38247,5685,-5231
59943,74502,22493,59032,15470,911,1410
59635,73687,22149,58778,14909,857,1633
70679,102318,34801,65432,36886,5247,-4934
64368,83044,25822,62800,20244,1568,-425
42010,47139,13094,41902,5237,108,4604
56543,68123,20054,56030,12093,513,2484
55934,67235,19772,55382,11853,552,2676
70040,124488,50428,47264,77224,22776,-8251
71714,112932,41048,61672,51260,10042,-7341
71736,108630,38267,64192,44438,7544,-6407
68079,128711,55955,33602,95109,34477,-6759
70084,98934,32994,65892,33042,4192,-4034
17710,18466,4806,17708,758,2,3443
69891,124614,50577,46920,77694,22971,-8221
70616,121343,47513,52634,68709,17982,-8266
68885,126991,53494,40006,86985,28879,-7557
71494,108429,38252,63850,44579,7644,-6352
66224,131359,63064,10462,120897,55762,-2248
71824,114066,41781,61008,53058,10816,-7486
71235,119851,46055,55482,64369,15753,-8314
30148,32406,8669,30136,2270,12,4680
71642,107206,37401,64808,42398,6834,-6145
71608,108052,37962,64256,43796,7352,-6279
71720,116844,43692,58920,57924,12800,-8004
66418,131053,61644,15530,115523,50888,-3366
67098,130193,58909,24750,105443,42348,-5249
19224,20024,5207,19220,804,4,3685
70371,100715,33932,65702,35013,4669,-4490
69907,123818,49946,47852,75966,22055,-8127
68111,92893,30159,65150,27743,2961,-2617
68466,93753,30531,65382,28371,3084,-2744
63341,81049,25042,61930,19119,1411,135
71657,115812,43045,59444,56368,12213,-7796
67336,129907,58249,26818,103089,40518,-5629
61124,76405,23166,60146,16259,978,1060
71321,105382,36407,65136,40246,6185,-5630
63909,82142,25478,62372,19770,1537,-64
59374,73421,22087,58494,14927,880,1596
70505,122811,48747,50634,72177,19871,-8321
70641,121980,48068,51688,70292,18953,-8274
51495,60155,17273,51218,8937,277,3478
33418,36326,9819,33376,2950,42,4818
60924,76166,23103,59920,16246,1004,1116
68676,127433,54074,38570,88863,30106,-7401
69810,97532,32256,66040,31492,3770,-3806
59354,73303,22022,58518,14785,836,1614
69892,123680,49828,48048,75632,21844,-8121
62451,79345,24368,61218,18127,1233,553
67517,91201,29393,64830,26371,2687,-2085
67962,92100,29731,65276,26824,2686,-2377
