Points,Edges,Area,Perimeter,Contact_perimeter,TETRAPIXEL,Euler_General_4_Async
71301,118787,45275,56474,62313,14827,-2211
71618,116306,43316,59348,56958,12270,-1372
69091,95892,31558,65552,30340,3539,4757
53999,64668,18955,53516,11152,483,8286
69642,124890,51005,45760,79130,23882,-4243
71667,107452,37529,64788,42664,6879,1744
71066,105023,36255,65026,39997,6040,2298
66720,130727,60434,19718,111009,47002,-3573
59869,74121,22311,58998,15123,871,8059
69554,97373,32247,65758,31615,3796,4428
39245,43410,11908,39188,4222,57,7743
57319,69967,20813,56682,13285,637,8165
68307,92819,30078,65326,27493,2981,5566
68816,94820,31030,65520,29300,3296,5026
71807,116825,43647,59062,57763,12745,-1371
69570,125180,51336,45016,80164,24554,-4274
69717,98029,32570,65778,32251,3939,4258
70387,101100,34160,65560,35540,4827,3447
71668,111605,40164,62554,49051,9114,227
71524,107597,37715,64334,43263,7190,1642
43499,49271,13799,43346,5925,153,8027
39333,43674,12022,39260,4414,73,7681
53938,64165,18709,53494,10671,444,8482
50274,58582,16795,49984,8598,290,8487
10998,11239,2870,10998,241,0,2629
71197,104957,36196,65130,39827,6067,2436
64427,83112,25839,62868,20244,1559,7154
41506,46403,12849,41410,4993,96,7952
25032,26511,7000,25022,1489,10,5521
52496,61984,17970,52088,9896,408,8482
71426,117357,44196,57930,59427,13496,-1735
66058,131566,65024,3036,128530,63022,-484
59788,74165,22353,58918,15247,870,7976
65918,86647,27333,63962,22685,1956,6604
68761,127199,53806,39174,88025,29587,-4632
60756,75741,22919,59806,15935,950,7934
71669,109570,38870,63660,45910,8009,969
46587,53265,15029,46414,6851,173,8351
71090,104945,36218,65018,39927,6072,2363
69851,97915,32499,65834,32081,4017,4435
69010,126551,52948,41310,85241,27700,-4593
65604,85437,26759,63838,21599,1766,6926
70984,103986,35690,65212,38774,5772,2688
64170,82883,25804,62550,20333,1620,7091
45675,52041,14646,45498,6543,177,8280
71262,119508,45852,55608,63900,15654,-2394
71769,112996,41043,61820,51176,9949,-184
71500,106654,37097,64920,41734,6580,1943
70165,123001,49062,49754,73247,20411,-3774
68978,95652,31467,65436,30216,3542,4793
58284,71180,21193,57588,13592,696,8297
52134,61163,17623,51834,9329,300,8594
19180,20016,5214,19176,840,4,4378
31875,34452,9264,31848,2604,27,6687
70974,104516,36042,64864,39652,6110,2500
70785,101743,34392,65918,35825,4867,3434
67212,89513,28500,65026,24487,2186,6199
70735,120899,47131,53274,67625,17461,-3033
68250,93165,30266,65266,27899,2984,5351
68604,127627,54327,37946,89681,30658,-4696
69577,124989,51211,45134,79855,24443,-4201
8236,8382,2132,8236,146,0,1986
67378,129680,57972,27472,102208,39906,-4330
70433,101632,34486,65320,36312,5113,3287
68816,94972,31116,65480,29492,3336,4960
45109,51041,14276,44978,6063,131,8344
33492,36337,9804,33458,2879,34,6959
58455,71615,21373,57738,13877,717,8213
57768,70799,21141,57034,13765,734,8110
70031,98720,32828,66128,32592,3903,4139
21444,22494,5886,21444,1050,0,4836
14050,14459,3717,14050,409,0,3308
69207,126333,52643,42094,84239,27113,-4483
28106,29999,7976,28094,1905,12,6083
71761,110920,39673,63148,47772,8613,514
70183,99923,33546,65662,34261,4521,3806
62443,78952,24164,61248,17704,1195,7655
55747,67144,19776,55184,11960,563,8379
71000,120565,46739,54174,66391,16826,-2826
62255,78576,24020,61072,17504,1183,7699
69762,98030,32568,65788,32242,3974,4300
71136,104787,36095,65194,39593,5942,2444
70017,123928,49894,48280,75648,21737,-4017
70736,102792,35063,65332,37460,5404,3007
68252,128383,55351,35362,93021,32890,-4780
67661,129273,57050,30346,98927,37315,-4562
53611,63547,18468,53222,10325,389,8532
69017,95213,31160,65786,29427,3231,4964
71868,110733,39526,63362,47371,8506,661
64018,82155,25431,62586,19569,1432,7294
70794,103408,35418,65144,38264,5650,2804
68437,93745,30540,65330,28415,3107,5232
71569,109878,39051,63552,46326,8017,742
71749,112664,40905,61708,50956,10041,-10
31243,33604,8996,31224,2380,19,6635
71755,113439,41348,61486,51953,10269,-336
71826,112078,40422,62468,49610,9358,170
70741,121610,47647,52632,68978,18109,-3222
68678,94637,30970,65394,29243,3284,5011
71552,108426,38197,64064,44362,7488,1323
61555,77175,23451,60546,16629,1009,7831
70829,103960,35716,65056,38904,5773,2585
70051,123418,49477,48928,74490,21123,-3890
68027,92727,30116,64990,27737,3037,5416
66998,130352,59379,23188,107164,43810,-3975
66083,131542,64522,4996,126546,61087,-937
70123,99425,33261,65806,33619,4317,3959
70410,122528,48597,50668,71860,19742,-3521
70373,100214,33613,65976,34238,4397,3772
50064,58498,16810,49756,8742,308,8376
71635,111434,40114,62412,49022,9223,315
62205,78808,24154,61000,17808,1205,7551
69614,125041,51055,45862,79179,23752,-4372
71734,115491,42763,59930,55561,11804,-994
71399,106287,36921,64890,41397,6509,2033
71863,112689,40811,62134,50555,9729,-15
988,992,249,988,4,0,245
67862,91809,29594,65242,26567,2620,5647
62719,79648,24458,61464,18184,1255,7529
35456,38818,10555,35416,3402,40,7193
71652,114126,41838,60900,53226,10752,-636
70012,98922,33017,65776,33146,4236,4107
68012,92467,29925,65234,27233,2778,5470
71777,115757,42887,59966,55791,11811,-1093
71443,117299,44088,58246,59053,13197,-1768
64734,84186,26329,63056,21130,1678,6877
67930,128718,56072,33148,95570,34782,-4716
70676,122158,48139,51760,70398,18916,-3343
39241,43584,12000,39168,4416,73,7657
71620,113405,41421,61126,52279,10494,-364
71640,107184,37427,64660,42524,6980,1883
30423,32794,8797,30400,2394,23,6426
71475,117710,44367,57952,59758,13523,-1868
55720,67055,19733,55178,11877,542,8398
64482,83033,25798,62874,20159,1608,7247
71792,109553,38804,63890,45663,7902,1043
67499,90584,29039,65012,25572,2487,5954
69043,95457,31306,65690,29767,3353,4892
70991,104124,35759,65212,38912,5779,2626
52363,61575,17786,52006,9569,357,8574
71468,107608,37722,64328,43280,7140,1582
52898,62501,18124,52506,9995,392,8521
69357,97232,32248,65472,31760,3885,4373
68663,127393,54057,38558,88835,30105,-4673
68477,93978,30647,65368,28610,3109,5146
35782,39164,10649,35732,3432,50,7267
67300,129844,58156,27064,102780,40236,-4388
71545,116181,43366,58898,57283,12647,-1270
67938,91739,29574,65182,26557,2756,5773
64718,83522,25976,63140,20382,1578,7172
45678,52068,14654,45520,6548,158,8264
68122,92330,29825,65360,26970,2762,5617
69098,96425,31861,65406,31019,3692,4534
71613,117668,44299,58140,59528,13473,-1756
68536,127650,54410,37660,89990,30876,-4704
15161,15680,4050,15160,520,1,3531
71191,105142,36314,65028,40114,6163,2363
70540,101854,34539,65552,36302,4988,3225
68427,128013,54938,36274,91739,32153,-4648
27557,29412,7821,27540,1872,17,5966
68962,95467,31357,65506,29961,3456,4852
52666,62252,18063,52252,10000,414,8477
46894,53576,15105,46732,6844,162,8423
71129,104985,36230,65050,39935,6079,2374
68967,127025,53447,40262,86763,28705,-4611
60599,76067,23159,59498,16569,1101,7691
71258,105712,36619,64948,40764,6310,2165
69423,96506,31803,65800,30706,3623,4720
67219,129960,58460,26080,103880,41139,-4281
71155,119965,46237,54982,64983,16173,-2573
66751,130685,60333,20038,110647,46713,-3601
67065,130224,59083,24116,106108,42949,-4076
71536,110412,39481,62900,47512,8636,605
68294,93062,30189,65368,27694,2926,5421
66052,131570,65130,2620,128950,63432,-388
70302,99973,33490,65986,33987,4316,3819
70657,101863,34506,65702,36161,4955,3300
71489,116290,43444,58804,57486,12685,-1357
68846,126871,53334,40406,86465,28440,-4691
59390,73151,21935,58562,14589,828,8174
66982,89338,28502,64668,24670,2314,6146
53178,62931,18268,52790,10141,388,8515
70694,102993,35183,65254,37739,5440,2884
14193,14604,3754,14192,412,1,3343
70295,123547,49477,49186,74361,21109,-3775
40913,45735,12666,40806,4929,107,7844
71105,105942,36791,64720,41222,6385,1954
66075,87056,27504,64096,22960,1979,6523
69215,125829,52195,42878,82951,26337,-4419
39220,43570,12000,39140,4430,80,7650
71382,106310,36938,64868,41442,6514,2010
63665,81543,25225,62186,19357,1479,7347
70015,123989,50014,47922,76067,22093,-3960
71541,108475,38272,63862,44613,7679,1338
60279,74942,22630,59364,15578,915,7967
70237,123313,49331,49302,74011,20935,-3745
71721,110484,39433,63236,47248,8485,670
61515,77182,23481,60440,16742,1075,7814
31136,33540,8991,31116,2424,20,6587
64461,83639,26130,62758,20881,1703,6952
41967,47155,13116,41846,5309,121,7928
18970,19793,5155,18966,827,4,4332
68653,127366,53990,38772,88594,29881,-4723
69764,98358,32746,65732,32626,4032,4152
71096,105163,36335,64986,40177,6110,2268
66995,89359,28519,64642,24717,2353,6155
66177,87549,27751,64094,23455,2083,6379
66888,130493,59742,22018,108475,44870,-3863
69407,96609,31855,65798,30811,3609,4653
70259,100273,33713,65694,34579,4565,3699
71574,106842,37203,64872,41970,6702,1935
69336,97085,32164,65514,31571,3822,4415
68737,127238,53908,38844,88394,29893,-4593
70636,101226,34126,65948,35278,4688,3536
65707,86192,27142,63816,22376,1891,6657
66291,131257,62480,12594,118663,53697,-2486
49305,56955,16208,49078,7877,227,8558
9336,9514,2423,9336,178,0,2245
70601,122523,48492,51078,71445,19523,-3430
62775,79654,24440,61548,18106,1227,7561
69840,98619,32863,65786,32833,4054,4084
16999,17587,4544,16998,589,1,3956
68506,128155,54857,36882,91273,31624,-4792
66052,131574,65108,2716,128858,63336,-414
69505,97441,32303,65670,31771,3835,4367
71332,105220,36349,65044,40176,6288,2461
70864,120449,46749,53902,66547,16962,-2836
66522,88548,28209,64260,24288,2262,6183
71792,110856,39702,62904,47952,8888,638
71891,111097,39773,63102,47995,8789,567
38782,42916,11779,38716,4200,66,7645
63689,81609,25246,62234,19375,1455,7326
69153,126265,52604,42114,84151,27039,-4508
66604,88191,27971,64498,23693,2106,6384
67379,89990,28744,65004,24986,2375,6133
66290,88001,27959,64166,23835,2124,6248
71565,116074,43195,59368,56706,12197,-1314
62536,79149,24231,61374,17775,1162,7618
70179,99731,33453,65650,34081,4529,3901
66502,131014,61405,16408,114606,50094,-3107
62203,78671,24096,60958,17713,1245,7628
69171,96379,31785,65618,30761,3553,4577
71494,112055,40578,61798,50257,9696,17
66288,131239,62506,12454,118785,53834,-2445
71616,114450,42078,60588,53862,11028,-756
70628,122351,48328,51390,70961,19238,-3395
71355,117957,44610,57474,60483,13881,-1992
66105,131511,64191,6258,125253,59847,-1215
59326,73313,22027,58518,14795,808,8040
70199,123959,49821,48634,75325,21565,-3939
68255,92550,29898,65508,27042,2747,5603
51161,59968,17272,50848,9120,313,8465
35283,38620,10501,35236,3384,47,7164
64121,82600,25648,62608,19992,1513,7169
68406,93758,30570,65236,28522,3170,5218
71603,110066,39231,63208,46858,8395,768
69080,95789,31496,65594,30195,3486,4787
70156,99703,33402,65798,33905,4358,3855
71552,112526,40794,61876,50650,9676,-180
71321,118772,45204,56728,62044,14593,-2247
66574,87963,27857,64498,23465,2076,6468
56548,68529,20287,55910,12619,638,8306
56116,67535,19869,55594,11941,522,8450
71555,115319,42691,59874,55445,11681,-1073
69996,99194,33162,65740,33454,4256,3964
1988,1996,501,1988,8,0,493
70481,101289,34224,65682,35607,4799,3416
67840,92341,29929,64966,27375,2874,5428
47140,54125,15333,46918,7207,222,8348
66561,87985,27875,64470,23515,2091,6451
68330,93267,30277,65426,27841,2904,5340
66154,131428,63483,8924,122504,57230,-1791
68190,92721,30022,65354,27367,2836,5491
42247,47408,13167,42148,5260,99,8006
68605,94779,31063,65306,29473,3299,4889
69759,124522,50672,46356,78166,23403,-4091
70670,100758,33840,66156,34602,4514,3752
69552,97312,32212,65776,31536,3776,4452
70482,122957,48882,50386,72571,20096,-3593
71707,111282,39950,62764,48518,8943,375
69977,124405,50370,47330,77075,22647,-4058
69921,99184,33153,65756,33428,4165,3890
51292,60019,17271,50954,9065,338,8544
67867,91287,29327,65266,26021,2601,5907
54430,64676,18841,53988,10688,442,8595
62036,78434,24001,60864,17570,1172,7603
71567,114589,42216,60314,54275,11253,-806
57408,69624,20611,56804,12820,604,8395
71427,117606,44361,57768,59838,13659,-1818
47408,54332,15357,47236,7096,172,8433
53393,63267,18384,52998,10269,395,8510
70590,122820,48659,51004,71816,19586,-3571
71830,113011,41052,61814,51197,10016,-129
49079,56751,16173,48810,7941,269,8501
71662,114280,41983,60628,53652,11034,-635
69033,95204,31167,65740,29464,3293,4996
66367,131156,62093,13940,117216,52427,-2696
67861,91525,29441,65286,26239,2575,5777
70558,102394,34869,65312,37082,5246,3033
69922,98963,33058,65694,33269,4228,4017
49824,57646,16422,49604,8042,220,8600
71455,107166,37441,64568,42598,6887,1730
67906,128799,56240,32638,96161,35268,-4653
71381,108311,38202,63814,44497,7567,1272
63852,82031,25420,62382,19649,1470,7241
69758,124981,51065,45702,79279,24056,-4158
52355,61529,17764,52002,9527,353,8590
70902,120258,46572,54228,66030,16674,-2784
69406,126228,52344,43080,83148,26326,-4478
70836,120671,46934,53606,67065,17230,-2901
65492,85478,26820,63676,21802,1816,6834
66781,89177,28476,64450,24727,2331,6080
14320,14766,3803,14320,446,0,3357
69782,97966,32526,65828,32138,3954,4342
67367,90200,28857,64972,25228,2395,6024
41590,46571,12913,41490,5081,100,7932
69113,95842,31498,65692,30150,3421,4769
61295,76609,23240,60258,16351,1037,7926
69322,125804,52049,43412,82392,25910,-4433
69639,125471,51521,44858,80613,24781,-4311
64138,82461,25577,62614,19847,1524,7254
64929,83977,26159,63318,20659,1611,7111
36173,39603,10768,36134,3469,39,7338
71794,109663,38858,63894,45769,7900,989
62936,79938,24552,61668,18270,1268,7550
13380,13786,3548,13380,406,0,3142
2490,2503,629,2490,13,0,616
70820,121512,47542,52856,68656,17964,-3150
71644,107740,37821,64196,43544,7448,1725
70722,121346,47493,52720,68626,18002,-3131
71112,103849,35539,65542,38307,5570,2802
71971,110269,39240,63578,46691,8393,942
50273,58601,16812,49954,8647,319,8484
69981,124163,50172,47638,76525,22343,-4010
70914,121088,47158,53544,67544,17370,-3016
34773,37907,10268,34742,3165,31,7134
71078,104140,35731,65356,38784,5722,2669
69139,95270,31171,65856,29414,3283,5040
46340,52988,14953,46164,6824,176,8305
69009,95728,31507,65428,30300,3581,4788
67994,128564,55837,33780,94784,34214,-4733
67086,130146,58905,24672,105474,42414,-4155
51646,60692,17516,51320,9372,326,8470
68446,93957,30661,65270,28687,3176,5150
70043,123787,49834,48238,75549,21805,-3910
70492,101539,34378,65566,35973,4926,3331
71717,111329,40037,62510,48819,9207,425
70713,100590,33721,66296,34294,4417,3844
61376,77201,23540,60242,16959,1134,7715
68501,94447,30924,65198,29249,3303,4978
63511,81024,24979,62132,18892,1379,7466
71354,106637,37168,64602,42035,6752,1885
67395,129687,57923,27682,102005,39713,-4369
71535,109030,38582,63732,45298,7803,1087
958,959,240,958,1,0,239
38708,42814,11746,38644,4170,64,7640
71288,116820,43876,58136,58684,13152,-1656
69735,98022,32567,65776,32246,3959,4280
70696,101862,34498,65732,36130,4964,3332
53071,62891,18279,52666,10225,405,8459
61082,76675,23332,60022,16653,1060,7739
47698,54713,15479,47510,7203,188,8464
67288,90084,28828,64856,25228,2432,6032
71593,110701,39656,62778,47923,8815,548
69602,97279,32186,65814,31465,3788,4509
51483,60456,17440,51152,9304,331,8467
70400,99937,33463,66022,33915,4378,3926
70952,120581,46713,54310,66271,16642,-2916
69455,96613,31855,65806,30807,3649,4697
64847,83767,26057,63306,20461,1541,7137
69751,125162,51097,45936,79226,23815,-4314
66055,131572,65202,2336,129236,63719,-315
70620,101649,34403,65686,35963,4934,3374
51034,59914,17281,50704,9210,330,8401
70632,102482,34869,65488,36994,5144,3019
38772,42982,11818,38692,4290,80,7608
52656,62118,17991,52272,9846,384,8529
17678,18364,4763,17676,688,2,4077
71045,103466,35320,65652,37814,5393,2899
56908,68878,20355,56336,12542,572,8385
6888,6976,1766,6888,88,0,1678
70037,99299,33264,65542,33757,4495,4002
66085,131533,64498,5074,126459,61011,-950
44377,50386,14137,44224,6162,153,8128
71651,110082,39183,63432,46650,8219,752
69718,124527,50697,46266,78261,23452,-4112
49227,57129,16318,48986,8143,241,8416
34482,37536,10153,34460,3076,22,7099
71763,113532,41380,61544,51988,10219,-389
71565,115578,42940,59396,56182,12169,-1073
68492,127660,54409,37684,89976,30808,-4759
71700,117333,44033,58534,58799,13166,-1600
58154,71082,21185,57424,13658,730,8257
70217,99660,33341,65956,33704,4261,3898
67737,91885,29696,64986,26899,2751,5548
71050,104050,35663,65448,38602,5602,2663
13420,13806,3548,13420,386,0,3162
55198,65930,19278,54748,11182,450,8546
67905,128924,56398,32256,96668,35649,-4621
70605,102280,34783,65428,36852,5177,3108
27989,29896,7954,27976,1920,13,6047
57052,68946,20358,56460,12486,592,8464
67010,130189,59114,23922,106267,43088,-4065
70704,101917,34519,65758,36159,4946,3306
67637,91415,29470,64950,26465,2687,5692
71138,104483,35914,65310,39173,5828,2569
70999,103597,35434,65458,38139,5541,2836
58749,72113,21556,58002,14111,747,8192
67565,91173,29338,64994,26179,2571,5730
48416,55793,15849,48190,7603,226,8472
67736,129211,56897,30834,98377,36902,-4578
69373,126306,52410,42972,83334,26401,-4523
62561,79359,24342,61350,18009,1211,7544
70718,122121,48068,51970,70151,18748,-3335
71768,112274,40584,62212,50062,9556,78
64206,82610,25642,62652,19958,1554,7238
70953,120463,46677,54218,66245,16735,-2833
71171,118928,45440,56096,62832,15075,-2317
71887,113125,41058,62018,51107,9869,-180
71203,104993,36202,65178,39815,6025,2412
53688,63781,18573,53270,10511,418,8480
71254,105545,36517,65022,40523,6232,2226
35057,38108,10300,35016,3092,41,7249
71244,104516,35872,65544,38972,5700,2600
71009,120164,46382,54800,65364,16209,-2773
68572,93884,30551,65564,28320,3008,5239
52114,61309,17718,51746,9563,368,8523
67860,91547,29441,65330,26217,2530,5754
68404,93202,30219,65528,27674,2876,5421
66722,130738,60457,19648,111090,47074,-3559
69694,124745,50794,46314,78431,23380,-4257
13124,13456,3447,13124,332,0,3115
72018,109921,38985,63902,46019,8116,1082
71604,108636,38326,63968,44668,7636,1294
68193,93346,30367,65224,28122,2969,5214
69114,95550,31349,65704,29846,3410,4913
64579,83541,26019,63006,20535,1573,7057
23413,24662,6480,23404,1258,9,5231
70439,122704,48695,50628,72076,19811,-3570
55032,65814,19269,54552,11262,480,8487
26384,27989,7401,26374,1615,10,5796
40639,45305,12514,40554,4751,85,7848
70596,101875,34550,65550,36325,5046,3271
70395,101753,34541,65342,36411,5053,3183
8435,8565,2174,8434,131,1,2044
45795,52200,14691,45636,6564,159,8286
60817,76011,23042,59854,16157,963,7848
58918,72428,21661,58212,14216,706,8151
71551,107973,37919,64270,43703,7281,1497
64315,82803,25712,62758,20045,1557,7224
70779,101440,34229,65964,35476,4815,3568
66857,89289,28524,64482,24807,2375,6092
46726,53442,15078,46572,6870,154,8362
70914,120651,46852,53894,66757,17020,-2885
62184,78629,24061,61014,17615,1170,7616
46931,53710,15172,46732,6978,199,8393
70149,99827,33476,65750,34077,4399,3798
68809,94877,31072,65466,29411,3343,5004
70877,121034,47164,53412,67622,17465,-2993
71959,112322,40524,62548,49774,9411,161
66884,89338,28522,64588,24750,2296,6068
66632,130724,60646,18864,111860,47768,-3446
68320,93668,30542,65168,28500,3152,5194
67781,129008,56531,31892,97116,35889,-4696
71430,117684,44420,57688,59996,13742,-1834
66341,131232,62250,13464,117768,52877,-2641
62878,80422,24829,61528,18894,1350,7285
70364,122910,48918,50148,72762,20216,-3628
56743,68719,20313,56186,12533,557,8337
66834,88622,28166,64580,24042,2254,6378
66139,131446,63770,7812,123634,58327,-1537
55092,66081,19396,54578,11503,514,8407
53862,64013,18643,53454,10559,408,8492
71726,112810,40944,61844,50966,9882,-140
70635,101829,34495,65678,36151,4957,3301
58646,72004,21533,57876,14128,770,8175
70178,99689,33418,65706,33983,4472,3907
71485,112898,41120,61316,51582,10169,-293
65973,86581,27296,63978,22603,1995,6688
70739,102359,34768,65646,36713,5093,3148
15452,15944,4109,15452,492,0,3617
3644,3670,924,3644,26,0,898
66362,131219,62225,13538,117681,52824,-2632
68967,126665,53077,41022,85643,27945,-4621
71500,116130,43284,59124,57006,12376,-1346
53054,62711,18198,52630,10081,424,8541
70049,99409,33270,65738,33671,4311,3910
70678,121396,47529,52676,68720,18002,-3189
70999,104069,35766,65074,38995,5925,2696
58703,71902,21467,57936,13966,767,8268
66265,87694,27827,64080,23614,2185,6398
69754,98034,32598,65676,32358,4078,4318
71585,115556,42833,59780,55776,11805,-1138
71743,109050,38497,64112,44938,7631,1190
70794,102504,34818,65736,36768,5058,3108
17452,18093,4684,17450,643,2,4043
60444,75097,22660,59554,15543,890,8007
65803,86450,27260,63860,22590,1943,6613
71169,105195,36370,64910,40285,6259,2344
71385,107623,37784,64110,43513,7275,1546
71726,112112,40491,62260,49852,9466,105
66234,87460,27684,64184,23276,2050,6458
66624,88744,28283,64356,24388,2268,6163
68682,94724,30998,65456,29268,3226,4956
22666,23855,6262,22662,1193,4,5073
71519,107354,37565,64448,42906,7071,1730
33735,36710,9929,33704,3006,31,6954
68500,94094,30732,65260,28834,3240,5138
68038,128596,55873,33700,94896,34338,-4685
71886,113639,41456,61454,52185,10432,-297
66384,131134,61975,14368,116766,52016,-2775
45721,51949,14580,45578,6371,143,8352
66377,87446,27649,64296,23150,2081,6580
51912,60925,17568,51578,9347,334,8555
38254,42340,11621,38196,4144,58,7535
70995,120445,46660,54250,66195,16745,-2790
71603,118066,44584,57796,60270,13807,-1879
70867,121272,47338,53192,68080,17675,-3067
67298,90290,28950,64780,25510,2518,5958
67399,129506,57684,28276,101230,39123,-4423
66188,131408,63330,9496,121912,56692,-1890
71444,118146,44762,57244,60902,14200,-1940
71469,108456,38223,64020,44436,7449,1236
70504,122609,48545,51038,71571,19466,-3560
59756,73834,22182,58940,14894,816,8104
67879,92146,29792,65124,27022,2755,5525
71680,114834,42319,60392,54442,11288,-835
71560,107185,37422,64682,42503,6878,1797
40656,45326,12520,40572,4754,84,7850
70099,99170,33138,65788,33382,4311,4067
71691,116271,43305,59322,56949,12369,-1275
70095,99067,33077,65826,33241,4269,4105
71793,110440,39376,63376,47064,8417,729
71670,113152,41214,61448,51704,10222,-268
68068,128515,55842,33662,94853,34406,-4605
71644,113184,41221,61484,51700,10160,-319
62055,78248,23902,60888,17360,1167,7709
71459,117831,44543,57490,60341,13969,-1829
56661,68316,20125,56132,12184,529,8470
13789,14184,3645,13788,396,1,3250
70297,99594,33323,65896,33698,4401,4026
71321,108708,38481,63492,45216,7829,1094
50220,58648,16834,49960,8688,260,8406
40713,45390,12537,40632,4758,81,7860
71834,112743,40864,62030,50713,9804,-45
69133,96360,31826,65416,30944,3717,4599
33595,36514,9867,33560,2954,35,6948
68321,128057,54999,36118,91939,32203,-4737
60820,75920,23005,59820,16100,1000,7905
71098,105061,36297,64934,40127,6164,2334
46138,52582,14796,45980,6602,158,8352
71518,106509,37032,64890,41619,6628,2041
59031,72963,21934,58190,14773,841,8002
70218,99596,33336,65848,33748,4370,3958
71701,108474,38162,64300,44174,7401,1389
71340,119364,45696,55944,63420,15396,-2328
40384,45068,12462,40288,4780,96,7778
70672,122060,48098,51728,70332,18944,-3290
67397,90033,28739,65110,24923,2287,6103
67486,90769,29156,64914,25855,2572,5873
66078,131543,64534,4950,126593,61128,-931
71602,115129,42541,60094,55035,11508,-986
71106,103794,35538,65436,38358,5670,2850
71479,106441,36972,64994,41447,6485,2010
71658,115772,42977,59636,56136,12022,-1137
70960,103877,35632,65226,38651,5734,2715
65709,86503,27327,63698,22805,2011,6533
40225,44780,12355,40140,4640,85,7800
71774,111422,40023,62752,48670,9022,375
57848,70555,20974,57214,13341,634,8267
59377,73047,21879,58578,14469,799,8209
54745,65109,18986,54274,10835,471,8622
55108,66053,19375,54606,11447,502,8430
71379,105365,36384,65194,40171,6185,2398
70062,123747,49737,48546,75201,21516,-3948
70231,99682,33394,65788,33894,4443,3943
50003,58142,16634,49748,8394,255,8495
71646,110121,39238,63290,46831,8356,763
69719,125103,51160,45566,79537,24153,-4224
67606,129289,57170,29898,99391,37708,-4513
71685,110312,39342,63256,47056,8429,715
70477,122330,48441,50896,71434,19581,-3412
25377,26875,7095,25370,1505,7,5597
66049,131579,65394,1582,129997,64467,-136
66318,131213,62288,13274,117939,53044,-2607
70724,102346,34836,65348,36998,5376,3214
66881,130545,59853,21678,108867,45203,-3811
71466,118069,44660,57498,60571,13968,-1943
70242,99861,33484,65786,34075,4456,3865
51726,60791,17548,51390,9401,336,8483
71230,106252,36968,64632,41620,6598,1946
69655,98296,32740,65632,32664,4023,4099
64431,83412,26004,62808,20604,1623,7023
58208,71303,21269,57530,13773,678,8174
27231,29037,7714,27218,1819,13,5908
71218,105463,36497,64938,40525,6280,2252
69792,98287,32722,65686,32601,4106,4227
70132,124039,50023,47986,76053,22146,-3884
54712,65080,18969,54284,10796,428,8601
68375,94169,30771,65254,28915,3121,4977
26340,27972,7403,26332,1640,8,5771
36982,40737,11140,36914,3823,68,7385
61472,77400,23594,60424,16976,1048,7666
69962,99189,33117,65910,33279,4052,3890
71546,116473,43421,59262,57211,12284,-1506
69457,97059,32102,65710,31349,3747,4500
67753,91783,29630,65046,26737,2707,5600
70977,104289,35856,65154,39135,5823,2544
69500,125552,51639,44548,81004,24952,-4413
70421,122777,48733,50622,72155,19799,-3623
66508,130911,61254,16806,114105,49702,-3149
71030,103750,35496,65516,38234,5514,2776
71303,117928,44686,57112,60816,14191,-1939
16900,17500,4525,16900,600,0,3925
71368,118160,44803,57108,61052,14260,-1989
68447,93725,30499,65454,28271,2993,5221
55768,67392,19894,55208,12184,560,8270
70209,123507,49522,48926,74581,21283,-3776
49881,58038,16606,49652,8386,229,8449
62256,78800,24164,60944,17856,1312,7620
69078,126492,52888,41432,85060,27646,-4526
70631,102019,34613,65586,36433,5045,3225
33866,36831,9957,33834,2997,32,6992
44593,50629,14208,44426,6203,167,8172
62861,79740,24460,61640,18100,1221,7581
70496,101010,34078,65708,35302,4788,3564
46125,52676,14856,45928,6748,197,8305
71929,111489,40025,62878,48611,9051,465
68391,93128,30205,65436,27692,2955,5468
69305,126345,52504,42674,83671,26631,-4536
71598,107273,37451,64742,42531,6856,1776
66529,88391,28117,64314,24077,2215,6255
70039,98997,33030,65874,33123,4165,4072
56971,69024,20420,56368,12656,603,8367
65193,85278,26776,63452,21826,1741,6691
68037,92908,30194,65040,27868,2997,5323
68493,127838,54636,37132,90706,31361,-4709
61484,77080,23418,60488,16592,996,7822
71555,105892,36628,65272,40620,6283,2291
66386,131084,61929,14452,116632,51934,-2769
68266,128007,54987,36066,91941,32200,-4754
67520,90519,29000,65038,25481,2482,6001
67439,90559,29056,64894,25665,2545,5936
54263,64540,18818,53808,10732,455,8541
64902,84446,26418,63220,21226,1682,6874
65700,86203,27151,63802,22401,1898,6648
66663,88713,28234,64490,24223,2173,6184
46670,53412,15086,46480,6932,190,8344
7908,8036,2041,7908,128,0,1913
60720,76055,23105,59690,16365,1030,7770
71772,116531,43436,59318,57213,12454,-1323
70890,103410,35331,65496,37914,5394,2811
67892,91981,29722,65074,26907,2818,5633
70686,101761,34420,65842,35919,4844,3345
30046,32200,8592,30032,2168,14,6438
31759,34294,9214,31732,2562,27,6679
70487,101251,34206,65678,35573,4809,3442
71636,108521,38244,64066,44455,7570,1359
71628,108434,38129,64352,44082,7276,1323
68249,92717,30010,65394,27323,2855,5542
61604,77502,23629,60488,17014,1116,7731
67809,128837,56379,32158,96679,35651,-4649
71345,116905,43924,58114,58791,13231,-1636
70529,101566,34407,65504,36062,5025,3370
70826,103544,35463,65236,38308,5590,2745
62594,79377,24355,61334,18043,1260,7572
54714,65424,19147,54260,11164,454,8437
56736,68864,20395,56148,12716,588,8267
71539,112353,40780,61586,50767,9953,-34
41790,46888,13021,41692,5196,98,7923
59233,72974,21890,58388,14586,845,8149
70542,100840,33963,65828,35012,4714,3665
69627,125189,51235,45438,79751,24189,-4327
63072,80732,24958,61632,19100,1440,7298
61638,77697,23713,60542,17155,1096,7654
65778,85985,27001,63966,22019,1812,6794
51170,59893,17232,50858,9035,312,8509
68527,127921,54741,36878,91043,31649,-4653
71084,104332,35835,65324,39008,5760,2587
67264,90343,28979,64770,25573,2494,5900
15472,15999,4132,15470,529,2,3605
69908,124248,50333,47164,77084,22744,-4007
68415,128082,54942,36396,91686,32019,-4725
66277,88209,28095,64038,24171,2239,6163
71696,108804,38417,63940,44864,7756,1309
71685,113494,41438,61236,52258,10449,-371
63845,81638,25196,62492,19146,1353,7403
56833,68357,20105,56294,12063,539,8581
71168,119776,46179,54836,64940,16332,-2429
69280,125691,51946,43598,82093,25682,-4465
59086,72567,21699,58338,14229,748,8218
67071,130104,58846,24824,105280,42247,-4187
12974,13335,3424,12974,361,0,3063
71545,107301,37505,64582,42719,6963,1749
68692,94302,30776,65500,28802,3192,5166
40493,45251,12523,40410,4841,83,7765
12449,12778,3277,12448,330,1,2948
66564,130894,61018,17716,113178,48848,-3312
71440,116124,43309,59012,57112,12428,-1375
67958,91924,29652,65240,26684,2718,5686
69326,95863,31459,65890,29973,3436,4922
68678,93759,30461,65674,28085,3004,5380
67079,130277,59098,24162,106115,42917,-4100
70239,98841,32883,66150,32691,4089,4281
67726,129060,56788,30968,98092,36758,-4546
33813,36852,9981,33780,3072,33,6942
71178,119988,46184,55240,64748,15938,-2626
71484,115422,42846,59460,55962,12024,-1092
70965,121200,47199,53604,67596,17361,-3036
71709,110640,39549,63084,47556,8625,618
51722,60612,17452,51416,9196,306,8562
68556,127665,54416,37666,89999,30890,-4693
63404,80393,24660,62146,18247,1258,7671
71276,119522,45817,55776,63746,15500,-2429
71852,109174,38560,64108,45066,7744,1238
69937,124262,50210,47684,76578,22253,-4115
70866,121304,47305,53388,67916,17478,-3133
65677,86132,27128,63752,22380,1925,6673
69548,96598,31793,66024,30574,3524,4743
69181,126225,52533,42318,83907,26863,-4511
29020,31114,8307,29000,2114,20,6213
58563,71713,21402,57818,13895,745,8252
69722,125278,51321,45272,80006,24450,-4235
71724,108607,38226,64310,44297,7414,1343
69724,97570,32317,65872,31698,3852,4471
71627,108087,37962,64326,43761,7301,1502
71042,104267,35822,65246,39021,5796,2597
14352,14791,3808,14350,441,2,3369
39424,43758,12042,39348,4410,76,7708
71077,119169,45651,55734,63435,15343,-2441
12738,13085,3358,12738,347,0,3011
49579,57765,16558,49298,8467,281,8372
70105,99622,33375,65744,33878,4361,3858
69317,97302,32301,65400,31902,3917,4316
71316,118717,45244,56458,62259,14858,-2157
67968,92018,29698,65244,26774,2724,5648
71629,109528,38830,63736,45792,7893,931
65595,85777,26947,63766,22011,1829,6765
71709,112529,40744,62082,50447,9627,-76
69844,124395,50446,47006,77389,22838,-4105
66049,131584,65523,1076,130508,64973,-12
68480,93748,30552,65288,28460,3192,5284
71622,115887,43079,59458,56429,12164,-1186
68425,93355,30316,65446,27909,2979,5386
71734,110762,39659,62888,47874,8846,631
66122,131471,63907,7314,124157,58808,-1442
71425,108012,38004,64008,44004,7417,1417
41510,46361,12826,41418,4943,92,7975
70044,99161,33119,65846,33315,4198,4002
56214,67707,19937,55666,12041,548,8444
48795,56419,16069,48562,7857,233,8445
66051,131576,65247,2164,129412,63887,-278
70489,100452,33735,65964,34488,4525,3772
48582,56016,15917,48364,7652,218,8483
71586,108769,38448,63746,45023,7840,1265
59137,73119,21991,58274,14845,863,8009
70109,100419,33849,65442,34977,4667,3539
27045,28837,7659,27038,1799,7,5867
66906,89174,28423,64656,24518,2250,6155
54310,64778,18927,53848,10930,462,8459
71542,108832,38477,63756,45076,7786,1187
55350,66473,19532,54818,11655,532,8409
67642,129396,57314,29536,99860,38106,-4440
48080,55424,15746,47864,7560,216,8402
59829,74017,22257,59006,15011,823,8069
44997,51165,14370,44850,6315,147,8202
70292,99656,33318,66040,33616,4252,3954
70655,101362,34208,65892,35470,4763,3501
56358,68038,20069,55800,12238,558,8389
67058,130092,58898,24592,105500,42466,-4136
12616,12932,3312,12616,316,0,2996
54331,64879,18960,53918,10961,413,8412
69380,96101,31552,65994,30107,3386,4831
71442,107259,37547,64330,42929,7112,1730
71664,107464,37534,64792,42672,6872,1734
43941,49512,13801,43820,5692,121,8230
66637,130750,60578,19188,111562,47449,-3535
70906,102366,34729,65816,36550,5090,3269
68503,93823,30599,65250,28573,3253,5279
68146,128527,55695,34274,94253,33872,-4686
69764,98204,32643,65836,32368,3928,4203
71342,105961,36719,65046,40915,6296,2100
70714,101858,34507,65688,36170,5026,3363
70141,123952,49929,48188,75764,21953,-3882
69193,126025,52334,42714,83311,26479,-4498
67005,89674,28692,64580,25094,2425,6023
66861,130348,59625,22196,108152,44665,-3862
69671,97581,32339,65806,31775,3865,4429
72034,113525,41315,61790,51735,10244,-176
56066,67396,19814,55536,11860,530,8484
71726,114976,42348,60560,54416,11166,-902
58866,72212,21587,58076,14136,790,8241
64067,82844,25804,62472,20372,1595,7027
25677,27271,7218,25670,1601,7,5624
69547,97352,32229,65788,31564,3759,4424
63231,80962,25024,61828,19134,1403,7293
67663,90881,29158,65130,25751,2533,5940
67175,89534,28546,64884,24650,2291,6187
47900,55095,15625,47690,7405,210,8430
46986,53883,15248,46774,7109,212,8351
56405,68000,20048,55808,12192,597,8453
68928,94873,31013,65694,29179,3234,5068
71475,105876,36635,65212,40664,6263,2234
71179,103966,35581,65608,38358,5571,2794
67719,91473,29492,64978,26495,2741,5738
70735,101911,34528,65710,36201,5025,3352
64644,84078,26311,62912,21166,1732,6877
42930,48321,13457,42814,5507,116,8066
68243,128332,55461,34820,93512,33423,-4628
62204,78448,23966,61032,17416,1172,7722
71367,118849,45283,56566,62283,14801,-2199
71312,118348,44905,57076,61272,14236,-2131
67197,90371,29013,64690,25681,2507,5839
71873,114635,42092,60902,53733,10971,-670
47938,55210,15675,47720,7490,218,8403
69777,97850,32470,65820,32030,3957,4397
70519,122335,48383,51138,71197,19381,-3433
10210,10405,2650,10210,195,0,2455
69864,124539,50602,46670,77869,23194,-4073
71498,106559,37042,64950,41609,6548,1981
71687,112758,40957,61688,51070,9999,-114
70310,122777,48814,50298,72479,20012,-3653
71011,104834,36178,64956,39878,6055,2355
62613,79561,24448,61330,18231,1283,7500
44941,50875,14232,44822,6053,119,8298
62603,78921,24102,61434,17487,1169,7784
67885,91714,29570,65148,26566,2737,5741
71019,104424,35943,65076,39348,5943,2538
28189,30133,8023,28174,1959,15,6079
71712,114387,41987,60826,53561,10886,-688
62591,79572,24467,61276,18296,1315,7486
71015,104482,35975,65064,39418,5951,2508
49131,56845,16194,48914,7931,217,8480
65877,86851,27473,63810,23041,2067,6499
71115,118079,44845,56778,61301,14337,-2119
70583,122759,48659,50882,71877,19701,-3517
51284,60107,17310,50974,9133,310,8487
71751,109848,39056,63472,46376,8279,959
68948,126994,53443,40216,86778,28732,-4603
65733,85500,26779,63884,21616,1849,7012
67458,129738,57901,27872,101866,39586,-4379
71664,113302,41292,61436,51866,10228,-346
66571,88519,28168,64366,24153,2205,6220
58587,71645,21356,57866,13779,721,8298
68639,127551,54270,38022,89529,30617,-4642
70069,124030,50058,47828,76202,22241,-3903
71462,117581,44262,58114,59467,13348,-1857
70173,124158,50010,48276,75882,21897,-3975
54902,65708,19254,54400,11308,502,8448
67225,129965,58494,25954,104011,41271,-4246
71090,119886,46225,54872,65014,16218,-2571
71193,119601,45862,55754,63847,15439,-2546
69576,97450,32296,65716,31734,3860,4422
71719,114430,42026,60756,53674,10963,-685
66231,131326,62899,11056,120270,55175,-2196
68735,93995,30570,65710,28285,3025,5310
70699,122337,48276,51570,70767,19129,-3362
25702,27224,7189,25692,1532,10,5667
49397,57122,16277,49136,7986,261,8552
62354,79226,24330,61132,18094,1222,7458
67876,129141,56611,31838,97303,36038,-4654
48039,55100,15596,47816,7284,223,8535
71433,109565,38965,63270,46295,8163,833
38071,42093,11542,38018,4075,53,7520
68426,93728,30504,65440,28288,2986,5202
32716,35361,9508,32690,2671,26,6863
69666,125023,51056,45822,79201,23844,-4301
64465,83115,25839,62874,20241,1591,7189
71105,119078,45539,56000,63078,15105,-2434
41641,46411,12817,41554,4857,87,8047
51673,60755,17544,51334,9421,339,8462
66176,87079,27483,64226,22853,1950,6580
46665,53221,14984,46506,6715,159,8428
65678,85819,26970,63758,22061,1920,6829
64563,83883,26217,62898,20985,1665,6897
21903,23015,6033,21898,1117,5,4921
53149,62770,18194,52764,10006,385,8573
70800,121101,47255,53182,67919,17618,-3046
67774,91680,29547,65172,26508,2602,5641
71639,111775,40300,62350,49425,9289,164
66596,88286,28052,64364,23922,2232,6362
64538,83373,25952,62938,20435,1600,7117
58205,70876,21060,57512,13364,693,8389
67441,90646,29096,64908,25738,2533,5891
67255,89370,28447,64952,24418,2303,6332
66983,89357,28510,64674,24683,2309,6136
57688,70238,20865,57016,13222,672,8315
69529,125044,51239,45132,79912,24397,-4276
71858,111803,40205,62786,49017,9072,260
71482,107247,37497,64506,42741,6976,1732
67746,91535,29495,65090,26445,2656,5706
71010,104749,36139,64942,39807,6068,2400
71217,104156,35696,65528,38628,5689,2757
70511,122324,48390,51088,71236,19423,-3423
9528,9708,2472,9528,180,0,2292
66977,130344,59348,23296,107048,43681,-4019
71263,119731,45941,55698,64033,15565,-2527
54656,65383,19151,54162,11221,494,8424
71810,113209,41201,61614,51595,10196,-198
70595,100147,33494,66318,33829,4277,3942
64325,82714,25658,62796,19918,1529,7269
54634,65118,19013,54184,10934,450,8529
71658,111951,40397,62314,49637,9344,104
69709,125127,51132,45726,79401,23983,-4286
27300,29152,7755,27284,1868,16,5903
71765,113300,41226,61696,51604,10069,-309
35496,38864,10570,35448,3416,48,7202
60290,74924,22621,59364,15560,926,7987
71728,112885,40987,61822,51063,9906,-170
68575,127703,54476,37502,90201,31073,-4652
67008,130365,59432,23002,107363,44006,-3925
69396,125972,52148,43352,82620,26044,-4428
66163,131421,63533,8710,122711,57453,-1725
61071,76109,23031,60094,16015,977,7993
69113,95806,31495,65632,30174,3481,4802
23719,25042,6593,23712,1330,7,5270
22530,23720,6229,22524,1196,6,5039
71076,118868,45417,56068,62800,15008,-2375
67923,128766,56219,32656,96110,35267,-4624
69618,125062,51201,45320,79742,24298,-4243
64220,82636,25648,62680,19956,1540,7232
69423,96432,31754,65848,30584,3575,4745
59199,73106,21969,58336,14770,863,8062
69023,126367,52762,41686,84681,27337,-4582
70758,103090,35225,65280,37810,5478,2893
66738,88694,28199,64592,24102,2146,6243
68895,94944,31064,65632,29312,3263,5015
64139,82423,25550,62646,19777,1493,7266
9284,9446,2402,9284,162,0,2240
67482,90595,29046,65006,25589,2476,5933
14660,15147,3909,14658,489,2,3422
40430,45080,12456,40336,4744,94,7806
70283,100232,33674,65768,34464,4515,3725
70823,121687,47769,52298,69389,18525,-3095
40425,45032,12431,40340,4692,85,7824
61470,77224,23527,60340,16884,1130,7773
71055,105422,36510,64804,40618,6251,2143
53702,63626,18485,53312,10314,390,8561
63498,81323,25136,62102,19221,1396,7311
66075,131511,64381,5498,126013,60577,-1055
44183,49915,13945,44050,5865,133,8213
66058,86815,27391,64066,22749,1992,6634
65990,87155,27595,63930,23225,2060,6430
66299,131213,62436,12682,118531,53617,-2478
69574,97175,32129,65834,31341,3740,4528
71773,108580,38245,64180,44400,7593,1438
71304,106220,36902,64832,41388,6472,1986
69070,126433,52768,41794,84639,27276,-4595
71254,119913,46114,55370,64543,15884,-2545
69876,124372,50381,47220,77152,22656,-4115
71021,103472,35369,65468,38004,5553,2918
71547,117073,43855,58726,58347,12821,-1671
61551,77332,23552,60456,16876,1095,7771
63705,81864,25368,62256,19608,1449,7209
59396,73338,22019,58600,14738,796,8077
38176,42158,11550,38116,4042,60,7568
14856,15318,3945,14856,462,0,3483
71294,117383,44263,57714,59669,13580,-1826
71684,113088,41164,61520,51568,10164,-240
71962,112628,40758,62224,50404,9738,92
69578,96807,31894,66038,30769,3540,4665
66948,89084,28355,64748,24336,2200,6219
71348,106477,37066,64690,41787,6658,1937
69506,125455,51605,44490,80965,25016,-4344
68511,127868,54684,37000,90868,31511,-4673
68649,94356,30804,65496,28860,3153,5097
52290,61539,17790,51918,9621,372,8541
66611,88910,28349,64424,24486,2187,6050
70487,122484,48488,51016,71468,19471,-3509
71422,106834,37249,64672,42162,6750,1837
58249,71114,21168,57556,13558,693,8303
71493,117249,44057,58270,58979,13223,-1699
63446,81195,25079,62074,19121,1372,7330
4204,4236,1067,4204,32,0,1035
70535,101520,34361,65596,35924,4939,3376
3966,3993,1005,3966,27,0,978
65966,86622,27303,64032,22590,1934,6647
63849,82347,25578,62382,19965,1467,7080
66753,89035,28424,64374,24661,2379,6142
70457,100798,33938,65844,34954,4613,3597
71779,113330,41279,61544,51786,10235,-272
69705,98150,32667,65632,32518,4073,4222
66900,130485,59765,21910,108575,44990,-3820
71852,111879,40288,62606,49273,9246,261
66051,131571,65028,3030,128541,63021,-492
66840,89633,28737,64318,25315,2522,5944
66124,131460,63840,7560,123900,58564,-1496
71670,114079,41813,60906,53173,10764,-596
55991,67425,19850,55450,11975,541,8416
65069,84675,26466,63486,21189,1583,6860
35109,38484,10475,35068,3416,41,7100
71752,115135,42486,60326,54809,11426,-897
68621,94204,30740,65448,28756,3173,5157
64689,83762,26116,63060,20702,1629,7043
71766,109191,38547,64194,44997,7572,1122
68595,127557,54296,37930,89627,30665,-4666
56349,68016,20061,55788,12228,561,8394
71682,109462,38767,63856,45606,7826,987
4426,4467,1127,4426,41,0,1086
71607,115527,42798,59862,55665,11745,-1122
