Points,Edges,Area,Perimeter,Contact_perimeter,TETRAPIXEL,Euler_General_4_Async
68744,127323,53946,38862,88461,29882,-4633
71639,108817,38422,63946,44871,7693,1244
71394,109102,38690,63444,45658,7950,982
55441,66461,19500,54922,11539,519,8480
67625,129323,57347,29258,100065,38367,-4351
69679,97685,32390,65810,31875,3869,4384
29591,31865,8540,29570,2295,21,6266
36969,40586,11060,36932,3654,37,7443
68314,128180,55208,35528,92652,32786,-4658
71242,105335,36417,65002,40333,6240,2324
64172,82612,25638,62672,19940,1500,7198
67977,92698,30085,65056,27642,2921,5364
56492,68160,20102,55912,12248,580,8434
71123,103614,35402,65620,37994,5503,2911
45271,51523,14484,45110,6413,161,8232
69792,98171,32672,65654,32517,4138,4293
70899,103669,35532,65210,38459,5689,2762
70565,122919,48760,50798,72121,19767,-3594
8056,8208,2090,8056,152,0,1938
19064,19856,5163,19060,796,4,4371
67450,90969,29280,64818,26151,2632,5761
69176,95135,31063,66018,29117,3158,5104
55903,67362,19850,55324,12038,579,8391
67954,92035,29718,65198,26837,2756,5637
50091,58151,16612,49854,8297,237,8552
70686,102151,34691,65538,36613,5148,3226
59684,74014,22315,58768,15246,916,7985
70037,99279,33210,65718,33561,4319,3968
70907,103004,35125,65508,37496,5399,3028
67415,90911,29236,64878,26033,2537,5740
53888,64036,18648,53480,10556,408,8500
36609,40183,10956,36542,3641,67,7382
59087,72660,21758,58288,14372,799,8185
63743,81527,25178,62342,19185,1401,7394
66239,131364,63063,10476,120888,55763,-2062
44523,50470,14137,44392,6078,131,8190
25672,27242,7206,25660,1582,12,5636
68363,92883,30057,65538,27345,2825,5537
6422,6507,1648,6422,85,0,1563
41530,46583,12933,41434,5149,96,7880
71091,105019,36271,64954,40065,6137,2343
71926,113697,41473,61502,52195,10424,-298
64339,83365,26009,62694,20671,1645,6983
69065,95167,31132,65806,29361,3259,5030
54180,64467,18808,53702,10765,478,8521
65768,86488,27288,63824,22664,1944,6568
71356,118243,44828,57174,61069,14182,-2059
71336,118900,45309,56564,62336,14772,-2255
68959,94980,31036,65816,29164,3143,5015
67678,91337,29406,65050,26287,2628,5747
53019,62877,18287,52606,10271,413,8429
70669,101762,34453,65712,36050,4957,3360
68559,127672,54352,37936,89736,30623,-4761
42825,48076,13358,42720,5356,105,8107
62154,78397,23941,61030,17367,1124,7698
68303,128166,55037,36184,91982,32119,-4826
70205,99275,33127,66042,33233,4163,4057
66120,131496,63888,7440,124056,58680,-1488
66721,130684,60307,20140,110544,46581,-3656
2462,2473,621,2462,11,0,610
51796,60935,17599,51474,9461,322,8460
71315,106346,37011,64648,41698,6667,1980
69346,125743,51981,43562,82181,25784,-4416
65292,85274,26775,63448,21826,1844,6793
71297,105222,36302,65236,39986,6061,2377
70797,121781,47817,52294,69487,18503,-3167
16329,16907,4372,16326,581,3,3794
67385,90901,29262,64754,26147,2631,5746
71458,108079,38021,64074,44005,7384,1400
66821,89048,28402,64488,24560,2333,6175
70006,99470,33329,65624,33846,4382,3865
71423,106313,36946,64842,41471,6581,2056
45429,51944,14655,45268,6676,161,8140
71216,119941,46102,55474,64467,15742,-2623
66080,131524,64379,5532,125992,60548,-1065
68156,92912,30129,65308,27604,2848,5373
60677,75339,22730,59758,15581,919,8068
59584,73824,22235,58708,15116,876,7995
70283,100205,33646,65826,34379,4457,3724
10362,10561,2690,10362,199,0,2491
69479,96995,32033,65858,31137,3621,4517
68908,94690,30901,65776,28914,3132,5119
67911,128905,56325,32510,96395,35401,-4669
16790,17454,4530,16788,666,2,3866
41397,46318,12834,41300,5018,97,7913
66536,88101,27955,64382,23719,2154,6390
46349,52996,14958,46160,6836,189,8311
70553,122014,48121,51544,70470,19009,-3340
71811,114089,41736,61234,52855,10577,-542
69804,124762,50790,46364,78398,23440,-4168
68877,94823,31000,65646,29177,3231,5054
70867,121456,47425,53212,68244,17655,-3164
70985,119904,46235,54868,65036,16117,-2684
61607,77129,23414,60602,16527,1005,7892
70977,103711,35554,65206,38505,5771,2820
18045,18792,4885,18044,748,1,4138
67555,129532,57494,29088,100444,38467,-4483
71846,112573,40724,62250,50323,9596,-3
71244,106034,36835,64728,41306,6516,2045
53949,64194,18716,53524,10670,425,8471
67913,91292,29307,65356,25936,2557,5928
37990,41904,11474,37912,3992,78,7560
49583,57503,16430,49286,8217,297,8510
68544,127411,54141,38258,89153,30286,-4726
69570,125063,51229,45210,79853,24360,-4264
71199,103811,35500,65622,38189,5577,2888
67786,91670,29542,65172,26498,2614,5658
56446,68296,20189,55836,12460,610,8339
71531,111169,39974,62442,48727,9089,336
71004,120491,46671,54298,66193,16706,-2816
56385,68025,20058,55818,12207,567,8418
63487,81082,24997,62176,18906,1311,7402
69390,125582,51858,43732,81850,25658,-4334
52882,62741,18244,52506,10235,376,8385
71645,110488,39453,63164,47324,8481,610
53137,62664,18148,52736,9928,401,8621
37833,41730,11420,37780,3950,53,7523
66530,130985,61306,16746,114239,49784,-3149
66846,89268,28503,64524,24744,2322,6081
40849,45515,12566,40766,4749,83,7900
63928,82189,25489,62422,19767,1506,7228
70470,100858,33994,65740,35118,4730,3606
64739,83803,26119,63130,20673,1609,7055
68084,128572,55785,34004,94568,34080,-4703
3046,3067,772,3046,21,0,751
27554,29433,7831,27542,1891,12,5952
51055,59776,17202,50744,9032,311,8481
70503,100588,33838,65824,34764,4679,3753
70958,103486,35400,65372,38114,5586,2872
71561,116334,43405,59048,57286,12513,-1368
43090,48469,13490,42978,5491,112,8111
69627,97340,32202,65872,31468,3755,4489
51702,60585,17449,51374,9211,328,8566
62056,78137,23823,60982,17155,1074,7742
70654,101474,34299,65752,35722,4902,3479
66984,130256,59229,23596,106660,43388,-4043
61392,76654,23237,60360,16294,1032,7975
69283,126239,52384,42942,83297,26341,-4572
65124,84946,26643,63320,21626,1804,6821
71594,117525,44202,58242,59283,13352,-1729
71149,104831,36080,65342,39489,5807,2398
69522,97219,32154,65822,31397,3700,4457
71470,117015,43922,58342,58673,13128,-1623
71636,116912,43761,58780,58132,12856,-1515
53757,63918,18622,53348,10570,409,8461
66190,131380,63137,10212,121168,55978,-2053
23583,24919,6566,23574,1345,9,5230
70128,123688,49679,48660,75028,21468,-3881
71532,115143,42600,59886,55257,11646,-1011
66597,88342,28061,64440,23902,2157,6316
71189,119592,45901,55580,64012,15609,-2502
67934,91761,29584,65186,26575,2748,5757
66239,131336,63022,10584,120752,55655,-2075
71412,118829,45188,56906,61923,14506,-2229
62445,79130,24253,61248,17882,1197,7568
58125,71156,21224,57416,13740,709,8193
70909,103010,35092,65652,37358,5257,2991
58354,71334,21254,57652,13682,702,8274
71548,107361,37536,64578,42783,6970,1723
44844,50839,14241,44714,6125,130,8246
69991,124618,50549,47040,77578,22951,-4078
68578,94093,30692,65418,28675,3160,5177
71785,113991,41693,61210,52781,10575,-513
65283,85062,26655,63504,21558,1779,6876
68876,126963,53446,40142,86821,28734,-4641
70994,103125,35178,65538,37587,5456,3047
53776,63913,18624,53330,10583,446,8487
69172,126293,52587,42238,84055,26934,-4534
41326,46131,12758,41230,4901,96,7953
59983,74387,22413,59122,15265,861,8009
71882,108976,38416,64288,44688,7594,1322
1864,1870,469,1864,6,0,463
71231,118612,45170,56544,62068,14687,-2211
69638,125307,51399,45018,80289,24620,-4270
71154,120119,46294,55062,65057,16092,-2671
33919,36995,10026,33886,3109,33,6950
71247,106148,36882,64768,41380,6479,1981
71691,110023,39165,63386,46637,8305,833
55565,66977,19733,55022,11955,543,8321
68529,127907,54662,37166,90741,31363,-4716
69213,126313,52584,42290,84023,26923,-4516
70727,102689,34989,65422,37267,5305,3027
71529,117751,44390,57942,59809,13587,-1832
46907,53561,15097,46734,6827,173,8443
66967,130367,59378,23222,107145,43745,-4022
66190,87017,27463,64182,22835,2008,6636
69157,95764,31446,65744,30020,3413,4839
69043,126648,53067,41028,85620,28015,-4538
66061,86899,27408,64166,22733,1895,6570
70734,101186,34111,65928,35258,4806,3659
60504,75357,22785,59574,15783,930,7932
68567,127828,54573,37364,90464,31203,-4688
34117,37290,10128,34068,3222,49,6955
71706,112131,40477,62354,49777,9352,52
71144,103995,35597,65602,38393,5542,2746
67631,91255,29390,64950,26305,2681,5766
71143,106058,36883,64584,41474,6559,1968
65253,85282,26795,63384,21898,1869,6766
69617,97011,32035,65882,31129,3735,4641
67774,129095,56716,31326,97769,36448,-4605
71163,119372,45782,55616,63756,15547,-2427
67288,89866,28726,64828,25038,2460,6148
56700,68406,20167,56144,12262,556,8461
67425,129663,57815,28066,101597,39359,-4423
31521,34038,9146,31492,2546,29,6629
71785,113195,41194,61614,51581,10171,-216
66083,131499,64292,5830,125669,60253,-1124
71447,118305,44822,57322,60983,14125,-2036
69471,96591,31837,65834,30757,3637,4717
71532,106915,37268,64758,42157,6774,1885
66794,88659,28178,64606,24053,2188,6313
59633,73673,22134,58810,14863,823,8094
2930,2949,742,2930,19,0,723
33352,36234,9787,33320,2914,32,6905
71279,104567,35929,65418,39149,5861,2641
71577,116538,43503,59064,57474,12513,-1458
33574,36516,9874,33536,2980,38,6932
66946,88640,28119,64804,23836,2142,6425
70693,121308,47460,52776,68532,17917,-3155
57053,69014,20400,56428,12586,625,8439
63173,81139,25141,61714,19425,1459,7175
69302,96275,31708,65718,30557,3584,4735
59887,74266,22367,59064,15202,823,7988
45563,51691,14493,45410,6281,153,8365
71986,113426,41229,61936,51490,10050,-211
71475,107379,37510,64718,42661,6757,1606
68457,93675,30489,65394,28281,3063,5271
62970,79948,24553,61684,18264,1286,7575
70456,122684,48679,50652,72032,19804,-3549
64287,82656,25610,62872,19784,1415,7241
70720,102557,34881,65590,36967,5130,3044
67213,129981,58554,25746,104235,41467,-4214
69798,98269,32688,65786,32483,4012,4217
67746,92165,29850,64930,27235,2816,5431
18744,19466,5048,18740,726,4,4326
72070,109928,38881,64332,45596,7738,1023
71263,106172,36912,64696,41476,6567,2003
45036,50960,14258,44888,6072,148,8334
71530,111393,40087,62438,48955,9092,224
47769,54844,15528,47576,7268,193,8453
64156,82010,25320,62740,19270,1416,7466
69827,124715,50764,46374,78341,23453,-4124
16501,17082,4416,16500,582,1,3835
71615,116788,43714,58720,58068,12895,-1459
52617,62202,18036,52260,9942,357,8451
69548,96904,31978,65896,31008,3652,4622
60736,75683,22902,59758,15925,978,7955
68858,95048,31137,65548,29500,3310,4947
71782,116233,43252,59458,56775,12324,-1199
67906,92286,29864,65116,27170,2790,5484
70904,103362,35348,65332,38030,5572,2890
71249,104638,35974,65380,39258,5869,2585
70185,123406,49455,48992,74414,21193,-3766
42981,48283,13426,42862,5421,119,8124
20922,21948,5745,20916,1032,6,4719
228,228,57,228,0,0,57
68500,93734,30554,65252,28482,3248,5320
70410,122587,48621,50690,71897,19720,-3556
70840,121024,47209,53212,67812,17628,-2975
69836,97553,32260,66066,31487,3770,4543
68697,95066,31199,65336,29730,3361,4830
47493,54659,15511,47274,7385,219,8345
68207,93144,30253,65276,27868,2931,5316
70241,100640,33942,65512,35128,4729,3543
33247,36052,9724,33208,2844,39,6919
42733,48108,13397,42628,5480,105,8022
21648,22746,5962,21644,1102,4,4864
71745,111373,40015,62686,48687,9059,387
66217,87641,27774,64186,23455,2031,6350
70230,123524,49494,49072,74452,21158,-3800
70103,99275,33172,65862,33413,4241,4000
69911,98307,32669,65938,32369,3973,4273
36694,40405,11039,36654,3751,40,7328
23957,25370,6697,23952,1418,5,5284
46990,53868,15235,46796,7072,194,8357
68197,92310,29798,65428,26882,2769,5685
71683,114622,42146,60660,53962,11023,-793
66809,89232,28509,64428,24804,2381,6086
66132,131487,63919,7298,124189,58834,-1436
70119,99391,33242,65814,33577,4305,3970
68569,94432,30856,65440,28992,3129,4993
71343,118258,44838,57164,61094,14179,-2077
54390,64645,18831,53966,10679,424,8576
70986,105193,36442,64618,40575,6368,2235
70231,123443,49355,49466,73977,20765,-3857
63142,80374,24724,61852,18522,1290,7492
66464,88087,27960,64334,23753,2130,6337
52690,62455,18158,52278,10177,412,8393
49103,56611,16090,48862,7749,241,8582
69522,97973,32569,65670,32303,3852,4118
57873,70247,20825,57194,13053,679,8451
62979,79890,24527,61672,18218,1307,7616
66338,131193,62159,13750,117443,52588,-2696
61178,76601,23266,60138,16463,1040,7843
71633,109412,38777,63716,45696,7917,998
65847,86646,27361,63848,22798,1999,6562
64419,83074,25833,62816,20258,1603,7178
52106,61210,17661,51776,9434,330,8557
71688,112495,40749,61994,50501,9694,-58
50686,59252,17030,50384,8868,302,8464
67545,90458,28963,65064,25394,2481,6050
66888,130451,59725,22002,108449,44886,-3838
66237,131300,62736,11656,119644,54581,-2327
69581,124912,51095,45444,79468,24137,-4236
68910,95326,31255,65632,29694,3278,4839
52119,61385,17751,51766,9619,353,8485
45255,51542,14498,45092,6450,163,8211
69690,125194,51238,45436,79758,24254,-4266
62194,78471,23978,61030,17441,1164,7701
66056,131568,65105,2716,128852,63340,-407
68173,128364,55665,34068,94296,34105,-4526
70806,102489,34876,65474,37015,5332,3193
39590,43904,12071,39524,4380,66,7757
70294,100250,33667,65832,34418,4462,3711
71963,110172,39087,63996,46176,7967,878
69859,124061,50208,47290,76771,22569,-3994
71846,114741,42173,60790,53951,11056,-722
14834,15305,3944,14834,471,0,3473
69297,125897,52103,43382,82515,25915,-4497
36578,40074,10905,36528,3546,50,7409
71670,109683,38985,63426,46257,8244,972
43871,49622,13874,43748,5874,123,8123
62965,80217,24691,61670,18547,1295,7439
69277,126429,52660,42218,84211,27059,-4492
71527,116453,43471,59022,57431,12505,-1455
68164,93086,30247,65184,27902,2980,5325
66842,88995,28347,64602,24393,2240,6194
32406,35152,9480,32384,2768,22,6734
54703,65306,19090,54252,11054,451,8487
70794,101769,34411,65894,35875,4900,3436
47303,54206,15319,47136,7070,167,8416
69135,126855,53158,41078,85777,28057,-4562
69137,126162,52591,41960,84202,27177,-4434
70565,122461,48431,51198,71263,19367,-3465
62172,78809,24160,60978,17831,1194,7523
35463,38787,10539,35418,3369,45,7215
63338,80714,24863,61976,18738,1362,7487
71483,117099,43931,58474,58625,13009,-1685
70751,102566,34924,65436,37130,5315,3109
70426,101344,34315,65428,35916,4998,3397
47681,54897,15580,47474,7423,207,8364
70281,100207,33657,65786,34421,4495,3731
44556,50526,14159,44416,6110,140,8189
70669,101229,34123,65966,35263,4703,3563
42871,48204,13411,42764,5440,107,8078
71269,117910,44620,57340,60570,13929,-2021
71887,114886,42287,60624,54262,11263,-712
71259,106875,37360,64310,42565,6949,1744
71903,111501,40007,62974,48527,8929,409
64010,82406,25586,62468,19938,1542,7190
66469,88445,28178,64178,24267,2291,6202
51718,60581,17442,51394,9187,324,8579
71618,115143,42580,59966,55177,11652,-945
21301,22333,5843,21294,1039,7,4811
55276,66267,19438,54782,11485,494,8447
71737,112783,40913,61914,50869,9823,-133
70971,103008,35073,65724,37284,5247,3036
8678,8853,2257,8678,175,0,2082
71453,108775,38477,63642,45133,7811,1155
69105,95191,31128,65870,29321,3235,5042
61765,77791,23731,60658,17133,1107,7705
66926,89088,28384,64640,24448,2286,6222
71782,111414,39982,62900,48514,8882,350
71440,116176,43344,58976,57200,12464,-1392
69718,124982,51072,45676,79306,24042,-4192
71967,113803,41486,61662,52141,10305,-350
70009,99186,33151,65768,33418,4241,3974
70201,99339,33175,65978,33361,4223,4037
68911,126774,53176,40844,85930,28067,-4687
71697,110075,39200,63350,46725,8347,822
71777,110663,39511,63282,47381,8495,625
68816,127171,53712,39494,87677,29322,-4643
67711,91418,29441,65072,26346,2639,5734
69786,98866,33026,65628,33238,4158,3946
71622,111942,40420,62204,49738,9418,100
70813,120792,47016,53520,67272,17293,-2963
27173,28980,7700,27160,1820,13,5893
68891,95067,31125,65634,29433,3257,4949
71073,104043,35671,65402,38641,5671,2701
66790,130477,59850,21554,108923,45236,-3837
39221,43464,11941,39164,4300,57,7698
24321,25709,6775,24318,1391,3,5387
5937,6018,1525,5936,82,1,1444
71734,112313,40642,62058,50255,9676,63
39315,43640,12010,39240,4400,75,7685
50269,58455,16725,50010,8445,259,8539
59839,73904,22204,58992,14912,847,8139
39194,43427,11933,39122,4305,72,7700
71331,106703,37196,64622,42081,6709,1824
71214,104497,35924,65298,39199,5916,2641
63466,81045,25016,62026,19019,1440,7437
66186,86757,27339,64158,22599,2028,6768
67907,92194,29806,65164,27030,2743,5519
53580,63241,18318,53210,10031,370,8657
30026,32229,8612,30010,2219,16,6409
70877,120951,47083,53570,67381,17307,-2991
71733,110649,39540,63138,47511,8595,624
70501,101772,34499,65548,36224,4953,3228
71078,105543,36573,64794,40749,6284,2108
66612,130793,60744,18610,112183,48002,-3437
30946,33378,8958,30924,2454,22,6526
57227,69616,20659,56596,13020,631,8270
26446,28154,7467,26440,1714,6,5759
71536,107834,37844,64292,43542,7244,1546
68608,94955,31192,65142,29813,3466,4845
22695,23901,6279,22686,1215,9,5073
49234,56799,16147,49010,7789,224,8582
70619,101874,34539,65592,36282,5027,3284
67886,92148,29798,65104,27044,2782,5536
37928,41793,11427,37878,3915,50,7562
64056,82411,25552,62614,19797,1442,7197
69707,97761,32409,65886,31875,3821,4355
66080,131549,64520,5018,126531,61062,-949
70925,121124,47204,53432,67692,17493,-2995
66481,131071,61608,15710,115361,50771,-2982
69465,125709,51821,44134,81575,25331,-4423
62853,80193,24717,61518,18675,1335,7377
64551,83629,26094,62882,20747,1669,7016
32146,34809,9374,32122,2687,24,6711
34781,38034,10332,34740,3294,41,7079
69659,97518,32300,65836,31682,3823,4441
70288,100516,33796,65848,34668,4440,3568
71476,116051,43279,58986,57065,12490,-1296
68875,95251,31256,65478,29773,3397,4880
70272,100606,33918,65540,35066,4732,3584
23305,24562,6456,23300,1262,5,5199
68300,92691,30001,65378,27313,2922,5610
56,56,14,56,0,0,14
71934,109366,38686,63988,45378,7946,1254
64320,82651,25617,62834,19817,1486,7286
69772,124786,50809,46336,78450,23436,-4205
63866,82682,25758,62332,20350,1534,6942
69224,95896,31497,65804,30092,3420,4825
67296,90563,29094,64750,25813,2546,5827
67886,128876,56357,32324,96552,35562,-4633
61475,77257,23533,60382,16875,1093,7751
70887,121046,47136,53548,67498,17339,-3023
71352,107075,37408,64518,42557,6834,1685
66881,130482,59741,22000,108482,44881,-3860
42778,48157,13408,42682,5475,96,8029
70359,122872,48878,50232,72640,20127,-3635
71613,110710,39667,62752,47958,8861,570
66635,87545,27608,64658,22887,1977,6698
71608,109845,39044,63514,46331,8094,807
54499,64798,18884,54060,10738,439,8585
71633,110828,39694,62880,47948,8753,499
71640,110088,39257,63148,46940,8492,809
70633,121198,47408,52764,68434,17869,-3157
69154,96600,31954,65384,31216,3770,4508
24686,26120,6890,24680,1440,6,5456
61551,77735,23772,60382,17353,1169,7588
66558,130922,61062,17596,113326,48962,-3302
58836,72026,21493,58080,13946,756,8303
70442,122396,48472,50904,71492,19538,-3482
69493,125448,51588,44544,80904,24949,-4367
65256,85094,26687,63440,21654,1816,6849
70633,101705,34443,65638,36067,4995,3371
2800,2814,707,2800,14,0,693
67733,129413,57177,30118,99295,37615,-4503
71713,108296,38039,64436,43860,7277,1456
66034,86678,27309,64120,22558,1914,6665
70625,102123,34675,65546,36577,5079,3177
71615,114636,42262,60224,54412,11391,-759
71851,113928,41636,61312,52616,10539,-441
8868,9018,2292,8868,150,0,2142
71365,107436,37642,64304,43132,7061,1571
69853,98183,32626,65862,32321,3991,4296
66642,130827,60800,18454,112373,48188,-3385
68976,126782,53286,40420,86362,28556,-4520
65790,86392,27240,63824,22568,1966,6638
69701,124713,50838,46074,78639,23627,-4174
60665,75552,22853,59692,15860,973,7966
71258,105442,36470,65004,40438,6254,2286
71720,109161,38611,63878,45283,7842,1170
67713,129150,56843,30928,98222,36785,-4594
71243,119731,45940,55702,64029,15541,-2548
71522,107641,37762,64234,43407,7288,1643
47032,53827,15204,46838,6989,194,8409
69068,95047,31045,65914,29133,3154,5066
66202,87519,27726,64134,23385,2068,6409
62310,78986,24220,61092,17894,1218,7544
71647,116401,43464,58946,57455,12701,-1290
71051,120267,46458,54702,65565,16349,-2758
70416,101389,34320,65498,35891,4918,3347
70246,100074,33595,65768,34306,4478,3767
65925,86653,27332,63978,22675,1947,6604
27768,29550,7837,27752,1798,16,6055
71779,112495,40719,62114,50381,9665,3
46681,53367,15060,46494,6873,187,8374
17645,18352,4766,17640,712,5,4059
63534,81128,25007,62228,18900,1306,7413
71446,106898,37270,64716,42182,6730,1818
45121,51084,14297,44980,6104,141,8334
71700,110987,39765,62914,48073,8786,478
65458,85639,26945,63498,22141,1960,6764
61545,77356,23558,60480,16876,1065,7747
71825,111312,39921,62940,48372,8885,434
66168,131441,63413,9230,122211,56938,-1860
15945,16480,4254,15944,536,1,3719
16027,16622,4305,16024,598,3,3710
71674,108849,38419,64022,44827,7652,1244
68128,128522,55811,33800,94722,34328,-4583
67842,91952,29710,65064,26888,2778,5600
31585,34143,9181,31562,2581,23,6623
12472,12808,3286,12472,336,0,2950
69823,98659,32926,65614,33045,4209,4090
42875,48382,13502,42756,5626,119,7995
71641,107338,37484,64740,42598,6901,1787
68916,126884,53366,40304,86580,28612,-4602
50173,58428,16743,49884,8544,289,8488
71775,111806,40329,62296,49510,9479,298
71548,106866,37234,64796,42070,6752,1916
70926,120326,46581,54328,65998,16598,-2819
66306,131187,62313,13122,118065,53184,-2568
41951,46995,13035,41850,5145,101,7991
63658,81532,25214,62208,19324,1450,7340
71166,105482,36553,64752,40730,6414,2237
70147,99322,33213,65792,33530,4355,4038
68801,94963,31115,65466,29497,3335,4953
50327,58482,16726,50060,8422,267,8571
62165,78484,24002,60960,17524,1205,7683
67506,129578,57612,28708,100870,38798,-4460
67475,91334,29461,64824,26510,2651,5602
67232,90162,28891,64760,25402,2472,5961
70589,100602,33786,66060,34542,4529,3773
64474,83193,25862,62938,20255,1536,7143
67747,91378,29388,65204,26174,2543,5757
50245,58388,16692,50008,8380,237,8549
71867,112300,40556,62376,49924,9491,123
59640,73538,22074,58780,14758,860,8176
67943,128886,56238,32820,96066,35123,-4705
48638,56252,16030,48384,7868,254,8416
69860,124432,50450,47064,77368,22796,-4122
71324,117501,44338,57650,59851,13674,-1839
16690,17303,4479,16690,613,0,3866
68091,128644,55907,33660,94984,34431,-4646
71519,108085,37989,64214,43871,7305,1423
66557,88327,28068,64382,23945,2175,6298
65876,86695,27378,63878,22817,1998,6559
60591,75433,22820,59586,15847,1005,7978
63198,80383,24703,61954,18429,1244,7518
46529,53109,14960,46378,6731,151,8380
67986,92191,29800,65182,27009,2804,5595
70578,101309,34214,65762,35547,4816,3483
68366,127865,54839,36374,91491,31992,-4660
71420,107738,37836,64132,43606,7288,1518
64575,83194,25833,63056,20138,1519,7214
58673,71988,21522,57888,14100,785,8207
68850,94613,30897,65638,28975,3212,5134
71856,114217,41844,61058,53159,10798,-517
69541,96932,31986,65920,31012,3621,4595
66818,130636,60111,20828,109808,45990,-3707
20244,21179,5530,20238,941,6,4595
66804,88602,28122,64716,23886,2088,6324
66814,130463,59860,21486,108977,45328,-3789
47410,54477,15443,47182,7295,228,8376
71396,117179,44095,57978,59201,13418,-1688
2110,2119,532,2110,9,0,523
9385,9576,2442,9384,192,1,2251
67625,91322,29419,64968,26354,2657,5722
21981,23103,6058,21974,1129,7,4936
65406,86005,27157,63382,22623,2024,6558
72027,113889,41605,61358,52531,10669,-257
66556,130887,60992,17806,113081,48750,-3339
63948,82700,25757,62372,20328,1576,7005
52923,62510,18122,52532,9978,391,8535
28868,30990,8283,28848,2142,20,6161
42805,48117,13385,42694,5423,111,8073
33402,36346,9832,33364,2982,38,6888
69770,125014,50999,46032,78982,23738,-4245
71477,115426,42821,59568,55858,11909,-1128
61967,78314,23954,60812,17502,1155,7607
71701,109596,38865,63732,45864,7969,970
65981,87076,27559,63916,23160,2065,6464
70600,101657,34405,65694,35963,4906,3348
25847,27400,7241,25836,1564,11,5688
69104,95302,31205,65784,29518,3320,5007
69495,96460,31743,65948,30512,3547,4778
69923,124489,50463,47126,77363,22797,-4103
4348,4386,1106,4348,38,0,1068
70268,100285,33755,65550,34735,4718,3738
71705,113652,41533,61172,52480,10533,-414
66845,130503,59901,21402,109101,45443,-3757
71103,120188,46419,54700,65488,16403,-2666
71308,105905,36726,64906,40999,6402,2129
39605,44123,12183,39514,4609,91,7665
53583,63633,18530,53146,10487,437,8480
52782,62217,18000,52434,9783,348,8565
68653,127580,54216,38296,89284,30357,-4711
65597,86438,27324,63580,22858,2017,6483
69773,98153,32616,65842,32311,3931,4236
30498,32710,8735,30480,2230,18,6523
67517,91356,29469,64836,26520,2681,5630
66240,131313,62809,11390,119923,54850,-2264
71375,105780,36636,65016,40764,6359,2231
68254,128111,55156,35598,92513,32656,-4701
71532,116211,43325,59122,57089,12410,-1354
24302,25683,6768,24294,1389,8,5387
66343,87876,27887,64204,23672,2139,6354
71735,113460,41373,61428,52032,10307,-352
71835,110683,39568,63094,47589,8741,720
60920,76225,23126,59946,16279,974,7821
65182,85293,26822,63298,21995,1884,6711
18649,19434,5055,18648,786,1,4270
27927,29898,7971,27912,1986,15,6000
42595,48034,13393,42496,5538,99,7954
68443,93462,30383,65392,28070,3051,5364
71461,114685,42335,60030,54655,11431,-889
45740,52040,14630,45560,6480,180,8330
27156,28996,7711,27148,1848,8,5871
46402,52783,14826,46262,6521,140,8445
69588,125337,51429,44958,80379,24630,-4320
62126,78419,23990,60878,17541,1248,7697
69253,126003,52258,42974,83029,26279,-4492
68345,93106,30192,65444,27662,2901,5431
61580,77597,23683,60462,17135,1118,7666
43998,49783,13927,43858,5925,140,8142
71161,103646,35393,65720,37926,5441,2908
67366,129772,58024,27448,102324,39918,-4382
24047,25339,6660,24038,1301,9,5368
70616,101947,34619,65418,36529,5198,3288
66157,131452,63725,8004,123448,58153,-1570
63407,81038,25015,62016,19022,1391,7384
65082,84742,26544,63308,21434,1774,6884
57850,70610,21005,57200,13410,650,8245
67755,129189,56782,31250,97939,36505,-4652
71463,118557,45039,56958,61599,14505,-2055
67543,129467,57435,29194,100273,38349,-4489
66063,131559,64853,3706,127853,62357,-643
71811,107576,37597,64764,42812,7047,1832
51854,61104,17678,51496,9608,358,8428
51100,59775,17191,50786,8989,314,8516
66620,88163,27950,64526,23637,2094,6407
69133,96408,31862,65368,31040,3765,4587
70389,100760,33950,65720,35040,4669,3579
71283,105387,36445,64994,40393,6289,2341
12530,12874,3305,12528,346,2,2961
71125,120112,46305,55004,65108,16121,-2682
61401,76943,23391,60322,16621,1079,7849
71360,106597,37160,64554,42043,6806,1923
55066,66042,19385,54544,11498,522,8409
64841,83816,26095,63252,20564,1589,7120
33693,36666,9920,33652,3014,41,6947
67738,129130,56868,30788,98342,36950,-4524
52207,61515,17793,51858,9657,349,8485
71083,105411,36501,64818,40593,6265,2173
70735,102167,34694,65558,36609,5177,3262
68032,92921,30218,64970,27951,3062,5329
63408,81637,25344,61898,19739,1510,7115
69909,97612,32283,66092,31520,3817,4580
68251,128323,55355,35226,93097,33025,-4717
51532,60090,17231,51256,8834,276,8673
71434,118431,44991,56898,61533,14536,-2006
70460,122195,48233,51458,70737,19002,-3502
63974,82870,25858,62308,20562,1666,6962
68186,92495,29905,65370,27125,2816,5596
14093,14532,3743,14092,440,1,3304
71580,110414,39407,63200,47214,8380,573
5120,5170,1305,5120,50,0,1255
71540,108832,38462,63816,45016,7724,1170
61204,76459,23186,60174,16285,1030,7931
71385,115491,42918,59310,56181,12075,-1188
29179,31213,8315,29166,2047,13,6281
71676,108739,38332,64150,44589,7526,1269
66086,131503,64246,6022,125481,60064,-1171
67417,90477,29019,64878,25599,2539,5959
69635,124728,50894,45880,78848,23755,-4199
71704,116726,43635,58912,57814,12792,-1387
71192,119315,45681,55906,63409,15286,-2442
71428,108626,38372,63764,44862,7664,1174
16685,17302,4480,16684,618,1,3863
49073,56924,16256,48824,8100,249,8405
33941,36952,9997,33916,3036,25,6986
65057,85035,26715,63210,21825,1847,6737
30914,33300,8928,30888,2412,26,6542
67887,92199,29794,65222,26977,2665,5482
71287,105669,36628,64826,40843,6461,2246
66598,130853,60957,17878,112975,48720,-3298
68749,127277,53868,39082,88195,29667,-4660
66997,89885,28801,64566,25319,2431,5913
66224,87234,27546,64284,22950,1940,6536
66722,88786,28285,64432,24354,2290,6221
28375,30244,8032,28360,1884,15,6163
67075,89605,28630,64690,24915,2385,6100
71714,116114,43157,59600,56514,12114,-1243
71514,106379,36940,64998,41381,6516,2075
62751,79451,24334,61566,17885,1185,7634
70949,121754,47712,52660,69094,18289,-3093
63530,81368,25153,62124,19244,1406,7315
62119,78222,23863,60992,17230,1127,7760
70898,120698,46900,53796,66902,17102,-2900
70650,100556,33756,66088,34468,4562,3850
71748,109898,39019,63720,46178,8028,869
67011,89512,28619,64548,24964,2463,6118
66071,131546,64593,4720,126826,61351,-882
70532,101494,34327,65680,35814,4852,3365
70272,99849,33460,65858,33991,4414,3883
28024,29951,7972,28014,1937,10,6045
60565,75210,22689,59664,15546,901,8044
69361,125780,51919,43884,81896,25477,-4500
68597,127721,54454,37626,90095,30971,-4670
62461,78861,24123,61230,17631,1231,7723
70561,101223,34171,65762,35461,4799,3509
71555,116674,43667,58680,57994,12875,-1452
68437,127765,54699,36734,91031,31703,-4629
71085,104226,35790,65292,38934,5793,2649
70818,103801,35630,65082,38719,5736,2647
71608,113606,41583,60880,52726,10728,-415
59890,74170,22329,59024,15146,866,8049
5198,5245,1323,5198,47,0,1276
36612,40283,11000,36566,3717,46,7329
71569,115016,42471,60148,54868,11421,-976
44636,50581,14168,44490,6091,146,8223
70807,121895,47825,52490,69405,18317,-3263
66050,131578,65269,2080,129498,63970,-259
71084,104364,35867,65260,39104,5824,2587
69172,96886,32086,65428,31458,3744,4372
66643,87956,27847,64524,23432,2119,6534
6740,6840,1735,6740,100,0,1635
67619,129258,57046,30332,98926,37287,-4593
12066,12385,3176,12066,319,0,2857
71285,119757,46000,55514,64243,15771,-2472
44747,50792,14250,44584,6208,163,8205
69189,126315,52612,42182,84133,27007,-4514
71718,114782,42283,60432,54350,11286,-781
66216,87772,27874,64048,23724,2168,6318
71665,113764,41593,61156,52608,10509,-506
10450,10667,2721,10450,217,0,2504
71776,110469,39390,63378,47091,8398,697
69326,125975,52183,43218,82757,26108,-4466
71673,109625,38909,63614,46011,8059,957
68325,93622,30502,65236,28386,3089,5205
71238,104397,35843,65422,38975,5816,2684
70428,99878,33438,66004,33874,4424,3988
71789,107840,37744,64704,43136,7085,1693
71304,107008,37388,64464,42544,6840,1684
39481,43815,12056,39406,4409,75,7722
68223,92988,30160,65336,27652,2887,5395
71749,114917,42344,60458,54459,11291,-824
24202,25560,6731,24196,1364,6,5373
55859,67392,19870,55304,12088,555,8337
46190,52685,14841,46006,6679,184,8346
68979,94904,31024,65712,29192,3267,5099
5684,5746,1452,5684,62,0,1390
56563,68541,20291,55918,12623,645,8313
68271,92956,30125,65412,27544,2859,5440
38502,42576,11679,38436,4140,66,7605
14044,14480,3729,14044,436,0,3293
63766,81543,25189,62330,19213,1436,7412
58070,70958,21131,57392,13566,678,8243
71837,108302,38032,64476,43826,7361,1567
71744,114177,41902,60746,53431,10998,-531
70858,103306,35299,65416,37890,5442,2851
61181,76662,23299,60128,16534,1053,7818
58294,71170,21188,57588,13582,706,8312
71365,107321,37553,64430,42891,6935,1597
38392,42470,11656,38316,4154,76,7578
67504,129490,57453,29168,100322,38336,-4533
71958,113940,41612,61432,52508,10526,-370
66292,131277,62589,12198,119079,54094,-2396
67280,90517,29071,64750,25767,2530,5834
69646,97446,32288,65740,31706,3906,4488
59174,73025,21926,58346,14679,828,8075
16848,17416,4496,16848,568,0,3928
59369,73086,21879,58656,14430,713,8162
19054,19844,5159,19052,792,2,4369
70154,123683,49641,48802,74881,21352,-3888
19719,20594,5368,19716,878,3,4493
4608,4646,1171,4608,38,0,1133
71605,107885,37886,64226,43659,7379,1606
71472,107450,37604,64484,42966,6988,1626
68511,127796,54629,37076,90720,31435,-4656
66076,131539,64485,5138,126401,60938,-978
70574,121433,47626,52362,69071,18212,-3233
70431,122770,48780,50420,72350,20011,-3559
70498,122870,48784,50604,72266,19894,-3588
70303,100825,34029,65534,35291,4769,3507
9756,9972,2547,9756,216,0,2331
67068,89458,28556,64692,24766,2376,6166
62122,78410,23969,60944,17466,1178,7681
43498,49137,13726,43370,5767,128,8087
68333,92880,30073,65468,27412,2865,5526
51708,60703,17511,51362,9341,346,8516
68845,126963,53483,39994,86969,28851,-4635
71312,105827,36689,64898,40929,6414,2174
39470,43825,12063,39398,4427,72,7708
71681,110401,39413,63150,47251,8531,693
66334,87556,27704,64296,23260,2038,6482
70795,102320,34702,65832,36488,4963,3177
67987,92096,29764,65136,26960,2851,5655
69271,126030,52277,42952,83078,26319,-4482
70944,120161,46498,54330,65831,16614,-2719
71010,103238,35243,65504,37734,5506,3015
71178,119325,45774,55554,63771,15624,-2373
67955,128744,56168,32816,95928,35139,-4621
70634,102884,35145,65188,37696,5446,2895
65308,85298,26798,63404,21894,1904,6808
36300,39681,10774,36266,3415,34,7393
71549,109347,38827,63386,45961,8163,1029
59982,74352,22397,59116,15236,866,8027
69923,99056,33106,65688,33368,4235,3973
64365,82893,25744,62810,20083,1555,7216
67669,129264,57102,30120,99144,37549,-4493
67221,89803,28677,64898,24905,2323,6095
27894,29836,7950,27872,1964,22,6008
62577,79116,24209,61396,17720,1181,7670
67208,129998,58624,25500,104498,41708,-4166
65462,85721,26974,63546,22175,1916,6715
67640,129208,57000,30416,98792,37224,-4568
53710,63418,18381,53312,10106,398,8673
70631,101526,34327,65744,35782,4887,3432
69798,98689,32946,65594,33095,4204,4055
68359,92707,29963,65562,27145,2797,5615
42399,47543,13198,42294,5249,105,8054
71408,118499,45096,56614,61885,14794,-1995
71408,108353,38207,63878,44475,7530,1262
61621,77398,23583,60464,16934,1157,7806
71545,108845,38504,63674,45171,7871,1204
68771,127357,53971,38830,88527,29941,-4615
68890,127124,53616,39784,87340,29106,-4618
71660,115398,42795,59616,55782,12044,-943
70131,123439,49467,49010,74429,21121,-3841
33437,36317,9806,33410,2907,27,6926
63489,80728,24809,62220,18508,1269,7570
71906,110194,39185,63648,46546,8258,897
71298,117735,44513,57418,60317,13880,-1924
11388,11668,2987,11388,280,0,2707
68478,93252,30228,65592,27660,2886,5454
66172,131437,63525,8774,122663,57398,-1740
66061,131554,64829,3792,127762,62269,-664
68116,92218,29769,65360,26858,2756,5667
71532,112419,40802,61630,50789,9902,-85
70552,100364,33653,66116,34248,4436,3841
64105,82470,25571,62656,19814,1449,7206
70368,123084,49029,50052,73032,20316,-3687
68635,93698,30452,65588,28110,3047,5389
71852,115107,42456,60390,54717,11462,-799
67312,90611,29118,64750,25861,2562,5819
1906,1911,479,1906,5,0,474
71461,118069,44682,57410,60659,14051,-1926
54565,65114,19019,54152,10962,413,8470
12188,12526,3216,12188,338,0,2878
71329,118240,44874,56984,61256,14345,-2037
35261,38552,10472,35216,3336,45,7181
71246,105940,36806,64656,41284,6590,2112
70732,121767,47791,52370,69397,18362,-3244
57089,69129,20446,56474,12655,615,8406
70349,123041,49020,50002,73039,20347,-3672
50227,58434,16729,49952,8482,275,8522
71228,107713,37923,63734,43979,7494,1438
71520,107869,37848,64346,43523,7174,1499
69996,123577,49607,48726,74851,21270,-3974
67912,91724,29568,65176,26548,2736,5756
71313,107625,37811,64006,43619,7307,1499
69181,96152,31673,65612,30540,3569,4702
65534,85652,26903,63692,21960,1842,6785
67614,129341,57177,29974,99367,37640,-4550
70087,123995,49958,48158,75837,21929,-3950
62960,80129,24651,61654,18475,1306,7482
66707,130728,60484,19520,111208,47187,-3537
70046,99563,33361,65682,33881,4364,3844
68904,127103,53632,39678,87425,29226,-4567
69497,97336,32270,65592,31744,3905,4431
68930,94510,30804,65804,28706,3126,5224
68537,127613,54308,37994,89619,30543,-4768
71281,106788,37277,64468,42320,6813,1770
71611,111528,40163,62404,49124,9207,246
66438,88061,27968,64250,23811,2188,6345
67786,129076,56642,31584,97492,36202,-4648
71757,115112,42497,60236,54876,11521,-858
70695,102600,34940,65440,37160,5255,3035
71104,120129,46354,54842,65287,16262,-2671
69292,126114,52293,43056,83058,26236,-4529
56645,68606,20296,56028,12578,617,8335
70550,122255,48297,51322,70933,19228,-3408
33659,36466,9827,33624,2842,35,7020
25104,26612,7033,25092,1520,12,5525
35054,38208,10349,35020,3188,34,7195
69647,97749,32432,65770,31979,3877,4330
71755,108892,38442,64016,44876,7739,1305
63179,80508,24789,61860,18648,1319,7460
64390,83134,25866,62804,20330,1586,7122
1590,1593,399,1590,3,0,396
70102,124325,50150,48050,76275,22052,-4073
71752,112663,40856,61902,50761,9850,-55
71549,107577,37677,64446,43131,7103,1649
39658,44099,12156,39574,4525,84,7715
71458,119031,45401,56458,62573,15000,-2172
70138,98738,32860,66036,32702,4102,4260
69187,126039,52377,42570,83469,26617,-4475
68734,127116,53699,39436,87680,29298,-4683
26057,27639,7307,26050,1589,7,5725
60428,75150,22694,59524,15626,904,7972
69529,96687,31867,65906,30781,3623,4709
68396,127816,54700,36832,90984,31564,-4720
70732,121474,47565,52688,68786,18044,-3177
71107,103660,35422,65632,38028,5475,2869
70465,100969,34069,65662,35307,4803,3565
67171,129904,58466,25944,103960,41227,-4267
35459,38788,10544,35400,3388,59,7215
66902,130444,59663,22236,108208,44666,-3879
41762,46828,12997,41668,5160,94,7931
71764,111051,39787,62954,48097,8810,500
67217,90491,29085,64642,25849,2575,5811
66076,131530,64579,4744,126786,61332,-875
67789,91852,29671,65020,26832,2769,5608
71554,116026,43230,59132,56894,12422,-1242
60724,75959,23061,59674,16285,1050,7826
71574,108085,37998,64178,43907,7396,1487
71403,105775,36605,65130,40645,6273,2233
70675,101937,34546,65690,36247,4985,3284
71688,116356,43341,59348,57008,12340,-1327
71780,114623,42147,60658,53965,11122,-696
71716,112295,40597,62202,50093,9514,18
67010,89880,28766,64696,25184,2314,5896
71361,104124,35599,65852,38272,5509,2836
70723,102728,35008,65424,37304,5299,3003
71562,115979,43131,59434,56545,12128,-1286
44718,50885,14299,44574,6311,144,8132
5026,5065,1276,5026,39,0,1237
36125,39616,10788,36080,3536,45,7297
66081,131506,64290,5852,125654,60229,-1135
66077,131527,64472,5166,126361,60911,-978
71088,104773,36104,65130,39643,5958,2419
71758,109478,38799,63760,45718,7998,1079
70607,101449,34290,65738,35711,4869,3448
55034,66046,19403,54480,11566,554,8391
71620,110818,39643,63064,47754,8556,445
56136,67881,20056,55538,12343,598,8311
71719,114024,41771,60964,53060,10755,-534
67207,130057,58754,25098,104959,42109,-4096
55882,67013,19657,55398,11615,484,8526
66523,130976,61324,16656,114320,49867,-3129
70964,103830,35599,65264,38566,5700,2733
58847,72364,21671,58044,14320,803,8154
31826,34452,9275,31804,2648,22,6649
71561,111193,40003,62374,48819,9187,371
70812,102457,34795,65734,36723,5078,3150
37464,41381,11340,37402,3979,62,7423
71772,109421,38748,63850,45571,7922,1099
68927,126900,53332,40472,86428,28455,-4641
61179,76472,23204,60128,16344,1051,7911
69293,126028,52346,42672,83356,26621,-4389
71568,114322,42011,60600,53722,10968,-743
61285,76730,23307,60232,16498,1053,7862
27888,29813,7937,27878,1935,10,6012
71618,106999,37275,64898,42101,6720,1894
70438,99934,33456,66044,33890,4394,3960
69437,96227,31604,66038,30189,3399,4814
49725,57756,16517,49444,8312,281,8486
69972,99733,33504,65450,34283,4522,3743
57061,69470,20631,56416,13054,645,8222
65496,85563,26858,63694,21869,1802,6791
70963,120783,46930,53846,66937,17117,-2890
70100,98667,32822,66046,32621,4054,4255
69204,96853,32068,65434,31419,3770,4419
71045,120773,46875,54046,66727,16999,-2853
52714,62106,17960,52372,9734,342,8568
58847,72543,21773,57994,14549,853,8077
70542,103062,35293,64952,38110,5590,2773
59012,72346,21610,58252,14094,760,8276
71002,103636,35447,65484,38152,5518,2813
38175,42200,11572,38112,4088,63,7547
70061,99366,33237,65784,33582,4277,3932
71413,107221,37506,64418,42803,6995,1698
43082,48503,13511,42962,5541,120,8090
63209,80559,24810,61878,18681,1331,7460
47940,55310,15730,47700,7610,240,8360
71025,105141,36372,64794,40347,6231,2256
71613,109275,38704,63734,45541,7879,1042
68482,93356,30315,65452,27904,3030,5441
61461,77020,23408,60408,16612,1053,7849
66592,88505,28161,64366,24139,2226,6248
26392,28138,7474,26380,1758,12,5728
70647,121424,47601,52444,68980,18203,-3176
71757,112491,40739,62026,50465,9731,5
52516,61822,17873,52152,9670,364,8567
71662,114068,41849,60740,53328,10922,-557
71746,109819,39040,63478,46341,8268,967
66336,131135,62148,13678,117457,52658,-2651
67403,90677,29119,64878,25799,2525,5845
69754,124814,50932,45900,78914,23854,-4128
50039,57997,16552,49786,8211,253,8594
66118,86993,27454,64170,22823,1948,6579
71625,116396,43462,58944,57452,12681,-1309
71569,116272,43354,59128,57144,12441,-1349
21517,22545,5894,21514,1031,3,4866
70542,122952,48763,50852,72100,19690,-3647
52046,61325,17744,51674,9651,372,8465
15624,16180,4184,15624,556,0,3628
48323,55641,15796,48098,7543,225,8478
67618,129117,57061,29990,99127,37628,-4438
67237,129926,58421,26168,103758,41069,-4268
39465,43850,12078,39388,4462,77,7693
66205,131398,63262,9748,121650,56457,-1931
70297,99207,33077,66106,33101,4191,4167
70329,101186,34236,65428,35758,4901,3379
49154,56776,16155,48932,7844,222,8533
71454,117384,44183,58036,59348,13418,-1747
71841,111333,39919,62990,48343,8851,427
