Points,Edges,Area,Perimeter,Contact_perimeter,TETRAPIXEL,Euler_General_8_Async
2254,2464,669,2252,212,2,291
4514,7396,2786,3648,3748,866,-465
4399,7979,3300,2758,5221,1641,-468
4521,6608,2263,4164,2444,357,-323
4192,5497,1735,4054,1443,138,-40
4269,5899,1934,4062,1837,207,-141
4451,6627,2308,4022,2605,429,-308
1283,1347,353,1282,65,1,244
3915,4923,1498,3854,1069,61,49
4442,6329,2127,4150,2179,292,-257
4305,5931,1937,4114,1817,191,-164
4269,8257,3774,1418,6839,2851,-260
4541,7216,2644,3856,3360,685,-451
2222,2453,672,2218,235,4,293
1274,1337,350,1274,63,0,244
2313,2540,692,2312,228,1,324
4244,5625,1786,4106,1519,138,-65
3770,4664,1404,3712,952,58,99
3113,3613,1032,3098,515,15,257
3206,3798,1103,3184,614,22,221
3991,5120,1584,3904,1216,87,10
4420,6360,2152,4112,2248,308,-246
4523,7667,2985,3394,4273,1129,-488
4259,8249,3793,1326,6923,2933,-233
4426,7933,3269,2790,5143,1636,-460
4291,5824,1882,4120,1704,171,-135
4526,7403,2775,3706,3697,820,-474
2862,3291,935,2842,449,20,261
4430,6319,2121,4154,2165,276,-243
4354,5996,1965,4132,1864,222,-149
4571,7367,2731,3810,3557,761,-491
4309,8156,3578,2000,6156,2309,-360
4528,7411,2773,3730,3681,798,-491
4299,8167,3594,1958,6209,2341,-356
2684,3021,842,2674,347,10,304
1454,1529,401,1454,75,0,251
3400,3987,1149,3378,609,22,210
4300,5775,1856,4126,1649,174,-122
4323,8190,3619,1904,6286,2419,-353
4322,6043,2004,4070,1973,252,-155
3665,4448,1316,3632,816,33,163
3443,4081,1186,3418,663,25,204
4230,5560,1752,4112,1448,118,-76
3114,3597,1025,3094,503,20,253
4225,8316,4060,392,7924,3833,-31
3256,3801,1090,3242,559,14,238
4477,6670,2327,4032,2638,445,-310
4008,5160,1603,3908,1252,100,17
4299,5910,1929,4104,1806,195,-157
4500,7745,3059,3254,4491,1246,-496
4470,6566,2252,4124,2442,346,-312
4584,7239,2642,3910,3329,674,-456
4300,5846,1898,4100,1746,200,-143
3984,5008,1525,3916,1092,68,51
4362,6164,2062,4080,2084,282,-203
3288,3918,1145,3256,662,32,231
4226,8307,3999,618,7689,3608,-83
4264,8247,3773,1402,6845,2862,-253
4496,7571,2919,3466,4105,1030,-483
4503,6611,2268,4150,2461,353,-323
3974,5189,1636,3834,1355,140,9
4471,7766,3069,3256,4510,1215,-497
4471,6408,2167,4148,2260,323,-260
4269,5775,1863,4098,1677,171,-122
480,486,123,480,6,0,112
1851,2000,538,1848,152,3,276
4550,6898,2432,4068,2830,482,-389
4006,5006,1517,3944,1062,62,51
4466,7799,3119,3122,4677,1344,-483
4409,6048,1971,4212,1836,197,-177
4302,5821,1875,4142,1679,160,-136
3622,4425,1320,3570,855,52,149
3617,4391,1302,3574,817,43,140
4252,8264,3833,1196,7068,3056,-207
4240,8275,3859,1114,7161,3126,-191
4479,6377,2148,4162,2215,317,-258
4442,6312,2111,4180,2132,262,-240
3690,4463,1318,3654,809,36,128
4515,7494,2861,3544,3950,971,-466
1919,2055,548,1918,137,1,297
4502,7018,2526,3932,3086,570,-417
4423,7991,3303,2770,5221,1653,-472
2949,3415,976,2926,489,23,243
4275,5784,1867,4100,1684,175,-117
428,440,113,428,12,0,97
4465,6284,2084,4232,2052,233,-274
4383,5990,1946,4196,1794,187,-171
4494,6543,2230,4166,2377,328,-301
4427,6252,2084,4168,2084,259,-242
4414,6404,2191,4044,2360,370,-266
4087,5338,1674,3980,1358,107,-12
4269,5774,1859,4112,1662,157,-124
4533,6825,2393,4078,2747,455,-369
3955,5004,1533,3876,1128,79,47
4463,6242,2065,4224,2018,239,-244
4510,7538,2889,3520,4018,990,-475
4547,7256,2680,3792,3464,755,-453
4394,6062,1982,4196,1866,198,-190
4521,6659,2297,4130,2529,391,-328
4430,7892,3211,2940,4952,1490,-476
4245,8296,3916,928,7368,3317,-155
2122,2298,619,2120,178,2,299
4414,6040,1970,4200,1840,214,-192
4409,6207,2066,4150,2057,259,-235
4536,7319,2717,3770,3549,766,-441
4480,6678,2320,4076,2602,404,-323
4300,8180,3613,1908,6272,2392,-343
1973,2126,570,1972,154,1,305
4399,6327,2140,4094,2233,305,-261
4578,7064,2526,4024,3040,554,-443
4449,6441,2192,4114,2327,335,-280
4561,7397,2769,3718,3679,843,-472
2787,3148,879,2780,368,7,301
4217,5586,1774,4076,1510,141,-87
3874,4776,1434,3816,960,58,93
4276,8223,3716,1582,6641,2694,-284
4452,6352,2134,4168,2184,284,-269
4073,5312,1664,3968,1344,105,-22
2998,3450,981,2976,474,22,270
4506,6536,2227,4164,2372,342,-322
3318,3918,1135,3296,622,22,219
4592,7238,2638,3924,3314,668,-471
4385,8026,3360,2612,5414,1773,-447
3686,4489,1333,3646,843,40,123
4500,6356,2122,4224,2132,276,-252
3581,4355,1293,3538,817,43,179
464,468,118,464,4,0,107
4522,7306,2712,3764,3542,758,-456
4559,7518,2844,3660,3858,899,-504
1939,2093,562,1938,155,1,294
4349,8116,3493,2260,5856,2089,-405
4226,8314,4024,532,7782,3694,-65
4604,7149,2581,3974,3175,630,-454
3637,4485,1344,3594,891,43,124
3337,3996,1170,3312,684,25,221
4469,6337,2117,4206,2131,263,-266
3475,4113,1196,3442,671,33,209
728,740,188,728,12,0,161
4523,7357,2750,3714,3643,809,-461
4319,8154,3566,2044,6110,2275,-367
4558,7231,2650,3862,3369,696,-441
4512,6447,2173,4202,2245,310,-259
3875,4795,1444,3814,981,61,80
3842,4768,1437,3788,980,54,93
4403,7927,3291,2690,5237,1713,-437
4338,5959,1950,4118,1841,220,-178
4400,7975,3297,2762,5213,1638,-474
1820,1960,525,1820,140,0,308
3901,4926,1506,3828,1098,73,66
4387,8031,3375,2562,5469,1825,-443
1198,1241,321,1198,43,0,232
4384,8013,3343,2654,5359,1730,-460
4521,6679,2306,4134,2545,387,-342
4480,6315,2104,4214,2101,266,-260
2970,3396,959,2956,440,14,275
4147,5358,1671,4032,1326,115,-16
4274,5736,1841,4108,1628,166,-115
1326,1391,364,1326,65,0,253
4302,8170,3622,1852,6318,2450,-328
3963,5030,1544,3884,1146,79,66
2148,2323,625,2146,177,2,310
4538,7543,2874,3590,3953,948,-495
4320,5797,1864,4138,1659,182,-138
2729,3026,832,2724,302,5,313
3929,4889,1476,3874,1015,55,98
2169,2359,638,2166,193,3,317
4311,5790,1859,4144,1646,167,-122
2802,3174,890,2788,386,14,291
532,538,136,532,6,0,118
4133,5455,1726,4006,1449,127,-54
4370,6081,2006,4138,1943,232,-192
4538,7201,2639,3846,3355,692,-439
3306,3845,1099,3294,551,12,217
3619,4416,1317,3564,852,55,181
3177,3709,1065,3158,551,19,246
4232,8311,3997,634,7677,3598,-89
3854,4796,1451,3788,1008,66,98
4530,6462,2177,4216,2246,314,-293
160,160,40,160,0,0,39
4403,6062,1983,4192,1870,211,-188
4410,6170,2038,4188,1982,222,-221
3602,4330,1273,3568,762,34,168
4542,7004,2508,3976,3028,566,-402
4391,6280,2120,4080,2200,311,-244
2449,2703,740,2446,257,3,310
4495,7822,3107,3216,4606,1279,-510
3975,5092,1574,3888,1204,87,21
4475,6270,2087,4192,2078,283,-227
4583,7102,2558,3972,3130,611,-422
3990,5061,1550,3922,1139,68,34
3885,4807,1445,3834,973,51,77
4229,8306,3969,736,7570,3493,-113
4457,6329,2125,4158,2171,299,-249
4510,7693,3016,3322,4371,1188,-486
1528,1602,419,1528,74,0,278
3596,4340,1280,3560,780,36,163
4519,6859,2417,4050,2809,469,-370
2482,2755,758,2478,277,4,296
4518,6726,2343,4080,2646,438,-347
4170,5440,1708,4048,1392,122,-59
4543,7301,2689,3846,3455,697,-472
2694,3041,850,2682,359,12,289
1893,2058,556,1892,166,1,274
3879,4897,1498,3802,1095,77,83
4196,5614,1792,4060,1554,136,-94
4296,8229,3701,1654,6575,2642,-305
3260,3797,1088,3242,555,18,224
4507,6741,2347,4094,2647,413,-348
4462,7883,3208,2934,4949,1528,-470
4269,5807,1886,4070,1737,199,-104
4460,6352,2130,4184,2168,276,-260
3932,5012,1546,3840,1172,92,40
52,52,13,52,0,0,13
2984,3419,966,2974,445,10,280
4468,6644,2302,4080,2564,388,-331
3531,4226,1241,3488,738,43,180
4249,8270,3823,1248,7022,3001,-225
3880,4823,1457,3818,1005,62,76
3794,4783,1459,3730,1053,64,98
4542,6739,2332,4150,2589,392,-358
3978,5024,1536,3904,1120,74,53
3381,4006,1162,3364,642,17,203
4515,7622,2946,3460,4162,1055,-500
3703,4493,1331,3662,831,41,127
4524,6887,2441,4010,2877,514,-378
4606,7353,2713,3854,3499,752,-489
4151,5335,1653,4058,1277,93,-13
4564,7281,2681,3838,3443,726,-458
4305,8163,3602,1918,6245,2387,-342
3238,3769,1080,3218,551,20,231
4552,6687,2308,4142,2545,410,-337
3018,3489,994,3002,487,16,246
4439,7766,3104,3116,4650,1323,-466
2124,2304,622,2120,184,4,316
4316,8184,3610,1928,6256,2388,-350
3310,3946,1153,3280,666,30,202
4486,6533,2228,4154,2379,332,-308
4458,7944,3248,2896,5048,1562,-483
4535,7167,2628,3822,3345,713,-415
2886,3276,919,2876,400,10,272
977,1008,260,976,32,1,203
3331,3993,1172,3298,695,33,218
4455,6409,2175,4118,2291,337,-267
4511,7323,2729,3730,3593,781,-450
4321,5807,1865,4154,1653,167,-134
4544,7225,2657,3822,3403,722,-439
4540,6918,2455,4016,2902,524,-371
4507,6549,2243,4126,2423,381,-304
4410,6173,2047,4158,2015,252,-236
4518,6822,2402,4036,2786,482,-356
4295,5866,1910,4092,1774,203,-120
2577,2862,788,2572,290,5,318
4177,5584,1782,4040,1544,137,-62
4529,6673,2316,4082,2591,447,-328
4537,6951,2479,3986,2965,551,-399
4520,6987,2506,3950,3037,570,-386
4529,7216,2659,3796,3420,733,-456
4415,7888,3216,2912,4976,1503,-468
4283,5799,1875,4098,1701,185,-117
4357,5982,1949,4168,1814,189,-176
4460,7752,3072,3216,4536,1244,-488
4370,8054,3409,2472,5582,1898,-437
4331,8113,3509,2190,5923,2141,-388
3959,5037,1549,3878,1159,81,37
4246,5755,1861,4066,1689,180,-117
4468,6270,2079,4224,2046,244,-245
4379,8004,3357,2580,5424,1799,-429
4419,7950,3275,2800,5150,1619,-466
4472,7197,2648,3802,3395,670,-433
4254,8245,3807,1262,6983,2992,-214
4304,5746,1832,4164,1582,140,-128
4511,7536,2883,3540,3996,971,-490
3421,4032,1168,3392,640,29,217
4371,5982,1953,4152,1830,219,-180
3155,3627,1028,3142,485,13,265
2170,2378,648,2164,214,6,304
4425,6334,2139,4112,2222,313,-258
4207,5661,1815,4062,1599,145,-95
4278,8246,3748,1500,6746,2778,-275
4519,7288,2712,3728,3560,791,-440
138,139,35,138,1,0,33
4370,6190,2070,4100,2090,270,-222
4475,6303,2103,4194,2109,281,-251
3174,3675,1048,3158,517,16,244
4517,7465,2841,3566,3899,951,-474
4080,5221,1612,3994,1227,86,3
4245,8293,3920,906,7387,3339,-149
3708,4536,1351,3668,868,40,105
4513,6524,2222,4160,2364,353,-306
3549,4254,1248,3516,738,33,170
2487,2748,753,2484,264,3,314
4518,7401,2785,3662,3739,856,-460
4585,6905,2423,4118,2787,467,-386
3597,4335,1276,3566,769,31,173
4430,6032,1952,4256,1776,174,-192
4342,6045,1994,4114,1931,228,-169
2346,2556,692,2344,212,2,329
2827,3233,912,2818,415,9,276
4493,6769,2370,4058,2711,435,-359
4250,8272,3843,1172,7100,3078,-207
4495,6583,2253,4154,2429,341,-324
4309,5939,1943,4106,1833,203,-161
4317,5743,1833,4154,1589,163,-119
4460,6544,2247,4100,2444,360,-292
4489,7761,3075,3222,4539,1267,-494
4621,7144,2561,4044,3100,577,-463
4488,6369,2138,4186,2183,302,-286
212,214,54,212,2,0,51
4365,8069,3434,2402,5667,1963,-419
3593,4354,1288,3556,798,37,149
4414,6201,2056,4178,2023,236,-221
4246,5673,1807,4118,1555,128,-104
3993,5234,1647,3880,1354,113,33
4378,6062,1993,4152,1910,226,-184
3149,3596,1013,3140,456,9,275
4546,7280,2693,3788,3492,758,-469
4489,6531,2230,4142,2389,347,-307
4406,6061,1978,4210,1851,196,-209
4451,6519,2237,4090,2429,361,-295
4526,6711,2317,4154,2557,372,-347
4372,8085,3449,2374,5711,1998,-418
4225,8320,4096,256,8064,3969,1
2946,3348,940,2936,412,10,289
4214,5517,1732,4106,1411,108,-54
4229,8307,3972,726,7581,3503,-110
1928,2050,543,1928,122,0,305
4482,6556,2251,4108,2448,374,-287
4524,7105,2579,3894,3211,630,-423
3129,3645,1046,3106,539,23,253
4002,5115,1579,3914,1201,88,36
1376,1434,373,1376,58,0,250
4549,7254,2665,3848,3406,701,-451
4403,8042,3377,2576,5466,1827,-449
4449,7881,3197,2974,4907,1475,-481
4500,7242,2686,3740,3502,760,-424
1855,2017,545,1854,163,1,293
4532,6847,2403,4082,2765,450,-374
4275,5674,1806,4124,1550,151,-100
2676,3003,833,2674,329,2,287
4336,5894,1912,4140,1754,196,-131
4254,8260,3788,1368,6892,2886,-248
4226,8315,4012,582,7733,3644,-78
4502,6906,2465,3952,2954,550,-381
3898,4843,1461,3842,1001,56,89
4578,7229,2639,3902,3327,676,-445
4425,6224,2070,4168,2056,257,-224
1306,1365,356,1306,59,0,246
3390,4053,1188,3354,699,36,218
4556,7186,2612,3924,3262,632,-445
4275,8225,3725,1550,6675,2725,-278
4343,6003,1966,4142,1861,201,-192
4442,7901,3227,2894,5007,1548,-476
4401,7986,3309,2736,5250,1665,-467
4489,7061,2565,3862,3199,627,-386
1830,1957,521,1830,127,0,293
3860,4826,1466,3788,1038,72,83
1158,1203,312,1158,45,0,221
4434,6258,2088,4164,2094,270,-233
4400,8034,3384,2532,5502,1868,-435
4429,7887,3219,2898,4989,1531,-459
4236,8299,3937,850,7449,3386,-137
4495,7627,2964,3398,4229,1097,-480
4557,7657,2948,3522,4135,1035,-522
4482,6449,2182,4170,2279,312,-277
3625,4358,1281,3592,766,33,145
3637,4409,1303,3606,803,31,139
4437,7839,3172,2990,4849,1447,-466
3802,4667,1396,3750,917,52,94
4463,6435,2181,4146,2289,317,-274
4430,7872,3204,2928,4944,1502,-467
1650,1763,469,1650,113,0,279
3993,5161,1607,3894,1267,99,34
4478,6878,2447,3968,2910,510,-373
4412,6242,2080,4164,2078,248,-242
4519,7168,2620,3856,3312,663,-421
4491,7488,2868,3504,3984,987,-451
2722,3065,854,2714,351,8,304
146,147,37,146,1,0,34
4502,6655,2292,4142,2513,360,-334
4273,5729,1835,4118,1611,155,-93
4194,5458,1711,4072,1386,122,-43
4226,8312,4033,492,7820,3734,-54
4464,6443,2188,4134,2309,330,-282
4560,6800,2374,4104,2696,456,-343
4178,5464,1719,4052,1412,126,-59
4523,7060,2544,3944,3116,579,-399
3728,4539,1347,3690,849,38,111
4247,5743,1852,4078,1665,169,-137
4408,6140,2027,4172,1968,236,-209
4180,5621,1810,4002,1619,178,-92
3542,4243,1244,3510,733,32,190
4300,8109,3532,2090,6019,2210,-364
4265,5814,1888,4076,1738,189,-142
1717,1816,479,1716,100,1,294
4520,6961,2484,3986,2975,534,-374
4247,5632,1791,4100,1532,147,-43
4549,7082,2560,3924,3158,625,-417
2883,3280,921,2876,404,7,289
4477,7796,3098,3200,4596,1277,-507
4193,5529,1749,4062,1467,131,-96
4453,6353,2139,4150,2203,303,-259
2975,3379,948,2966,413,9,266
4475,7549,2925,3398,4151,1077,-465
4484,6380,2142,4192,2188,292,-268
4261,8256,3780,1392,6864,2869,-253
4449,7754,3094,3132,4622,1317,-463
4026,5145,1589,3934,1211,92,19
3925,4942,1511,3840,1102,85,52
2757,3136,882,2744,392,13,305
4628,6939,2430,4158,2781,470,-421
4274,8232,3719,1588,6644,2686,-291
4152,5459,1721,4034,1425,118,-73
3500,4196,1231,3468,728,32,203
4377,6190,2066,4116,2074,261,-198
4297,8194,3657,1760,6434,2537,-315
4085,5384,1696,3984,1400,101,-21
4585,7163,2589,3970,3193,615,-452
4308,5856,1897,4124,1732,184,-146
3296,3954,1163,3256,698,40,204
2918,3308,927,2908,400,10,283
4425,6307,2117,4146,2161,279,-246
3485,4150,1212,3452,698,33,191
3507,4282,1275,3464,818,43,185
2924,3335,941,2906,429,18,279
4248,5653,1796,4122,1531,126,-87
4243,8287,3907,946,7341,3297,-155
4561,6877,2419,4078,2799,483,-393
4458,6411,2169,4146,2265,312,-279
4225,8320,4087,292,8028,3933,-8
4519,6681,2306,4138,2543,381,-336
4276,5814,1881,4104,1710,172,-101
4552,7055,2540,3950,3105,602,-416
4018,5174,1601,3944,1230,74,32
4328,5902,1922,4116,1786,212,-164
4466,7805,3114,3154,4651,1312,-492
1002,1041,270,1002,39,0,201
4527,7220,2650,3840,3380,687,-429
4530,7593,2918,3514,4079,1016,-500
4307,8184,3624,1872,6312,2435,-337
4545,7631,2941,3498,4133,1047,-503
4352,8095,3465,2330,5765,2022,-418
4422,6350,2153,4088,2262,334,-234
4527,7086,2565,3912,3174,615,-420
4540,7554,2882,3580,3974,960,-484
4267,8260,3773,1428,6832,2839,-263
4473,6476,2202,4144,2332,329,-274
3818,4742,1431,3760,982,58,69
4366,8070,3441,2376,5694,1990,-417
1474,1555,409,1474,81,0,272
3553,4268,1255,3516,752,37,172
4491,7561,2905,3502,4059,989,-488
3311,3866,1110,3292,574,19,233
370,373,94,370,3,0,88
4398,6332,2143,4092,2240,306,-243
3076,3557,1013,3062,495,14,261
4382,8023,3370,2566,5457,1816,-445
3736,4594,1375,3688,906,48,108
3388,4096,1211,3348,748,40,177
4183,5551,1761,4058,1493,125,-70
3120,3589,1017,3110,479,10,261
4498,6847,2418,4022,2825,476,-376
4434,6139,2016,4214,1925,220,-209
4518,6648,2297,4108,2540,410,-313
4451,7758,3082,3188,4570,1263,-494
876,894,228,876,18,0,191
4508,7710,3001,3416,4294,1092,-518
4231,8303,3982,678,7625,3553,-96
36,36,9,36,0,0,9
4551,7149,2597,3910,3239,641,-433
4530,7196,2638,3840,3356,690,-444
4548,7242,2664,3828,3414,720,-446
4189,5565,1772,4042,1523,147,-78
4483,7199,2662,3750,3449,733,-423
4547,6953,2476,4002,2951,545,-389
394,399,101,394,5,0,92
4224,5564,1757,4100,1464,124,-84
2746,3064,848,2736,328,10,299
4122,5500,1750,4000,1500,122,-54
20,20,5,20,0,0,5
4507,7102,2579,3888,3214,619,-410
2709,3048,849,2700,348,9,296
4518,7134,2606,3844,3290,674,-396
1851,1986,531,1848,138,3,301
2226,2451,670,2222,229,4,316
4290,8165,3615,1870,6295,2420,-329
4283,5830,1888,4108,1722,175,-129
4446,7862,3186,2980,4882,1466,-476
4546,6675,2306,4126,2549,420,-351
4538,7345,2739,3734,3611,804,-469
4519,6701,2324,4106,2595,413,-331
136,136,34,136,0,0,34
4281,5759,1854,4102,1657,179,-115
4553,6864,2409,4092,2772,461,-377
4224,5564,1758,4096,1468,128,-86
4057,5321,1679,3926,1395,131,-11
4573,6955,2466,4046,2909,527,-399
4536,7266,2681,3808,3458,728,-460
4483,7728,3042,3288,4440,1195,-496
1592,1700,452,1592,108,0,267
4405,7876,3235,2812,5064,1593,-440
3070,3547,1011,3050,497,20,276
4434,6455,2199,4114,2341,320,-291
4414,7890,3224,2884,5006,1530,-466
1360,1418,369,1360,58,0,256
4257,5738,1846,4092,1646,165,-126
4252,5662,1804,4108,1554,144,-75
4314,8181,3593,1990,6191,2324,-367
4080,5261,1636,3978,1283,102,-11
3202,3687,1045,3194,493,8,259
4378,5913,1908,4194,1719,184,-153
4272,8251,3749,1506,6745,2766,-280
3404,4045,1178,3378,667,26,219
4514,7781,3079,3246,4535,1268,-503
4560,7375,2742,3782,3593,778,-487
4540,6907,2440,4054,2853,486,-406
3874,4916,1510,3792,1124,82,74
160,160,40,160,0,0,39
1630,1716,451,1628,88,2,284
4515,7255,2690,3750,3505,765,-426
3929,4939,1506,3854,1085,75,47
4457,6436,2189,4116,2320,341,-266
4563,6948,2468,4024,2924,539,-392
4360,6015,1968,4158,1857,202,-172
4227,8319,4069,362,7957,3865,-25
4205,5446,1699,4096,1350,109,-51
4530,7433,2796,3682,3751,848,-490
4514,6599,2258,4166,2433,348,-336
4443,6056,1962,4264,1792,179,-173
4510,7677,2987,3406,4271,1104,-496
4345,5880,1891,4196,1684,149,-148
3523,4236,1246,3488,748,35,189
2107,2270,609,2104,166,3,305
2656,2997,836,2650,347,6,305
4566,7178,2610,3916,3262,650,-428
4493,6668,2331,4012,2656,481,-299
4466,6597,2273,4102,2495,364,-319
3966,5025,1539,3894,1131,72,37
3683,4477,1327,3646,831,37,138
1543,1633,431,1542,91,1,259
4478,6416,2167,4164,2252,314,-271
4347,8083,3471,2282,5801,2065,-397
4292,8242,3714,1628,6614,2664,-303
4226,8318,4071,352,7966,3874,-22
4542,7688,2983,3444,4244,1098,-517
4451,6539,2246,4094,2445,357,-305
4566,7086,2548,3980,3106,586,-419
4453,6296,2100,4192,2104,261,-234
4322,6191,2097,3994,2197,328,-213
4358,6060,1996,4136,1924,222,-182
4514,6993,2507,3958,3035,556,-408
4051,5099,1555,3978,1121,73,1
1432,1494,389,1432,62,0,258
4567,7104,2567,3940,3164,627,-432
4236,8305,3963,758,7547,3478,-118
4505,6678,2312,4108,2570,397,-339
4429,6273,2096,4162,2111,267,-234
3458,4156,1221,3428,728,30,179
4563,6736,2333,4140,2596,423,-350
4409,6212,2073,4132,2080,277,-226
462,473,121,462,11,0,106
4584,7078,2530,4036,3042,548,-434
4531,7335,2734,3734,3601,797,-453
2991,3411,960,2982,429,9,273
4489,7769,3078,3226,4543,1263,-493
4517,7167,2616,3870,3297,647,-449
3322,3908,1130,3296,612,26,231
4103,5349,1679,3982,1367,121,-18
4605,6758,2326,4212,2546,393,-368
4214,5643,1805,4066,1577,148,-98
4225,8319,4055,418,7901,3807,-39
3991,5198,1627,3888,1310,103,6
4358,6210,2086,4076,2134,282,-197
4225,8318,4049,440,7878,3785,-44
2082,2257,609,2078,179,4,313
4493,7341,2750,3682,3659,811,-438
4438,7857,3181,2990,4867,1448,-474
4555,7502,2843,3632,3870,923,-482
4400,7999,3330,2678,5321,1722,-456
3032,3473,980,3026,447,6,301
3209,3690,1049,3184,506,25,260
2401,2648,724,2400,248,1,312
4228,8305,3980,690,7615,3538,-100
4309,5834,1883,4136,1698,173,-150
4533,7086,2560,3932,3154,601,-434
4254,8258,3799,1320,6938,2934,-236
4445,7819,3155,3018,4801,1427,-469
4239,8292,3912,936,7356,3303,-156
418,425,108,418,7,0,92
2732,3116,879,2716,400,16,273
2845,3187,883,2842,345,3,316
1870,2008,537,1868,140,2,286
4454,6406,2171,4128,2278,326,-264
4396,8015,3338,2678,5337,1718,-467
4173,5544,1768,4016,1528,157,-65
4125,5467,1736,3990,1477,135,-69
3478,4265,1272,3442,823,36,168
4148,5458,1724,4020,1438,128,-77
4514,7395,2787,3642,3753,872,-463
4471,6404,2155,4188,2216,283,-263
3988,5146,1604,3876,1270,112,20
4498,6624,2285,4108,2516,390,-319
4374,6012,1963,4172,1840,202,-180
4333,5946,1942,4124,1822,209,-162
4482,6637,2296,4090,2547,392,-330
4072,5357,1690,3954,1403,118,-38
4325,8111,3522,2134,5977,2191,-373
4199,5429,1691,4094,1335,105,-49
4412,7990,3300,2780,5210,1632,-478
4547,6697,2310,4154,2543,393,-343
4466,7736,3070,3192,4544,1274,-476
4469,6533,2245,4086,2447,383,-317
4261,8216,3722,1544,6672,2717,-274
3318,3907,1129,3298,609,20,193
4540,7135,2593,3898,3237,642,-415
3572,4362,1299,3528,834,44,147
4475,7719,3048,3246,4473,1229,-485
4430,7854,3189,2952,4902,1478,-463
1520,1612,426,1520,92,0,274
4069,5274,1647,3960,1314,109,-15
4521,7547,2882,3566,3981,955,-487
4228,8312,4011,580,7732,3648,-76
4226,8319,4066,374,7945,3852,-28
4526,6919,2456,4014,2905,512,-380
4469,6493,2217,4118,2375,351,-282
3668,4520,1355,3620,900,48,129
4531,6603,2264,4150,2453,381,-336
4491,6373,2137,4198,2175,293,-286
4509,7432,2819,3588,3844,921,-459
4332,5832,1875,4164,1668,168,-143
4485,7405,2808,3578,3827,907,-451
2898,3324,941,2884,440,14,276
4116,5370,1686,3996,1374,120,-17
4529,7108,2594,3840,3268,689,-408
4428,6502,2234,4068,2434,360,-270
4305,5756,1839,4156,1600,149,-123
4476,6644,2306,4064,2580,412,-325
3218,3716,1058,3200,516,18,259
4346,5919,1914,4182,1737,164,-189
3830,4816,1467,3764,1052,66,79
1711,1805,475,1710,95,1,288
4024,5198,1617,3928,1270,96,-7
4271,8226,3727,1544,6682,2727,-277
3625,4470,1342,3572,898,53,153
4528,7611,2928,3510,4101,1018,-509
4393,6084,2003,4156,1928,237,-198
3730,4699,1428,3686,1013,44,107
3639,4356,1276,3608,748,31,173
1326,1367,352,1326,41,0,252
4409,6557,2272,4026,2531,383,-311
4547,6915,2448,4038,2877,509,-395
122,123,31,122,1,0,30
4376,5969,1940,4178,1791,198,-168
4582,7000,2483,4068,2932,514,-420
4514,6368,2129,4220,2148,294,-262
4214,5514,1731,4104,1410,110,-66
4519,6803,2383,4074,2729,445,-366
3322,3863,1105,3306,557,16,236
4488,6424,2170,4168,2256,320,-278
4128,5379,1684,4022,1357,106,-34
3218,3782,1092,3196,586,22,236
4490,7548,2914,3440,4108,1050,-468
4457,6535,2247,4082,2453,375,-302
4296,8217,3671,1750,6467,2546,-325
4537,7157,2606,3890,3267,647,-430
4004,5092,1563,3932,1160,72,7
4304,5734,1823,4176,1558,128,-111
3360,3990,1161,3336,654,24,220
4395,6045,1974,4194,1851,201,-190
1042,1071,275,1042,29,0,215
4362,8091,3430,2462,5629,1900,-445
4520,7600,2929,3484,4116,1036,-499
3658,4575,1390,3590,985,68,142
1828,1963,525,1826,137,2,275
3623,4382,1296,3580,802,43,159
4553,7060,2533,3988,3072,565,-424
2558,2837,781,2550,287,8,317
4561,6932,2451,4060,2872,501,-397
4411,6284,2109,4132,2152,279,-231
4472,6374,2141,4184,2190,288,-270
4481,7670,3013,3288,4382,1193,-474
4437,7904,3191,3044,4860,1393,-508
3693,4488,1329,3660,828,33,157
2752,3101,865,2742,359,10,299
4230,5626,1791,4088,1538,142,-78
4392,6167,2046,4150,2017,242,-219
4491,7719,3041,3274,4445,1217,-486
4514,6737,2354,4058,2679,456,-339
4532,7395,2760,3750,3645,782,-479
2785,3118,864,2780,338,5,306
4373,6164,2061,4084,2080,289,-201
4340,5907,1914,4158,1749,182,-152
4032,5174,1601,3944,1230,88,10
4499,6464,2184,4192,2272,307,-292
4050,5320,1675,3940,1380,110,-8
4225,8319,4085,298,8021,3927,-9
4369,6014,1968,4156,1858,213,-177
558,569,145,558,11,0,127
4441,7875,3185,3010,4865,1431,-493
1923,2082,561,1920,162,3,290
4509,6752,2362,4056,2696,453,-362
3809,4738,1430,3756,982,53,109
4428,6373,2168,4074,2299,354,-253
4484,6410,2156,4196,2214,288,-282
4203,5736,1866,4008,1728,195,-114
4310,5702,1807,4176,1526,134,-116
4510,7544,2891,3524,4020,986,-475
4363,8095,3457,2362,5733,2001,-418
4281,5850,1905,4080,1770,201,-144
3990,5129,1589,3902,1227,88,20
2613,2949,822,2610,339,3,284
4137,5385,1689,4014,1371,123,-54
4481,6351,2129,4186,2165,295,-253
4105,5335,1668,3998,1337,107,-11
4485,6699,2348,4006,2693,479,-301
3722,4620,1391,3676,944,46,85
1757,1847,485,1754,93,3,295
4505,6789,2396,3994,2795,511,-342
3834,4766,1439,3776,990,58,89
4292,8244,3708,1656,6588,2636,-311
1991,2125,565,1990,135,1,301
4371,6089,2012,4130,1959,241,-194
3340,3960,1152,3312,648,28,224
4464,6519,2242,4070,2449,394,-264
3415,4090,1200,3380,710,35,201
1192,1240,322,1192,48,0,236
4352,6068,2000,4136,1932,216,-177
4578,7509,2829,3702,3807,876,-512
2980,3407,960,2974,433,6,257
4410,7953,3292,2738,5215,1672,-453
1016,1046,269,1016,30,0,212
4088,5227,1612,4006,1221,82,17
4537,7476,2840,3592,3884,945,-479
4439,7966,3256,2908,5058,1531,-496
3793,4708,1424,3720,988,73,126
4556,7138,2598,3884,3254,672,-446
4423,6179,2046,4174,2005,249,-240
4436,7885,3204,2954,4931,1482,-478
2266,2487,678,2262,225,4,295
4448,6422,2181,4120,2302,328,-283
3421,4097,1199,3398,699,23,216
4311,8148,3560,2056,6092,2255,-368
4472,7661,3013,3270,4391,1202,-462
4241,5710,1836,4076,1634,165,-110
4397,6123,2026,4142,1981,255,-201
3804,4642,1382,3756,886,48,122
4287,8215,3686,1686,6529,2601,-306
4119,5344,1668,4016,1328,103,-29
2825,3227,910,2814,413,11,277
2203,2412,656,2200,212,3,311
4299,5809,1871,4134,1675,165,-117
4473,6514,2222,4140,2374,333,-287
538,549,140,538,11,0,121
2990,3459,986,2974,485,16,259
4133,5428,1710,4016,1412,117,-31
4474,6525,2231,4126,2399,348,-292
4296,5932,1948,4072,1860,224,-161
4384,7932,3279,2748,5184,1636,-447
4256,5799,1887,4050,1749,206,-108
4081,5209,1605,3998,1211,83,-10
4195,5500,1731,4076,1424,119,-47
4445,7653,3011,3262,4391,1183,-475
4435,6400,2169,4124,2276,311,-268
2696,3033,844,2690,343,6,297
2538,2811,772,2534,277,4,306
4341,5968,1947,4148,1820,193,-190
4331,8131,3525,2162,5969,2169,-391
3524,4242,1246,3500,742,24,175
3767,4672,1409,3708,964,59,115
4368,6110,2026,4116,1994,252,-186
3930,5004,1539,3852,1152,78,26
2881,3256,910,2872,384,9,259
4547,7017,2507,4006,3011,541,-413
4281,8210,3672,1732,6478,2549,-318
1760,1886,503,1760,126,0,281
4500,6629,2287,4110,2519,390,-310
3914,4867,1472,3846,1021,68,80
4042,5192,1610,3944,1248,98,-18
3719,4557,1360,3674,883,45,142
4017,5054,1542,3940,1114,77,14
3992,5163,1609,3890,1273,102,17
4504,6711,2335,4082,2629,422,-327
2724,3032,836,2720,312,4,311
4116,5357,1677,4006,1351,110,-16
4123,5345,1670,4010,1335,113,-21
4558,6936,2452,4064,2872,494,-389
4460,7862,3178,3012,4850,1448,-488
4540,7655,2958,3478,4177,1062,-511
4431,6202,2053,4192,2010,239,-221
4507,7099,2595,3818,3281,689,-394
4252,5702,1829,4088,1614,164,-104
4383,8019,3370,2558,5461,1825,-439
3928,4978,1525,3856,1122,72,46
4446,7941,3234,2946,4995,1500,-500
4364,5974,1952,4140,1834,224,-159
4538,7056,2536,3968,3088,570,-410
4442,6258,2086,4172,2086,270,-257
3766,4721,1435,3702,1019,64,110
4513,7449,2828,3586,3863,927,-467
4467,7794,3106,3164,4630,1303,-488
3805,4679,1400,3758,921,47,105
4374,5989,1956,4154,1835,220,-184
4315,8178,3608,1924,6254,2391,-348
4568,7178,2613,3904,3274,664,-445
4569,7343,2728,3774,3569,795,-480
1975,2143,578,1974,169,1,277
4460,6682,2336,4020,2662,440,-317
4266,5829,1900,4058,1771,208,-151
4365,6079,2009,4122,1957,243,-208
4173,5420,1694,4064,1356,109,-52
3882,4884,1492,3800,1084,82,64
4534,6457,2163,4262,2195,272,-292
3359,4029,1183,3326,703,33,205
4330,8108,3495,2236,5872,2094,-391
4361,5947,1927,4186,1761,175,-164
2642,2986,834,2636,350,6,319
2703,3053,852,2698,355,5,279
4436,6276,2092,4184,2092,252,-262
4416,6427,2193,4082,2345,334,-271
4441,7738,3072,3188,4550,1253,-476
4061,5350,1691,3936,1414,125,-22
3407,4070,1190,3380,690,27,213
3403,4110,1213,3368,742,35,199
2246,2473,677,2238,235,8,288
4537,6879,2415,4098,2781,439,-378
3979,5017,1533,3902,1115,77,36
4013,5267,1658,3902,1365,111,-39
4262,5759,1855,4098,1661,164,-98
3730,4584,1370,3688,896,42,121
4505,7556,2904,3496,4060,1009,-481
4553,7219,2649,3842,3377,711,-442
4326,6043,1999,4090,1953,236,-163
3723,4549,1355,3678,871,45,139
4239,8297,3941,830,7467,3409,-131
4495,7697,2993,3422,4275,1073,-508
4477,6948,2498,3904,3044,573,-374
4387,6104,2012,4160,1944,227,-203
1187,1233,320,1186,47,1,229
2399,2651,727,2394,257,5,318
4367,8067,3437,2386,5681,1981,-414
4499,7150,2616,3836,3314,663,-405
2767,3106,862,2764,342,3,310
3701,4549,1364,3642,907,59,129
4542,7393,2774,3690,3703,852,-473
4332,5724,1817,4180,1544,152,-99
4507,6663,2298,4134,2529,373,-344
634,649,166,634,15,0,132
4106,5249,1618,4026,1223,80,1
4554,7456,2796,3728,3728,826,-492
2512,2788,767,2508,280,4,294
4369,8020,3388,2488,5532,1881,-418
4077,5303,1659,3970,1333,107,-41
4316,5848,1889,4140,1708,176,-133
4342,8132,3507,2236,5896,2106,-404
4243,8288,3899,980,7308,3263,-164
1873,1994,529,1872,122,1,301
3671,4441,1315,3622,819,49,140
4250,5744,1853,4076,1668,174,-119
4533,6688,2300,4176,2512,357,-331
4570,7192,2619,3908,3284,662,-457
4517,6943,2477,3978,2965,539,-381
4313,8146,3588,1940,6206,2373,-342
2459,2710,741,2456,254,3,295
4011,5182,1609,3928,1254,83,34
614,631,162,614,17,0,136
4377,6301,2138,4050,2251,327,-220
3901,4869,1476,3834,1035,67,60
2289,2498,677,2288,210,1,319
4552,7029,2509,4022,3007,530,-426
4506,6533,2218,4194,2339,312,-327
4332,8089,3486,2234,5855,2098,-385
3332,3895,1119,3314,581,18,223
4272,8246,3748,1500,6746,2772,-276
4503,7429,2809,3622,3807,881,-469
4521,6778,2374,4060,2718,461,-344
4405,7967,3288,2782,5185,1623,-462
4535,6731,2340,4102,2629,433,-347
4225,5720,1850,4040,1680,185,-98
3763,4591,1366,3718,873,45,116
4429,7905,3228,2898,5007,1531,-468
928,964,250,928,36,0,194
1076,1114,288,1076,38,0,224
2928,3346,943,2920,426,8,273
4377,8122,3484,2308,5814,2069,-418
4514,7509,2864,3562,3947,952,-477
4199,5525,1749,4054,1471,145,-62
4235,8308,3966,752,7556,3483,-117
4121,5476,1740,3992,1484,129,-53
170,171,43,170,1,0,40
3335,3924,1132,3320,604,15,200
4533,7324,2712,3800,3524,733,-475
4289,8188,3632,1848,6340,2441,-337
4391,7964,3282,2800,5164,1591,-477
4412,6328,2141,4092,2236,320,-239
4306,6005,1990,4050,1955,256,-188
3831,4740,1423,3788,952,43,108
3761,4705,1426,3706,999,55,91
4413,7881,3228,2850,5031,1563,-458
4393,7970,3315,2680,5290,1713,-448
4480,6643,2301,4082,2561,398,-311
1377,1454,383,1376,78,1,254
4466,6513,2224,4130,2383,336,-298
2812,3142,870,2804,338,8,304
4094,5328,1672,3968,1360,126,-6
4535,6546,2215,4232,2314,303,-340
3711,4527,1346,3670,857,41,144
4539,7612,2924,3528,4084,1011,-510
4534,6870,2423,4048,2822,486,-381
4238,5760,1863,4068,1692,170,-125
3411,4001,1152,3394,607,17,231
4569,7040,2521,3996,3044,573,-412
4328,5875,1906,4126,1749,202,-138
4359,8058,3416,2452,5606,1907,-425
4451,6385,2151,4166,2219,285,-274
3860,4844,1472,3800,1044,60,68
2261,2493,682,2258,235,3,304
4364,8091,3455,2362,5729,2002,-416
4045,5193,1609,3950,1243,95,13
3905,4927,1505,3834,1093,71,50
3313,3936,1146,3288,648,25,239
3912,4905,1488,3858,1047,54,68
3311,3929,1141,3294,635,17,186
3347,3943,1141,3322,621,25,234
3577,4336,1283,3540,796,37,179
1687,1803,480,1686,117,1,281
4472,7813,3118,3154,4659,1318,-503
4364,8047,3404,2478,5569,1886,-427
4545,7455,2802,3702,3753,843,-487
4407,6022,1964,4188,1834,219,-187
4530,7248,2672,3808,3440,722,-450
4100,5308,1656,3992,1316,108,-31
4351,8096,3473,2300,5796,2051,-405
2859,3237,906,2850,387,9,288
4449,7753,3099,3110,4643,1339,-465
4122,5446,1727,3984,1462,138,-29
4449,6335,2136,4126,2209,323,-244
4319,8159,3573,2026,6133,2293,-367
4376,8044,3402,2480,5564,1896,-422
4354,6035,1988,4118,1917,236,-148
4558,7124,2566,3984,3140,574,-448
4267,8254,3760,1468,6786,2799,-270
4409,7931,3266,2798,5133,1611,-458
2819,3190,892,2812,378,7,286
4552,7322,2718,3772,3550,780,-458
4225,8318,4067,368,7950,3857,-26
4522,6803,2396,4022,2781,500,-355
4314,5883,1905,4146,1737,168,-154
4514,6906,2461,3968,2938,546,-364
4106,5270,1636,3996,1274,110,12
4577,7156,2603,3900,3256,677,-439
4554,7667,2968,3462,4205,1092,-499
4349,8145,3516,2226,5919,2123,-408
3926,4957,1515,3854,1103,72,77
3399,4030,1169,3384,646,15,192
4263,5907,1945,4034,1873,229,-142
2234,2427,656,2230,197,4,305
4270,8228,3715,1596,6632,2674,-291
4568,7294,2680,3868,3426,700,-477
4455,6431,2187,4114,2317,341,-282
4400,6127,2026,4150,1977,250,-233
4408,7918,3239,2880,5038,1528,-465
4516,7018,2541,3872,3146,644,-392
4308,5792,1858,4152,1640,156,-137
3956,4953,1500,3906,1047,50,45
4412,7933,3265,2806,5127,1606,-455
4214,5628,1799,4060,1568,154,-96
2985,3411,963,2970,441,15,284
4253,5838,1902,4068,1770,185,-122
4187,5627,1806,4030,1597,157,-67
4294,8213,3674,1730,6483,2564,-317
4542,7445,2800,3690,3755,852,-484
2411,2676,737,2404,272,7,327
3020,3522,1011,3000,522,20,261
4321,8142,3532,2156,5986,2165,-390
3603,4302,1258,3572,730,31,177
4422,7937,3252,2866,5071,1556,-481
4484,7548,2908,3464,4084,1020,-468
4499,7114,2591,3864,3250,635,-418
4499,6530,2226,4156,2374,343,-313
4190,5461,1714,4066,1395,124,-39
4358,6037,1983,4142,1895,216,-184
4563,7075,2531,4026,3049,537,-419
4572,7236,2644,3896,3340,676,-458
4160,5427,1702,4046,1381,114,-46
4225,8316,4046,448,7868,3777,-45
4335,6057,2007,4086,1971,249,-187
4415,6134,2027,4160,1974,255,-213
4221,5535,1743,4098,1437,123,-68
4207,5700,1839,4044,1656,163,-91
4206,5594,1785,4048,1546,158,-57
4542,7168,2607,3908,3260,634,-451
4515,7711,3024,3326,4385,1189,-499
4489,6462,2186,4180,2282,309,-275
2036,2180,581,2036,144,0,292
2429,2715,751,2426,289,3,308
4244,8289,3872,1090,7199,3154,-193
4163,5448,1713,4044,1404,119,-42
2429,2659,723,2426,233,3,314
4474,7722,3049,3248,4474,1226,-479
4423,6389,2171,4094,2295,329,-249
4518,6877,2443,3982,2895,536,-373
