Points,Edges,Area,Perimeter,Contact_perimeter,TETRAPIXEL,Euler_General_8_Async
18001,28181,10189,15606,12575,2395,-1742
13918,16771,4944,13766,3005,152,694
18099,27734,9869,15992,11742,2107,-1697
17964,28197,10226,15490,12707,2474,-1748
17910,27883,10037,15618,12265,2292,-1683
10999,12429,3474,10962,1467,37,1127
17778,30271,11759,13506,16765,4272,-2006
17294,31844,13428,9976,21868,7318,-1800
17818,26012,8910,16384,9628,1434,-1288
17068,23187,7510,16334,6853,734,-595
16710,22016,6952,16224,5792,486,-338
15481,19314,5860,15188,4126,293,265
17951,29590,11188,14428,15162,3523,-1976
11868,13635,3863,11818,1817,50,1061
16348,21213,6620,15946,5267,402,-132
10084,11227,3097,10066,1161,18,1188
13936,16657,4875,13814,2843,122,729
18063,28267,10217,15666,12601,2397,-1784
17629,24997,8365,16534,8463,1095,-1047
17838,30366,11810,13492,16874,4346,-2042
17496,24853,8316,16442,8411,1054,-967
13110,15410,4450,13020,2390,90,858
16344,21184,6614,15912,5272,432,-110
17496,24621,8198,16450,8171,1046,-945
12207,14045,3984,12154,1891,53,1033
4755,4955,1289,4754,201,1,929
17924,27161,9567,16054,11107,1870,-1538
14669,17905,5325,14510,3395,159,505
17069,23470,7668,16268,7202,801,-667
14981,18581,5601,14758,3823,223,370
17729,30666,12098,12940,17726,4789,-2028
7117,7625,2034,7114,511,3,1134
16850,32692,14866,5920,26772,10930,-1192
16813,32764,15074,5232,27532,11581,-1054
17837,30323,11762,13598,16725,4239,-2052
15974,20508,6350,15616,4892,358,93
8369,9052,2435,8364,688,5,1211
17816,26291,9075,16282,10009,1534,-1306
18024,28343,10303,15474,12869,2550,-1789
16457,21445,6718,16018,5427,439,-207
7467,8021,2145,7462,559,5,1147
17977,29630,11218,14388,15242,3589,-1969
17270,23766,7757,16504,7262,766,-760
1760,1776,448,1760,16,0,412
16764,22479,7198,16166,6313,598,-443
9670,10677,2926,9650,1027,20,1195
18000,28330,10291,15496,12834,2504,-1784
18061,28516,10392,15464,13052,2597,-1841
6771,7198,1907,6768,430,3,1137
17221,23541,7665,16422,7119,799,-690
16668,32978,15895,2376,30602,14292,-442
17508,31211,12710,11582,19629,5926,-1936
5542,5813,1521,5542,271,0,1026
11820,13642,3880,11764,1878,56,1048
15586,19731,6050,15262,4469,324,215
18050,28453,10344,15530,12923,2520,-1830
17905,27224,9621,15964,11260,1941,-1535
12555,14579,4169,12482,2097,73,978
13117,15581,4538,13010,2571,107,814
17983,28297,10289,15438,12859,2545,-1762
17961,29330,10993,14688,14642,3273,-1940
17607,31043,12497,12098,18945,5509,-1995
16692,32957,15720,3034,29923,13658,-596
1910,1949,497,1910,39,0,432
17797,30422,11862,13396,17026,4401,-2055
17494,24491,8114,16526,7965,968,-933
17378,24227,7996,16470,7757,908,-849
17516,31244,12745,11508,19736,6008,-1927
16824,32759,15032,5390,27369,11434,-1090
14899,18311,5482,14694,3617,205,454
17098,32336,14110,8232,24104,8866,-1599
18002,26768,9291,16372,10396,1630,-1512
18024,28132,10165,15604,12528,2420,-1727
17929,30131,11580,13942,16189,3987,-2074
17911,28605,10536,15066,13539,2845,-1802
2970,3047,781,2970,77,0,641
16880,32620,14779,6124,26496,10756,-1211
15920,20150,6162,15652,4498,268,83
16216,20920,6509,15804,5116,412,-51
16665,32972,15840,2584,30388,14081,-491
6436,6801,1792,6434,367,2,1130
15664,19945,6143,15318,4627,346,121
18111,28657,10480,15394,13263,2717,-1851
17457,24708,8258,16384,8324,1073,-929
7768,8373,2246,7762,611,6,1197
15612,19834,6087,15320,4514,292,204
18061,27750,9893,15928,11822,2133,-1729
16954,32641,14637,6734,25907,10220,-1368
17950,28904,10704,14992,13912,2958,-1850
17781,30403,11865,13346,17057,4435,-2039
2736,2790,711,2736,54,0,585
9914,11005,3030,9890,1115,24,1207
14460,17521,5181,14318,3203,142,580
16324,21067,6556,15910,5157,414,-89
16812,32819,15118,5166,27653,11646,-1062
5049,5266,1371,5048,218,1,964
14939,18506,5570,14732,3774,207,463
17913,26442,9124,16388,10054,1525,-1397
17879,30396,11819,13516,16880,4363,-2057
16622,21957,6960,16074,5883,548,-349
18088,28580,10429,15444,13136,2644,-1852
17575,31131,12565,12002,19129,5573,-1998
15342,19220,5842,15072,4148,270,278
17759,30895,12248,12798,18097,4961,-2093
17835,27105,9594,15834,11271,2001,-1483
17935,29882,11398,14172,15710,3763,-2029
18040,27447,9721,16010,11437,2030,-1611
16835,22483,7185,16226,6257,609,-403
17918,27112,9554,16008,11104,1910,-1511
17986,27917,10017,15766,12151,2220,-1707
13846,16646,4896,13708,2938,138,712
15339,19225,5843,15078,4147,261,315
14512,17763,5296,14342,3421,170,529
16134,20729,6427,15750,4979,384,-29
17831,26738,9335,16136,10602,1695,-1438
17936,28228,10248,15464,12764,2472,-1747
17334,31672,13196,10560,21112,6774,-1901
16848,32748,14958,5664,27084,11184,-1155
6688,7141,1899,6686,455,2,1137
12784,15063,4358,12694,2369,90,887
13295,15671,4533,13210,2461,85,862
17793,30475,11921,13266,17209,4527,-2043
8366,9052,2437,8356,696,10,1232
16713,32924,15557,3620,29304,13093,-728
17007,32494,14415,7328,25166,9679,-1449
17861,26193,8993,16414,9779,1447,-1347
4464,4646,1207,4464,182,0,892
17078,32344,14122,8200,24144,8878,-1604
17990,27648,9880,15776,11872,2214,-1613
17962,27895,10022,15702,12193,2260,-1680
136,136,34,136,0,0,34
18015,27269,9610,16098,11171,1917,-1567
4608,4797,1247,4606,191,2,910
3904,4022,1035,3904,118,0,804
16662,32993,16000,1986,31007,14676,-353
17796,29957,11527,13806,16151,3990,-1981
16837,32748,14935,5756,26992,11081,-1174
15210,18962,5741,14960,4002,250,341
13615,16206,4722,13524,2682,91,782
17933,27714,9920,15748,11966,2185,-1663
17886,26169,8970,16458,9711,1428,-1315
4199,4364,1133,4196,168,3,839
14832,18253,5466,14642,3611,190,469
15848,20289,6272,15490,4799,358,43
17133,23563,7698,16334,7229,799,-672
3550,3649,937,3550,99,0,738
16992,32491,14439,7226,25265,9766,-1422
17901,29068,10839,14780,14288,3121,-1872
17693,25343,8539,16530,8813,1163,-1130
13525,16136,4716,13408,2728,117,746
11507,13168,3720,11456,1712,51,1073
17936,27440,9724,15984,11456,1952,-1587
17508,24545,8145,16510,8035,998,-924
13049,15362,4445,12944,2418,105,887
13310,15782,4593,13192,2590,118,848
10194,11421,3167,10174,1247,20,1210
16581,21972,6975,16044,5928,537,-268
17718,25424,8588,16496,8928,1222,-1129
17636,24837,8263,16622,8215,1014,-977
17638,31077,12509,12118,18959,5520,-2007
15107,18720,5635,14900,3820,207,342
17744,25499,8620,16518,8981,1226,-1135
17403,24559,8175,16418,8141,985,-896
8826,9651,2621,8818,833,8,1225
17879,30368,11789,13580,16788,4299,-2063
3838,3969,1025,3838,131,0,792
17761,25860,8828,16408,9452,1353,-1241
18079,28540,10394,15504,13036,2575,-1835
17950,26125,8929,16534,9591,1416,-1320
17977,29404,11029,14692,14712,3285,-1974
17866,30171,11668,13670,16501,4196,-2008
9920,11025,3037,9902,1123,18,1208
17622,31153,12523,12214,18939,5408,-2068
15951,20669,6449,15542,5127,409,-8
18139,27881,9942,15994,11887,2145,-1751
7788,8369,2239,7782,587,6,1191
16796,32777,15092,5186,27591,11610,-1053
16856,22543,7216,16222,6321,634,-427
17932,26944,9441,16124,10820,1808,-1445
12441,14388,4097,12388,2000,53,1036
17869,25935,8839,16514,9421,1355,-1275
17318,24389,8121,16294,8095,1024,-854
16468,21655,6833,15978,5677,490,-192
10319,11497,3172,10306,1191,13,1225
4632,4794,1239,4632,162,0,907
17923,29047,10831,14770,14277,3153,-1889
15235,19026,5761,15008,4018,227,320
17917,29664,11254,14312,15352,3605,-1970
14579,17777,5291,14390,3387,189,527
18065,27545,9775,15990,11555,2075,-1633
16206,21156,6625,15812,5344,394,-144
9817,10894,2998,9796,1098,21,1178
15822,20127,6189,15498,4629,324,69
17139,23231,7493,16490,6741,649,-624
17878,26308,9054,16400,9908,1478,-1329
17493,31284,12726,11664,19620,5829,-1991
15388,19172,5806,15120,4052,268,317
17494,24600,8179,16484,8116,1010,-933
17012,22878,7345,16376,6502,636,-529
17998,27628,9835,15916,11712,2082,-1663
12250,14082,3993,12192,1890,58,1035
17823,30563,11946,13342,17221,4481,-2112
164,164,41,164,0,0,41
17315,31935,13499,9874,22061,7441,-1826
9424,10373,2834,9410,963,14,1234
2446,2487,632,2446,41,0,538
13990,16810,4943,13848,2962,142,694
6372,6758,1787,6368,390,4,1103
12705,14858,4272,12628,2230,77,928
2518,2571,656,2518,53,0,550
17960,28883,10669,15090,13793,2870,-1892
15196,18993,5755,14966,4027,230,327
17086,23246,7544,16316,6930,770,-577
16187,20853,6474,15810,5043,377,-54
17499,31553,12966,11242,20311,6257,-2002
17197,23717,7778,16322,7395,875,-697
12864,15093,4352,12778,2315,86,951
17838,26268,9057,16308,9960,1530,-1301
16219,20919,6504,15822,5097,397,-34
17731,25664,8721,16444,9220,1287,-1185
17054,23018,7405,16416,6602,638,-589
15796,19996,6126,15488,4508,308,87
17662,25509,8656,16394,9115,1268,-1179
11794,13503,3812,11758,1745,36,1079
17850,26742,9354,16068,10674,1782,-1409
16649,22135,7049,16074,6061,575,-368
17791,25232,8444,16688,8544,1103,-1120
13854,16739,4944,13702,3037,152,700
17062,23217,7525,16334,6883,728,-608
17684,25365,8585,16390,8975,1294,-1061
17579,30983,12457,12138,18845,5441,-1973
17899,25652,8646,16720,8932,1179,-1200
17255,23537,7638,16522,7015,733,-711
17513,24146,7908,16660,7486,853,-823
3906,4023,1035,3906,117,0,798
16776,32802,15209,4768,28034,12008,-954
17642,30982,12427,12256,18726,5386,-2014
17950,29128,10859,14820,14308,3130,-1890
17944,29057,10825,14814,14243,3130,-1910
15302,19161,5825,15022,4139,280,263
17617,25190,8464,16524,8666,1093,-1078
17866,26486,9176,16268,10218,1598,-1365
6101,6424,1687,6100,324,1,1088
16536,21964,6988,15976,5988,560,-290
15799,19876,6058,15520,4356,279,159
17554,24674,8204,16532,8142,1022,-1020
17867,30153,11609,13870,16283,3997,-2031
15934,20314,6253,15616,4698,318,55
10392,11634,3225,10368,1266,24,1191
14792,18031,5363,14610,3421,182,501
17845,29619,11274,14142,15477,3703,-1921
17219,32174,13784,9212,22962,8007,-1766
17179,32184,13864,8912,23272,8267,-1700
6364,6741,1780,6362,379,2,1107
17540,31157,12659,11678,19479,5862,-1935
16641,21952,6942,16136,5816,505,-316
16342,21421,6739,15886,5535,456,-180
14981,18360,5479,14804,3556,177,451
16917,32641,14696,6498,26143,10419,-1313
17899,26637,9233,16342,10295,1557,-1411
17916,26820,9368,16168,10652,1748,-1471
17912,29737,11324,14178,15559,3734,-1974
16874,32657,14780,6194,26463,10680,-1249
17925,26760,9315,16260,10500,1665,-1451
15980,20422,6305,15624,4798,356,11
11956,13685,3867,11902,1783,54,1067
17994,29561,11123,14630,14931,3364,-2008
16876,22756,7323,16220,6536,656,-484
10376,11548,3186,10352,1196,24,1237
17659,25202,8479,16488,8714,1171,-1070
8756,9566,2598,8740,826,16,1190
16823,22351,7110,16262,6089,561,-401
15106,18697,5628,14882,3815,224,394
8344,9044,2439,8332,712,12,1200
17227,32134,13794,9092,23042,8135,-1724
16953,22720,7272,16352,6368,601,-513
17408,24386,8078,16460,7926,948,-920
10596,11881,3297,10574,1307,22,1208
17964,27310,9669,15944,11366,2020,-1558
16195,21184,6659,15732,5452,463,-79
13253,15587,4504,13158,2429,95,887
18008,28776,10583,15220,13556,2788,-1848
17858,29795,11408,13958,15837,3900,-1950
17205,32100,13795,9020,23080,8185,-1690
15810,20181,6223,15470,4711,340,84
16755,22131,7015,16202,5929,553,-355
16843,32699,14916,5734,26965,11109,-1146
16644,33016,16272,944,32072,15700,-103
16322,21244,6647,15900,5344,422,-133
4553,4754,1239,4552,202,1,893
16849,22583,7235,16226,6357,623,-461
15948,20529,6377,15550,4979,398,87
15875,20332,6285,15524,4808,351,71
16101,20710,6419,15744,4966,357,-10
16571,21755,6867,16042,5713,529,-270
17177,23412,7609,16388,7024,789,-617
17735,25384,8540,16608,8776,1127,-1127
18070,29083,10758,15134,13949,2936,-1964
17923,26750,9310,16260,10490,1663,-1441
14491,17685,5262,14322,3363,169,557
18075,28750,10556,15276,13474,2799,-1866
17768,25751,8757,16474,9277,1294,-1252
17982,28603,10520,15126,13477,2856,-1796
17999,28349,10324,15402,12947,2597,-1769
16642,33023,16305,826,32197,15816,-77
17879,26490,9167,16312,10178,1567,-1352
3918,4059,1050,3918,141,0,798
13295,15667,4530,13214,2453,81,847
16932,32584,14591,6804,25780,10128,-1361
17894,29211,10919,14746,14465,3148,-1904
18038,28662,10502,15316,13346,2722,-1836
15038,18573,5580,14826,3747,212,351
13627,16181,4710,13522,2659,105,791
16385,21581,6820,15882,5699,503,-237
16152,20877,6500,15754,5123,398,-68
1222,1229,309,1222,7,0,289
10062,11208,3094,10040,1168,22,1222
15313,19210,5848,15028,4182,285,301
13048,15340,4424,12984,2356,64,905
17950,26774,9336,16204,10570,1746,-1447
792,796,200,792,4,0,194
16990,32578,14511,7112,25466,9878,-1432
18075,28796,10569,15316,13480,2759,-1881
12941,15284,4429,12852,2432,89,895
10813,12211,3410,10782,1429,31,1141
16401,21404,6721,15924,5480,477,-191
18064,27298,9603,16184,11114,1880,-1637
17959,27262,9610,16084,11178,1875,-1583
11242,12863,3631,11202,1661,40,1082
17994,28439,10381,15354,13085,2640,-1768
17128,23457,7634,16378,7079,750,-635
12331,14269,4067,12270,1999,61,1047
17672,30892,12301,12580,18312,5092,-2044
14770,18233,5478,14554,3679,216,475
15709,19917,6099,15438,4479,271,111
17956,27108,9525,16116,10992,1840,-1555
17506,24182,7923,16672,7510,834,-865
16287,21231,6654,15846,5385,441,-145
2644,2688,683,2644,44,0,597
17044,23191,7509,16346,6845,698,-569
12645,14703,4204,12590,2113,55,974
15380,19278,5863,15104,4174,276,251
17557,31123,12573,11954,19169,5603,-1979
17501,24406,8069,16536,7870,965,-869
7936,8556,2296,7928,628,8,1212
16641,33022,16364,588,32434,16053,-17
16968,22449,7120,16418,6031,550,-424
17652,30977,12402,12346,18631,5306,-2017
12885,15112,4351,12820,2292,65,883
11280,12792,3583,11252,1540,28,1098
17885,26594,9238,16236,10358,1649,-1404
17396,24133,7940,16506,7627,890,-817
15998,20413,6295,15646,4767,352,49
18062,28512,10400,15424,13088,2638,-1815
16874,22403,7118,16334,6069,540,-410
17908,25711,8677,16714,8997,1194,-1215
2466,2511,639,2466,45,0,547
15573,19672,6029,15228,4444,345,174
16644,33016,16176,1328,31688,15316,-199
17410,24255,8010,16470,7785,940,-869
17731,26440,9200,16080,10360,1651,-1330
13030,15398,4461,12952,2446,78,862
17950,26201,8972,16514,9687,1436,-1340
14592,17955,5378,14398,3557,194,521
14399,17397,5135,14254,3143,145,568
6268,6610,1738,6268,342,0,1093
16642,33018,16265,976,32042,15666,-112
14458,17617,5234,14298,3319,160,507
16733,22251,7083,16170,6081,563,-382
14595,17843,5317,14418,3425,177,501
18042,28963,10686,15182,13781,2860,-1916
17417,31669,13187,10590,21079,6827,-1892
17479,31353,12822,11418,19935,6061,-1952
16856,32714,14888,5876,26838,10980,-1190
15272,19016,5751,15028,3988,244,269
16661,22168,7056,16112,6056,549,-332
17854,26364,9092,16360,10004,1494,-1383
17461,24406,8073,16520,7886,941,-897
17148,23242,7510,16444,6798,704,-621
9107,10032,2743,9092,940,15,1190
13872,16562,4842,13756,2806,116,707
17744,25061,8378,16610,8451,1134,-1057
18044,28358,10284,15580,12778,2464,-1799
17496,24159,7911,16674,7485,822,-877
18049,27909,10009,15782,12127,2267,-1674
11945,13750,3901,11896,1854,49,1080
14070,17018,5027,13928,3090,142,610
12859,15059,4337,12770,2289,89,985
9969,11021,3023,9950,1071,19,1219
6937,7402,1967,6936,466,1,1108
5707,6002,1575,5704,298,3,1014
13595,16307,4788,13462,2845,133,775
17520,24340,8015,16620,7720,900,-882
15894,20286,6239,15616,4670,278,65
12733,14794,4229,12672,2122,61,958
16672,32984,15896,2384,30600,14288,-447
16377,21564,6810,15888,5676,489,-195
18085,28400,10270,15720,12680,2365,-1862
13965,16696,4892,13824,2872,141,668
16365,21401,6723,15910,5491,455,-163
16923,22782,7320,16284,6498,639,-485
17957,27052,9509,16068,10984,1889,-1478
17562,31014,12453,12216,18798,5346,-2015
14467,17613,5231,14302,3311,165,535
17800,30721,12078,13130,17591,4670,-2093
17060,23100,7466,16336,6764,724,-548
17892,26905,9450,16010,10895,1882,-1463
2218,2261,576,2218,43,0,499
17887,26928,9452,16048,10880,1839,-1475
2565,2612,665,2564,48,1,567
11393,12974,3650,11348,1626,45,1120
16761,32859,15340,4358,28501,12403,-879
14862,18054,5356,14684,3370,178,491
12343,14293,4073,12294,1999,49,987
17536,24655,8209,16474,8181,1062,-936
17697,30724,12182,12720,18004,4977,-2008
16988,22912,7380,16304,6608,684,-555
17605,31415,12818,11558,19857,6047,-2009
13516,16060,4678,13408,2652,108,814
17862,26276,9040,16392,9884,1470,-1346
18067,29406,11000,14812,14594,3255,-1986
17633,24782,8238,16612,8170,1021,-967
17110,32340,14083,8348,23992,8762,-1636
18055,29012,10710,15184,13828,2871,-1942
16723,32911,15508,3790,29121,12933,-767
16876,32601,14721,6318,26283,10558,-1249
16653,32986,15985,2032,30954,14621,-362
17882,26426,9135,16312,10114,1570,-1333
10150,11286,3110,10132,1154,18,1202
17921,29907,11409,14178,15729,3743,-2039
16324,21378,6726,15852,5526,472,-182
17915,26904,9414,16152,10752,1763,-1472
17738,25283,8509,16530,8753,1208,-1083
17967,26924,9416,16184,10740,1783,-1488
17758,30345,11853,13278,17067,4480,-1991
4612,4822,1258,4612,210,0,891
16642,33021,16309,806,32215,15836,-71
17832,30443,11881,13362,17081,4470,-2047
16987,32519,14468,7166,25353,9821,-1421
17947,28980,10769,14884,14096,3063,-1864
15615,19595,5962,15342,4253,273,182
17596,31193,12630,11866,19327,5730,-2002
18006,26885,9372,16282,10603,1724,-1451
12870,15010,4304,12804,2206,66,922
17606,24998,8380,16476,8522,1130,-1072
16649,32998,16041,1832,31166,14817,-316
15816,19946,6090,15532,4414,284,123
17360,24065,7895,16550,7515,810,-807
17330,23953,7872,16418,7535,912,-776
17073,32398,14241,7832,24566,9241,-1532
18090,28760,10561,15276,13484,2814,-1871
16584,21900,6933,16068,5832,516,-265
17993,28624,10492,15280,13344,2713,-1826
17654,25554,8691,16344,9210,1310,-1092
4680,4850,1255,4680,170,0,947
17004,32496,14407,7364,25132,9640,-1457
15342,19238,5847,15088,4150,254,305
14371,17526,5207,14224,3302,147,586
17649,25059,8411,16474,8585,1175,-1038
17973,29214,10915,14768,14446,3205,-1930
16871,22575,7225,16250,6325,621,-441
16683,22115,7020,16150,5965,533,-345
14665,18047,5409,14458,3589,207,474
17031,22758,7275,16416,6342,615,-519
12422,14347,4078,12382,1965,40,987
13325,15639,4505,13258,2381,67,842
9282,10134,2750,9268,866,14,1227
3034,3089,786,3034,55,0,655
16501,21466,6719,16056,5410,445,-198
16827,22671,7299,16146,6525,681,-467
13284,15683,4542,13198,2485,86,835
16702,32912,15572,3536,29376,13166,-700
16943,22845,7349,16294,6551,649,-525
16750,22215,7053,16218,5997,532,-374
17218,23552,7665,16444,7108,774,-694
17745,25680,8733,16428,9252,1317,-1193
16688,32933,15670,3186,29747,13502,-625
17538,31247,12692,11726,19521,5812,-1985
4576,4764,1238,4576,188,0,889
17129,32227,13958,8622,23605,8507,-1650
17368,24063,7910,16486,7577,882,-803
17203,23309,7537,16470,6839,733,-585
17618,24857,8278,16602,8255,1016,-1003
14125,16960,4980,14000,2960,125,698
17360,24116,7947,16444,7672,916,-811
17893,26248,9019,16420,9828,1473,-1352
17118,32379,14138,8206,24173,8912,-1606
16743,22220,7063,16188,6032,555,-340
16615,21991,6980,16062,5929,553,-265
16714,32912,15560,3584,29328,13130,-713
17447,24456,8107,16484,7972,963,-899
17517,25049,8430,16378,8671,1139,-1019
17961,29468,11064,14680,14788,3281,-1992
17315,31912,13469,9948,21964,7367,-1835
17336,24035,7913,16418,7617,918,-780
9399,10374,2841,9384,990,15,1220
16681,32968,15833,2604,30364,14077,-494
18136,27818,9908,16004,11814,2132,-1735
16916,32644,14752,6280,26364,10636,-1257
17543,25095,8451,16386,8709,1157,-1009
16641,33021,16284,906,32115,15735,-96
17989,27141,9549,16086,11055,1903,-1503
17135,23668,7766,16272,7396,863,-645
17824,26235,9044,16294,9941,1530,-1386
16433,21510,6768,15948,5562,485,-171
17951,29395,11068,14518,14877,3433,-1928
15134,19019,5800,14838,4181,296,306
17452,31592,13060,10944,20648,6508,-1942
14222,17180,5074,14064,3116,158,670
17679,25388,8577,16468,8920,1211,-1122
17768,25793,8793,16414,9379,1354,-1223
17395,23959,7845,16538,7421,857,-811
17791,25662,8695,16544,9118,1247,-1214
11117,12620,3540,11080,1540,37,1171
15461,19443,5928,15174,4269,287,197
17920,29374,11052,14540,14834,3380,-1925
8073,8735,2351,8066,669,7,1174
17958,29550,11144,14524,15026,3434,-2011
17349,23948,7851,16492,7456,857,-841
17946,29567,11185,14394,15173,3552,-1951
16743,32892,15446,4000,28892,12743,-807
18090,29138,10797,15088,14050,3002,-1950
17858,26217,9007,16406,9811,1452,-1305
18022,27544,9772,16000,11544,2022,-1647
10740,12102,3372,10716,1386,24,1148
8820,9635,2616,8806,829,14,1226
1766,1797,457,1766,31,0,402
14107,16936,4975,13972,2964,135,623
16782,32796,15153,4980,27816,11802,-1008
17893,30185,11645,13790,16395,4103,-2062
17684,24642,8144,16708,7934,976,-953
16628,21930,6943,16088,5842,540,-303
15278,19092,5792,15016,4076,262,323
13454,15871,4595,13362,2509,92,868
2130,2165,550,2130,35,0,480
16641,33024,16362,600,32424,16041,-21
17413,31788,13268,10504,21284,6909,-1915
17948,27046,9496,16108,10938,1840,-1530
13167,15533,4498,13074,2459,93,877
17964,29845,11347,14302,15543,3662,-2050
17670,30905,12326,12506,18399,5164,-2020
1452,1460,367,1452,8,0,345
15119,18668,5606,14912,3756,207,401
17993,29020,10760,15000,14020,2993,-1889
9469,10421,2846,9458,963,11,1186
18060,26982,9408,16332,10650,1728,-1531
15885,20366,6302,15524,4842,361,38
17726,30781,12221,12678,18103,5048,-2017
17932,26738,9302,16268,10470,1664,-1473
11428,13032,3671,11380,1652,48,1130
17774,25368,8544,16560,8808,1214,-1191
9358,10345,2836,9346,999,12,1173
13450,15868,4598,13344,2524,106,849
17103,32389,14139,8222,24167,8881,-1624
17795,25963,8881,16402,9561,1393,-1245
17174,23453,7630,16386,7067,788,-687
17994,26593,9167,16518,10075,1476,-1457
17112,32335,14085,8330,24005,8782,-1628
17389,31523,13031,10922,20601,6467,-1911
17103,32369,14180,8018,24351,9085,-1571
16661,32978,15894,2380,30598,14281,-444
2344,2396,612,2344,52,0,521
17274,31965,13579,9614,22351,7660,-1778
17417,31692,13200,10584,21108,6833,-1897
16757,22342,7129,16168,6174,589,-379
18016,29588,11148,14584,15004,3432,-2001
17523,24565,8145,16550,8015,973,-969
16535,21810,6904,16004,5806,531,-286
17606,31126,12560,12012,19114,5594,-2010
17941,27769,9946,15754,12015,2187,-1669
17562,31289,12724,11682,19607,5880,-1985
17596,31177,12616,11890,19287,5706,-1996
18096,27911,9983,15890,12021,2206,-1735
16907,22685,7261,16326,6359,581,-499
5227,5511,1449,5226,285,1,943
7902,8508,2279,7900,608,2,1218
16723,32915,15541,3666,29249,13057,-735
17787,30260,11800,13320,16940,4467,-1973
17899,27484,9777,15860,11624,2039,-1612
16312,21028,6536,15912,5116,400,-80
16761,22275,7090,16190,6085,571,-393
17436,31485,12984,11034,20451,6402,-1925
12707,14859,4273,12626,2233,81,924
17162,23484,7629,16452,7032,710,-705
12389,14444,4147,12300,2144,89,977
4192,4344,1124,4192,152,0,857
17550,31332,12757,11636,19696,5914,-2002
18080,28522,10400,15444,13078,2636,-1822
12305,14233,4055,12246,1987,59,963
15110,18831,5697,14874,3957,236,353
16455,21454,6725,16008,5446,447,-192
13466,16002,4662,13356,2646,110,813
16004,20486,6329,15656,4830,348,18
17839,30179,11653,13746,16433,4093,-2042
11213,12763,3588,11174,1589,39,1103
17359,23821,7763,16590,7231,769,-775
17713,25709,8764,16362,9347,1351,-1192
17030,32406,14274,7716,24690,9314,-1510
16781,32834,15243,4696,28138,12085,-955
17084,32159,13895,8738,23421,8346,-1654
17505,24420,8069,16564,7856,941,-942
15871,20353,6302,15498,4855,373,17
17373,31746,13254,10476,21270,6897,-1891
17504,31321,12761,11598,19723,5906,-1990
3050,3127,801,3050,77,0,657
17096,22993,7391,16422,6571,674,-565
17086,23152,7480,16384,6768,702,-577
17355,24426,8132,16324,8102,1031,-894
17808,30530,11924,13364,17166,4444,-2097
17870,29735,11307,14242,15493,3628,-2008
17054,22860,7316,16456,6404,598,-503
18015,29361,10972,14834,14527,3181,-1978
16755,22118,7001,16232,5886,523,-374
16506,21585,6777,16062,5523,444,-211
17984,29710,11246,14436,15274,3548,-2020
13204,15526,4481,13128,2398,76,871
17275,23708,7748,16424,7284,851,-716
17449,24538,8162,16428,8110,1021,-915
15969,20464,6331,15604,4860,365,49
18099,29041,10718,15210,13831,2889,-1938
16081,20609,6369,15742,4867,339,-35
642,645,162,642,3,0,157
17723,30877,12241,12790,18087,4933,-2092
17187,23508,7660,16376,7132,811,-650
13924,16677,4888,13802,2875,122,726
1856,1886,479,1856,30,0,428
15792,20310,6305,15400,4910,392,57
18005,28173,10199,15550,12623,2455,-1743
8250,8933,2405,8246,687,4,1209
17976,29594,11198,14396,15198,3580,-1982
15836,20086,6164,15516,4570,320,129
17985,26840,9364,16224,10616,1761,-1488
15693,19950,6129,15384,4566,309,150
17829,26890,9431,16056,10834,1773,-1435
16759,22243,7063,16234,6009,525,-360
14660,18209,5500,14418,3791,242,441
11974,13633,3833,11934,1699,40,1064
17169,23322,7558,16412,6910,757,-647
6559,6975,1848,6558,417,1,1101
16614,21663,6802,16118,5545,496,-232
17665,24998,8361,16552,8446,1113,-1047
16872,22706,7297,16224,6482,648,-458
14640,18057,5412,14466,3591,174,469
17846,26457,9162,16266,10191,1580,-1385
17678,25235,8484,16534,8701,1144,-1108
17944,30035,11509,14034,16001,3910,-2031
16695,32934,15635,3328,29606,13367,-659
14261,17377,5167,14086,3291,175,644
14793,18143,5424,14590,3553,203,478
18056,28302,10248,15612,12690,2444,-1817
17764,30395,11850,13390,17005,4374,-2040
17544,31049,12536,11954,19095,5590,-1958
16142,20851,6487,15754,5097,388,-42
17024,32448,14331,7572,24876,9452,-1489
18026,26865,9349,16334,10531,1692,-1491
12987,15210,4379,12904,2306,83,873
13780,16507,4844,13638,2869,142,734
17815,26157,9005,16294,9863,1521,-1305
17106,32359,14179,8002,24357,9104,-1557
9410,10363,2832,9398,965,12,1222
17940,27827,9990,15694,12133,2246,-1671
17762,30491,11970,13102,17389,4660,-1998
14834,18237,5462,14626,3611,208,450
4571,4767,1241,4570,197,1,890
16508,21697,6845,16014,5683,494,-260
17245,23345,7538,16538,6807,707,-637
16492,21826,6916,15988,5838,504,-293
17530,31372,12813,11492,19880,6038,-1977
17941,29372,11043,14572,14800,3369,-1945
6959,7410,1966,6956,454,3,1139
16103,20704,6422,15720,4984,383,-35
17902,28726,10631,14928,13798,2974,-1790
17894,30059,11528,14006,16053,3888,-2054
18031,29108,10827,14908,14200,3123,-1908
17569,24619,8176,16534,8085,1035,-927
16531,21774,6875,16048,5726,483,-300
17904,26498,9167,16328,10170,1576,-1371
4949,5148,1337,4948,200,1,950
17939,28588,10470,15296,13292,2643,-1825
16850,22272,7053,16332,5940,518,-346
16654,32993,15998,1994,30999,14660,-354
17722,30749,12191,12734,18015,4988,-2016
14551,17841,5332,14354,3487,197,501
17996,27069,9471,16254,10815,1742,-1516
16346,21171,6607,15914,5257,432,-134
17543,31146,12638,11740,19406,5803,-1952
17908,28068,10183,15404,12664,2504,-1689
13822,16459,4805,13698,2761,124,764
16837,22805,7372,16122,6683,715,-471
2590,2633,669,2590,43,0,571
17943,26656,9248,16320,10336,1623,-1438
17340,31938,13461,10032,21906,7308,-1863
16461,21823,6925,15946,5877,515,-281
16604,21857,6905,16094,5763,510,-242
15642,19710,6019,15344,4366,298,141
5425,5689,1489,5422,267,3,1003
12397,14372,4103,12332,2040,65,997
17498,31539,12982,11150,20389,6348,-1969
16642,33020,16314,784,32236,15858,-65
18077,28378,10284,15620,12758,2457,-1800
18023,27770,9915,15880,11890,2143,-1656
16665,32978,15901,2352,30626,14313,-436
17925,29357,11022,14626,14731,3299,-1933
15857,20383,6318,15494,4889,363,83
17019,32452,14273,7812,24640,9207,-1549
17075,23327,7581,16330,6997,745,-575
17916,29746,11303,14280,15466,3636,-2003
13232,15608,4519,13140,2468,92,840
7847,8471,2276,7838,633,9,1203
17981,28824,10624,15152,13672,2829,-1879
16960,22848,7361,16252,6596,708,-493
16833,32721,14961,5598,27123,11235,-1123
17434,31714,13198,10636,21078,6798,-1907
18022,27232,9571,16180,11052,1842,-1561
15634,19997,6179,15278,4719,356,129
17802,25741,8744,16506,9235,1296,-1228
16735,22313,7119,16150,6163,585,-381
2661,2712,691,2660,52,1,586
14527,17842,5338,14332,3510,195,488
10610,11905,3305,10590,1315,20,1186
4956,5184,1353,4956,228,0,938
17820,30381,11853,13350,17031,4470,-2004
7453,8005,2141,7446,559,7,1195
17142,32286,14050,8372,23914,8770,-1616
17054,23247,7541,16330,6917,724,-581
17342,31800,13327,10292,21508,7050,-1873
17628,31038,12465,12216,18822,5412,-2021
5345,5595,1462,5342,253,3,1004
17562,31290,12703,11768,19522,5794,-1999
16916,22447,7132,16366,6081,550,-443
17463,31602,13061,10960,20642,6503,-1941
15884,20369,6300,15538,4831,346,61
17084,32299,14048,8406,23893,8678,-1636
17509,31443,12923,11194,20249,6315,-1926
14775,18316,5525,14532,3784,243,442
16663,32993,15962,2138,30855,14525,-390
16269,21078,6576,15852,5226,417,-116
11712,13424,3795,11668,1756,44,1056
16875,22753,7320,16226,6527,649,-431
6030,6375,1680,6030,345,0,1058
11308,12823,3593,11274,1549,34,1119
17193,23859,7850,16318,7541,875,-737
17941,27505,9786,15866,11639,2075,-1598
17879,26143,8978,16374,9769,1505,-1296
17291,24009,7914,16362,7647,929,-754
9972,11071,3047,9954,1117,18,1207
16948,23007,7437,16266,6741,682,-486
17348,24363,8095,16346,8017,1002,-822
18013,27662,9848,15932,11730,2081,-1667
17642,25166,8470,16452,8714,1190,-1044
11968,13737,3888,11922,1815,46,1025
15969,20557,6373,15622,4935,347,-15
16679,32962,15825,2624,30338,14055,-497
9611,10549,2875,9598,951,13,1231
17413,24094,7911,16544,7550,869,-835
15584,19686,6016,15308,4378,276,150
17961,27607,9837,15866,11741,2095,-1616
2934,3015,774,2934,81,0,626
6794,7257,1932,6786,471,8,1120
15334,19330,5896,15076,4254,258,272
17583,31025,12475,12150,18875,5433,-1996
14379,17448,5167,14228,3220,151,590
16469,21574,6790,15988,5586,481,-217
16326,21121,6583,15910,5211,416,-117
17765,25537,8633,16542,8995,1223,-1181
16689,32948,15687,3148,29800,13541,-621
17570,25056,8423,16420,8636,1150,-1014
3919,4051,1046,3918,133,1,803
17090,32250,14036,8356,23894,8734,-1595
17310,31859,13382,10190,21669,7120,-1866
18007,29477,11059,14718,14759,3289,-1998
15624,19548,5934,15360,4188,264,183
13310,15693,4546,13202,2491,108,907
13231,15606,4519,13136,2470,95,847
17946,27364,9713,15876,11488,2070,-1575
15900,20093,6151,15582,4511,318,70
15350,19165,5806,15106,4059,244,282
16528,21732,6861,16020,5712,508,-260
16868,32628,14762,6208,26420,10660,-1235
17448,24312,8015,16564,7748,884,-834
17809,29907,11453,14002,15905,3807,-1999
14555,17791,5303,14370,3421,185,533
18003,28436,10370,15392,13044,2611,-1772
16643,33019,16239,1082,31937,15561,-139
18039,28930,10672,15172,13758,2867,-1903
17220,23393,7564,16530,6863,690,-635
18112,28001,10036,15858,12143,2254,-1754
18072,28384,10303,15556,12828,2516,-1798
10515,11750,3253,10488,1262,27,1166
17987,27062,9491,16160,10902,1827,-1540
12983,15197,4369,12918,2279,65,894
17843,25916,8830,16512,9404,1331,-1288
5990,6315,1660,5990,325,0,1082
17986,29986,11455,14152,15834,3834,-2049
16680,32957,15746,2930,30027,13750,-572
17928,29036,10805,14852,14184,3076,-1883
17934,26415,9108,16398,10017,1536,-1399
18052,27903,9987,15858,12045,2194,-1726
17407,31590,13052,10972,20618,6435,-1949
16661,32993,15883,2454,30539,14207,-469
13108,15350,4419,13024,2326,84,931
17597,25012,8372,16536,8476,1061,-1041
15508,19516,5951,15228,4288,280,208
17897,26198,8994,16420,9778,1477,-1322
15763,20055,6169,15434,4621,329,84
7914,8525,2286,7906,619,8,1205
17565,31103,12524,12110,18993,5455,-2029
17811,25474,8581,16624,8850,1187,-1158
16660,33004,16033,1876,31128,14784,-330
15907,20346,6279,15576,4770,331,27
17703,25025,8361,16606,8419,1097,-1075
17738,30605,12027,13102,17503,4636,-2054
11627,13262,3735,11584,1678,43,1100
17515,31270,12742,11572,19698,5943,-1963
17845,29743,11346,14102,15641,3743,-1958
17126,23103,7429,16490,6613,636,-574
16014,20590,6380,15660,4930,354,37
18107,28185,10135,15830,12355,2277,-1825
16663,32979,15911,2314,30665,14349,-429
17739,25328,8518,16584,8744,1155,-1140
10851,12315,3454,10814,1501,37,1177
2802,2863,731,2802,61,0,608
17450,24388,8071,16492,7896,958,-872
13939,16804,4954,13792,3012,147,667
16723,22383,7159,16130,6253,593,-369
17970,29904,11364,14352,15552,3618,-2078
17980,28751,10586,15158,13593,2822,-1859
17551,25210,8517,16352,8858,1199,-1047
17988,28239,10243,15506,12733,2482,-1756
15447,19403,5915,15146,4257,301,240
17911,30084,11561,13924,16160,3987,-2037
18011,26684,9255,16348,10336,1663,-1439
17497,25062,8448,16332,8730,1165,-1051
17645,24989,8344,16602,8387,1043,-1025
18063,27809,9936,15874,11935,2189,-1675
17839,29869,11470,13858,16011,3981,-1968
2340,2380,605,2340,40,0,528
17735,30855,12211,12866,17989,4869,-2099
17995,29195,10865,14930,14265,3065,-1939
12241,14197,4054,12178,2019,63,1010
17336,31802,13373,10112,21690,7224,-1837
16767,32840,15263,4628,28212,12139,-941
16801,32818,15095,5256,27562,11545,-1083
17149,32248,13956,8672,23576,8477,-1672
17996,28013,10101,15622,12391,2374,-1698
17383,24035,7893,16498,7537,885,-783
17541,24493,8106,16562,7931,979,-888
16146,20749,6425,15798,4951,348,-49
6403,6791,1795,6402,389,1,1092
6894,7336,1945,6892,444,2,1158
16675,32953,15793,2734,30219,13941,-520
17649,25411,8601,16418,8993,1231,-1126
18026,28701,10534,15266,13435,2760,-1853
17923,26612,9233,16292,10320,1631,-1409
1842,1869,474,1842,27,0,417
17755,25842,8819,16408,9434,1347,-1234
17514,24361,8036,16578,7783,936,-888
17722,25517,8643,16462,9055,1260,-1152
13660,16255,4740,13550,2705,110,781
3404,3514,906,3404,110,0,707
16661,32986,15955,2152,30834,14509,-391
15839,20313,6285,15486,4827,353,62
18083,28429,10320,15578,12851,2505,-1816
16890,22495,7170,16310,6185,580,-428
16844,32702,14909,5768,26934,11076,-1158
16798,32773,15086,5202,27571,11596,-1050
18031,29605,11182,14482,15123,3549,-1986
15994,20544,6370,15608,4936,386,-36
16423,21412,6705,16004,5408,419,-193
15611,19538,5924,15380,4158,231,189
16772,32838,15295,4496,28342,12276,-903
17315,24293,8050,16386,7907,929,-833
15106,18802,5679,14888,3914,218,329
17979,28596,10482,15264,13332,2715,-1823
17759,30651,12065,13042,17609,4717,-2063
16219,21014,6555,15808,5206,411,-119
17788,26427,9160,16214,10213,1574,-1366
13870,16590,4856,13756,2834,114,728
16496,21609,6795,16038,5571,458,-214
16938,32559,14560,6878,25681,10060,-1362
17962,27581,9808,15930,11651,2032,-1637
16718,32921,15578,3530,29391,13188,-704
17430,24178,7953,16544,7634,886,-872
17941,26769,9329,16222,10547,1719,-1429
17732,30601,12034,13066,17535,4666,-2029
17433,31671,13143,10770,20901,6663,-1925
17916,29384,11050,14568,14816,3348,-1939
18102,27800,9919,15924,11876,2178,-1679
15818,20067,6154,15518,4549,300,85
17723,30762,12170,12844,17918,4879,-2051
17046,23113,7460,16386,6727,660,-575
17863,26377,9108,16322,10055,1541,-1325
18003,28516,10437,15284,13232,2719,-1799
11695,13368,3771,11652,1716,43,1037
16641,33024,16338,696,32328,15945,-45
17060,32320,14135,8100,24220,8960,-1558
13949,16693,4889,13830,2863,119,723
3544,3650,939,3544,106,0,748
16735,32882,15413,4112,28770,12623,-832
17964,28359,10317,15450,12909,2514,-1767
16794,32770,15108,5108,27662,11686,-1026
3288,3366,861,3288,78,0,702
3646,3761,969,3646,115,0,754
11130,12668,3561,11092,1576,38,1098
17899,27232,9631,15940,11292,1959,-1524
15200,18789,5651,14974,3815,226,356
17365,24047,7893,16522,7525,843,-817
17837,30279,11708,13726,16553,4111,-2069
16748,22142,7020,16204,5938,544,-334
14600,17834,5312,14420,3414,180,532
2722,2781,710,2722,59,0,598
17790,26517,9221,16150,10367,1640,-1359
16197,20916,6510,15792,5124,405,-31
17850,25509,8597,16630,8879,1220,-1151
18050,27258,9570,16236,11022,1814,-1578
18125,28170,10129,15824,12346,2301,-1791
17262,23387,7554,16558,6829,704,-681
16972,32456,14393,7340,25116,9632,-1432
16746,22374,7151,16144,6230,602,-374
17408,24411,8091,16458,7953,950,-894
16185,20945,6526,15786,5159,399,-112
17676,24672,8161,16700,7972,976,-942
17937,29407,11032,14686,14721,3251,-1963
16743,32861,15427,4014,28847,12729,-793
17946,27362,9675,16024,11338,1922,-1604
16438,21414,6702,16020,5394,418,-202
16010,20541,6357,15654,4887,356,-26
17950,29252,10964,14648,14604,3302,-1919
16204,20733,6403,15854,4879,350,-82
13693,16327,4772,13566,2761,127,785
17354,31822,13329,10328,21494,7026,-1871
17902,29281,10973,14670,14611,3232,-1930
14954,18515,5573,14738,3777,216,420
17452,24822,8330,16324,8498,1128,-957
17391,24219,7988,16486,7733,905,-818
16791,22387,7156,16150,6237,641,-434
17759,25626,8694,16476,9150,1283,-1169
2638,2691,686,2638,53,0,582
16143,20769,6436,15794,4975,349,-38
18023,28999,10730,15078,13921,2945,-1893
11164,12676,3556,11128,1548,36,1113
17654,25671,8748,16350,9321,1304,-1154
15655,19661,5986,15378,4283,277,150
17901,29834,11382,14140,15694,3761,-2000
17732,25237,8475,16574,8663,1158,-1143
17612,31069,12522,12050,19019,5562,-1984
17251,32015,13632,9502,22513,7749,-1767
16909,22748,7309,16260,6488,649,-479
12772,14980,4317,12692,2288,80,926
17260,32067,13679,9418,22649,7842,-1767
1702,1725,437,1702,23,0,392
10291,11382,3122,10276,1106,15,1238
17579,24620,8157,16612,8008,967,-937
16667,32969,15854,2522,30447,14145,-474
15547,19526,5942,15284,4242,263,222
17332,31943,13469,10010,21933,7322,-1864
17859,26215,9003,16418,9797,1441,-1355
17699,30631,12095,12882,17749,4817,-2023
17611,25404,8614,16352,9052,1259,-1116
17649,31044,12461,12244,18800,5405,-2036
9414,10389,2844,9402,987,12,1191
17249,23760,7777,16412,7348,837,-719
16497,21773,6899,15950,5823,547,-276
17857,25683,8710,16526,9157,1331,-1202
17515,31408,12875,11316,20092,6199,-1943
16746,22439,7186,16134,6305,612,-445
17057,23254,7552,16300,6954,757,-594
18029,27480,9731,16036,11444,1993,-1614
17414,31588,13111,10732,20856,6682,-1902
18062,27225,9540,16290,10935,1772,-1597
140,140,35,140,0,0,34
17446,24564,8175,16428,8136,1018,-922
17975,26998,9453,16184,10814,1791,-1520
17907,26292,9042,16416,9876,1491,-1355
15966,20372,6287,15596,4776,370,22
17968,26632,9224,16368,10264,1600,-1449
14179,17174,5082,14020,3154,159,680
16678,32963,15805,2706,30257,13972,-518
13599,16383,4822,13478,2905,121,750
14973,18369,5488,14786,3583,187,416
17595,25209,8490,16458,8751,1137,-1109
17942,26431,9101,16458,9973,1484,-1414
9444,10446,2866,9428,1018,16,1224
12465,14500,4151,12396,2104,69,1000
16732,22024,6961,16204,5820,528,-333
3628,3730,958,3628,102,0,745
17780,30553,11960,13266,17287,4514,-2080
16643,33022,16309,808,32214,15835,-72
17823,30252,11712,13656,16596,4167,-2029
16980,22960,7398,16328,6632,652,-552
17981,29050,10804,14884,14166,3097,-1907
16796,22258,7064,16260,5998,536,-342
17755,25372,8541,16580,8792,1175,-1164
17864,26723,9321,16162,10561,1702,-1438
17383,24356,8080,16392,7964,991,-869
17919,29611,11213,14370,15241,3549,-1961
9347,10274,2803,9336,938,11,1228
18070,27753,9894,15930,11823,2140,-1680
16023,20576,6377,15644,4932,379,-35
17426,31565,13019,11054,20511,6372,-1951
