Points,Edges,Area,Perimeter,Contact_perimeter,TETRAPIXEL,Euler_General_8_Async
1162,1669,569,1062,607,100,-70
1141,1973,784,810,1163,331,-112
250,259,67,250,9,0,53
1156,1717,603,1022,695,134,-73
889,1057,308,882,175,7,56
997,1240,374,984,256,13,25
1144,1747,617,1026,721,118,-85
1138,1898,729,880,1018,258,-100
1151,1696,592,1024,672,127,-69
1115,2057,881,590,1467,525,-91
1091,1436,453,1060,376,31,-24
1169,1734,599,1072,662,97,-97
815,955,275,810,145,5,70
294,311,82,294,17,0,58
977,1243,383,954,289,23,21
1103,1488,482,1048,440,55,-27
969,1201,361,958,243,11,27
1164,1829,664,1002,827,162,-102
1091,2103,983,274,1829,817,-32
1189,1870,680,1020,850,169,-125
1140,1868,703,924,944,216,-99
1155,1772,632,1016,756,139,-98
724,831,235,722,109,2,67
1125,2028,838,704,1324,421,-103
1135,1578,520,1076,502,59,-46
982,1218,367,968,250,14,26
1157,1773,634,1010,763,147,-87
1151,1780,642,992,788,159,-82
982,1257,390,954,303,28,12
28,28,7,28,0,0,7
1103,2051,884,566,1485,537,-81
939,1147,342,926,221,13,46
1156,1592,522,1096,496,60,-61
781,915,263,778,137,3,72
1174,1817,654,1018,799,156,-101
1154,1998,794,820,1178,334,-122
676,741,202,674,67,2,94
1151,1610,533,1088,522,63,-63
1152,1653,554,1090,563,62,-60
1145,1698,593,1024,674,121,-76
1133,1979,791,794,1185,339,-108
1091,2106,991,248,1858,843,-26
1162,1812,655,1004,808,158,-95
1118,2036,849,676,1360,442,-102
1157,1761,620,1042,719,115,-104
1142,1613,541,1062,551,80,-61
1080,1461,472,1034,427,46,-15
1126,1562,513,1072,490,54,-44
1110,2078,910,516,1562,594,-80
1086,1437,455,1054,383,32,-15
817,962,278,812,150,5,65
765,865,243,758,107,7,69
463,503,136,462,41,1,65
1088,2106,998,220,1886,868,-20
1105,1499,484,1062,437,43,-40
1095,1417,444,1058,359,37,-19
1133,1980,797,772,1208,361,-100
1137,1937,761,830,1107,307,-103
1151,1712,598,1032,680,119,-85
1136,1996,807,764,1232,372,-103
1135,1744,625,988,756,147,-71
942,1132,333,932,200,10,43
1066,1384,435,1028,356,38,7
959,1171,350,942,229,17,37
1137,1948,769,820,1128,317,-103
1148,1867,697,946,921,202,-108
36,36,9,36,0,0,9
1151,1722,600,1044,678,107,-84
1147,1720,605,1020,700,127,-74
1116,1466,463,1080,386,36,-22
0,0,0,0,0,0,0
877,1014,289,872,142,5,61
1060,1447,471,1010,437,50,-13
1137,1726,604,1036,690,101,-77
218,229,60,218,11,0,44
1122,1589,531,1054,535,68,-49
1190,1792,630,1064,728,126,-104
1154,1980,777,852,1128,302,-124
1123,2013,832,698,1315,425,-98
1136,2008,810,776,1232,360,-118
918,1138,342,908,230,10,38
48,48,12,48,0,0,12
1164,1814,657,1000,814,164,-99
1145,1651,555,1082,569,63,-70
424,446,117,424,22,0,70
1091,1466,472,1044,422,47,-26
1148,1934,750,868,1066,280,-119
1126,1957,780,794,1163,332,-102
810,942,269,808,134,2,61
1030,1344,423,996,348,34,12
990,1248,381,972,276,18,23
936,1156,346,928,228,8,38
1047,1400,446,1016,384,31,-5
1165,1932,739,908,1024,257,-125
1135,1604,535,1068,536,67,-51
1157,1810,660,980,830,177,-97
552,602,163,552,50,0,76
760,882,252,756,126,4,79
737,840,237,732,108,5,65
1126,2034,856,644,1390,482,-95
1099,1572,534,1008,564,91,-41
1047,1358,425,1016,342,31,5
1135,1989,800,778,1211,357,-107
1121,1564,517,1060,504,61,-42
1091,1452,463,1052,400,39,-20
1024,1339,421,994,345,30,6
927,1111,326,918,193,9,44
1107,2069,899,542,1527,565,-82
1156,1889,706,954,935,202,-115
358,369,95,358,11,0,67
1092,1409,437,1070,339,22,-23
987,1285,402,962,323,25,21
1028,1328,413,1004,324,24,6
771,889,253,766,123,5,71
934,1153,347,918,235,16,32
1102,2082,921,480,1602,622,-72
1001,1238,372,988,250,13,36
1159,1901,720,922,979,237,-107
280,290,75,280,10,0,56
1155,1956,761,868,1088,287,-114
1003,1332,425,964,368,39,9
1068,1445,466,1026,419,42,-24
914,1115,332,902,213,12,33
1147,1871,697,954,917,193,-107
1097,2088,942,408,1680,689,-57
1140,1725,610,1010,715,130,-78
968,1214,370,948,266,20,34
641,722,201,640,82,1,83
1096,2084,936,424,1660,672,-61
1134,1586,527,1064,522,70,-55
168,178,47,168,10,0,34
1160,1772,628,1032,740,128,-90
1162,1676,571,1068,608,94,-72
302,311,80,302,9,0,63
980,1258,389,960,298,20,13
1025,1332,416,1000,332,25,-2
1098,2050,896,516,1534,582,-70
282,297,78,282,15,0,52
84,86,22,84,2,0,20
52,52,13,52,0,0,12
900,1071,313,890,181,10,48
783,904,257,780,124,3,56
1142,1649,562,1050,599,92,-58
1168,1833,670,986,847,182,-99
304,316,82,304,12,0,59
1159,1707,589,1058,649,101,-81
896,1058,307,888,170,8,50
1129,1625,553,1038,587,91,-55
1103,1563,522,1038,525,65,-45
1162,1723,606,1022,701,140,-79
1152,1549,500,1098,451,54,-51
1099,1506,490,1052,454,47,-35
1132,1538,497,1088,450,44,-41
546,575,151,546,29,0,96
1113,2012,835,684,1328,429,-94
1172,1870,696,956,914,216,-114
1027,1349,425,998,351,29,-2
1174,1798,644,1020,778,154,-95
1115,1570,523,1048,522,67,-41
993,1245,378,978,267,15,33
1107,2057,888,562,1495,545,-86
662,750,210,660,90,2,76
1137,1589,525,1078,511,59,-50
1151,1799,655,978,821,173,-99
1026,1364,435,988,376,38,-4
1170,1822,657,1016,806,154,-105
1146,1784,640,1008,776,138,-84
776,911,262,774,137,2,65
665,751,210,662,89,3,78
1139,1965,778,818,1147,321,-104
1159,1837,672,986,851,173,-99
1165,1660,555,1100,560,65,-76
991,1283,406,942,341,49,20
905,1089,322,890,199,15,54
556,594,158,556,38,0,82
1093,1500,493,1028,472,65,-22
1131,1827,677,946,881,185,-97
988,1255,384,974,281,14,27
1131,2010,829,704,1306,427,-95
342,361,95,342,19,0,63
1101,1422,443,1072,350,29,-14
769,895,256,766,129,3,88
1168,1700,581,1076,624,92,-81
410,437,116,410,27,0,67
1111,1606,547,1024,582,87,-47
1138,1604,531,1084,520,54,-63
1110,1568,526,1032,536,78,-44
705,811,230,702,109,3,68
645,716,197,644,72,1,84
1146,1941,750,882,1059,264,-120
1143,1934,745,888,1046,255,-108
1125,1747,625,994,753,131,-80
1163,1925,739,894,1031,269,-108
1149,2003,809,770,1233,379,-107
1004,1272,391,980,292,24,10
1076,1447,466,1030,417,46,-25
364,384,101,364,20,0,67
1161,1858,678,1004,854,157,-104
979,1228,375,956,272,23,33
1117,1626,554,1036,590,81,-57
1122,1614,546,1044,570,78,-50
671,751,208,670,81,1,82
1115,1513,491,1062,451,53,-45
1145,1717,601,1030,687,115,-71
1092,2096,972,304,1792,788,-36
1149,1703,591,1042,661,107,-73
1114,2029,842,690,1339,424,-103
1174,1891,708,950,941,224,-118
1132,2009,822,730,1279,402,-103
246,255,66,246,9,0,48
1111,1995,821,706,1289,405,-96
1061,1385,435,1030,355,31,-21
976,1234,379,952,282,24,21
1095,1550,519,1024,526,71,-43
1166,1731,598,1070,661,96,-87
490,523,139,490,33,0,83
1081,1412,444,1048,364,33,-8
1048,1451,478,990,461,58,-27
1162,1860,691,956,904,206,-111
928,1114,329,912,202,16,41
1123,1532,497,1076,456,47,-38
869,1041,305,862,179,7,50
666,735,201,666,69,0,80
140,146,38,140,6,0,29
970,1211,366,958,253,12,21
985,1274,395,968,306,17,17
1099,1509,495,1038,471,61,-31
670,745,205,670,75,0,69
919,1145,347,902,243,17,42
1121,1569,518,1066,503,55,-44
1045,1359,428,1006,353,39,-8
1114,2061,878,610,1451,504,-97
1167,1745,611,1046,699,121,-83
1079,1593,553,974,619,105,-39
1042,1360,429,1004,356,38,-4
651,729,202,650,79,1,81
1156,1721,601,1038,683,118,-77
420,450,120,420,30,0,65
132,136,35,132,4,0,30
1072,1426,454,1036,390,36,-16
1144,1728,612,1008,720,136,-78
1139,2024,828,736,1288,403,-114
1116,1633,562,1018,615,98,-51
1070,1456,473,1020,436,50,-15
1151,1821,670,962,859,189,-103
446,475,126,446,29,0,78
951,1163,346,942,221,9,45
1134,1627,551,1050,577,84,-69
1073,1381,429,1046,335,27,-13
869,1072,322,856,216,13,52
840,976,279,836,140,4,56
1145,1929,749,862,1067,283,-100
997,1261,385,982,279,15,35
1139,1716,604,1016,700,123,-76
196,200,51,196,4,0,41
967,1176,348,960,216,7,18
1133,1729,609,1022,707,111,-86
1066,1477,486,1010,467,56,-20
978,1197,357,966,231,12,39
338,357,94,338,19,0,59
1099,1587,538,1022,565,77,-50
1083,1406,441,1048,358,35,-3
1135,2010,819,744,1266,391,-106
1176,1722,589,1088,634,88,-83
1078,1480,484,1024,456,54,-22
777,894,254,772,122,5,71
1037,1360,429,1004,356,33,-4
1125,2014,830,708,1306,417,-103
1092,2104,978,296,1808,796,-37
388,406,106,388,18,0,63
1119,1532,499,1068,464,51,-44
1110,2079,916,494,1585,616,-75
1097,2077,938,402,1675,695,-51
96,96,24,96,0,0,24
58,59,15,58,1,0,14
892,1078,317,888,190,4,42
1018,1272,386,1000,272,18,16
320,334,87,320,14,0,65
1138,1700,589,1044,656,94,-73
1117,1550,509,1064,486,53,-53
818,924,258,816,108,2,73
1172,1738,606,1052,686,120,-90
946,1181,357,934,247,12,35
624,685,187,622,63,2,78
1142,1675,573,1058,617,84,-73
998,1253,383,974,279,24,23
1144,1754,625,1008,746,136,-83
1154,1883,705,946,937,208,-106
1002,1278,394,980,298,22,14
917,1125,336,906,219,11,47
1094,2096,957,364,1732,730,-50
1089,2112,1024,128,1984,961,1
1113,2076,910,512,1564,601,-77
1136,1741,619,1006,735,130,-85
1145,1924,743,876,1048,269,-108
1045,1452,479,988,464,57,-23
206,209,53,206,3,0,45
544,588,158,544,44,0,84
1102,1491,482,1054,437,48,-22
1109,1630,563,1008,622,101,-58
1105,2098,957,368,1730,737,-52
973,1266,396,948,318,25,24
1088,2108,1001,212,1896,876,-19
374,397,105,374,23,0,68
1122,1599,539,1042,557,80,-55
1093,1454,465,1048,406,45,-17
1139,1943,760,846,1097,293,-107
1128,1554,507,1080,474,48,-50
982,1238,379,960,278,22,20
1160,1592,516,1120,472,40,-52
1126,1653,568,1034,619,92,-65
1156,1702,589,1048,654,108,-71
1042,1359,427,1010,349,32,2
874,1053,310,866,187,8,50
1121,1583,528,1054,529,67,-44
1114,2034,863,616,1418,498,-88
1121,1507,486,1070,437,51,-37
1153,1928,745,876,1052,277,-112
1129,1795,657,962,833,167,-88
654,724,199,652,72,2,76
1178,1817,650,1034,783,144,-110
1038,1323,405,1026,297,12,6
1138,1617,540,1074,543,64,-63
1069,1350,414,1044,306,25,0
1096,2092,957,356,1736,740,-46
1139,1653,562,1058,595,81,-61
1095,1532,508,1032,500,63,-42
188,192,49,188,4,0,39
1141,1985,788,818,1167,323,-118
1107,1565,522,1042,523,65,-56
1050,1399,448,1006,393,44,-8
1096,2096,956,368,1728,728,-51
1116,2057,880,594,1463,522,-90
1153,1682,577,1056,626,97,-73
1134,1745,622,1002,743,132,-78
1160,1713,594,1050,663,110,-81
1159,1795,639,1034,761,125,-98
1091,1441,455,1062,379,29,-27
1102,2079,927,450,1629,652,-65
1163,1968,758,904,1064,259,-129
1120,1547,507,1066,481,54,-45
1136,1635,556,1046,589,90,-54
302,311,80,302,9,0,61
1138,2013,832,698,1315,440,-95
202,213,56,202,11,0,39
1126,1974,797,760,1214,366,-101
871,1053,311,862,191,9,53
1167,1874,692,980,894,187,-113
1145,1901,727,894,1007,251,-106
1084,1511,499,1026,485,58,-30
1045,1342,416,1020,322,25,13
1145,1690,585,1040,650,105,-70
847,1000,289,844,156,3,59
654,729,202,650,79,4,87
1148,1878,701,952,926,196,-108
1110,2045,875,590,1455,520,-87
1058,1374,428,1036,338,22,-9
1136,1598,535,1056,542,80,-56
1106,2058,891,552,1506,554,-83
1084,1479,477,1050,429,34,-37
1008,1305,408,978,327,30,7
1170,1851,670,1022,829,148,-116
1130,2007,823,722,1285,408,-104
1121,1568,520,1056,512,65,-51
1046,1339,413,1026,313,20,-6
1142,1668,573,1044,624,98,-75
1088,2104,999,212,1892,876,-18
66,67,17,66,1,0,15
1136,1566,514,1076,490,60,-46
596,647,175,594,53,2,77
884,1080,322,872,208,12,32
581,630,170,580,50,1,82
360,388,104,360,28,0,57
446,479,128,446,33,0,70
859,1002,288,852,150,7,56
890,1097,329,878,219,12,41
757,856,239,756,100,1,73
1107,1467,467,1066,401,41,-18
1130,1589,528,1066,523,64,-63
118,119,30,118,1,0,27
850,1026,302,844,182,6,56
1138,1884,716,904,980,234,-101
1148,1972,769,868,1104,280,-122
1067,1454,472,1020,434,47,-22
618,699,195,618,81,0,73
789,924,266,784,140,5,60
40,40,10,40,0,0,10
1123,1710,610,980,730,143,-71
1016,1345,425,990,355,26,-9
1081,1517,506,1010,507,71,-35
1108,2060,893,548,1512,560,-82
599,661,181,598,63,1,82
1085,1533,509,1030,503,55,-44
1141,2001,805,782,1219,359,-115
890,1090,324,884,206,6,41
1106,1460,462,1072,388,34,-24
1090,2104,993,236,1868,854,-22
1090,2107,998,222,1885,868,-20
1166,1769,627,1030,739,136,-95
1157,1809,651,1014,795,143,-99
1171,1714,590,1068,646,103,-81
1146,1697,587,1046,651,100,-77
1117,1587,535,1034,553,83,-46
1121,1554,512,1060,494,61,-35
1145,1820,664,984,836,161,-95
860,1020,296,856,164,4,60
1169,1881,705,942,939,227,-102
1141,1698,588,1044,654,97,-80
1029,1319,406,1014,305,15,5
667,744,206,664,80,3,86
932,1142,340,924,218,8,37
1098,1513,495,1046,467,52,-38
1156,1945,758,858,1087,298,-113
1162,1933,737,918,1015,244,-126
817,926,260,812,114,5,81
954,1186,358,940,246,14,31
1101,1486,478,1060,426,41,-25
1140,1933,748,874,1059,266,-110
962,1170,347,952,218,10,46
1091,2109,997,230,1879,861,-23
1152,1769,636,994,775,158,-79
1176,1773,623,1054,719,122,-96
1027,1383,445,986,397,41,-12
630,686,186,628,58,2,77
1158,1832,668,992,840,166,-103
1100,1439,453,1066,373,34,-16
1177,1907,714,958,949,219,-122
1110,2075,898,558,1517,552,-91
1135,1632,553,1052,580,83,-58
1097,1458,464,1060,398,37,-35
1150,1725,601,1046,679,104,-90
1101,2071,905,522,1549,579,-79
1026,1360,433,988,372,38,-4
1142,1700,585,1060,640,82,-81
873,1026,296,868,158,5,57
1131,2014,834,692,1322,439,-97
1156,1868,694,960,908,196,-105
1128,1648,566,1032,616,96,-56
1158,1850,682,972,878,186,-108
1150,1648,559,1060,588,90,-62
1146,1947,763,842,1105,304,-107
1038,1381,439,1006,375,32,-12
1133,2011,823,730,1281,403,-103
683,763,211,682,81,1,69
1131,1847,693,922,925,209,-91
1179,1778,622,1068,710,111,-104
1158,1812,657,996,816,162,-99
590,633,169,590,43,0,84
318,333,87,318,15,0,59
1102,1538,510,1036,502,66,-43
1006,1284,394,992,292,14,12
1102,1493,486,1042,451,60,-31
1182,1756,611,1068,688,114,-95
1096,1549,516,1034,515,62,-38
989,1219,366,974,245,15,30
1119,2037,867,606,1431,513,-84
1093,2107,989,258,1849,835,-29
1110,2065,899,534,1531,576,-80
1151,1701,591,1038,663,113,-71
1139,1990,796,796,1194,343,-115
1195,1832,652,1056,776,139,-113
963,1180,353,948,232,15,40
779,901,257,774,127,5,75
1118,2057,875,614,1443,504,-93
1073,1416,448,1040,376,33,-8
1177,1911,715,962,949,215,-125
1137,1797,655,974,823,163,-95
1145,1659,564,1062,597,83,-80
1149,1935,748,878,1057,271,-111
1149,1762,629,1008,754,141,-77
138,139,35,138,1,0,30
1038,1286,386,1028,258,10,18
1162,1782,632,1036,746,126,-96
677,760,211,676,84,1,75
989,1247,381,970,277,19,23
202,203,51,202,1,0,48
790,914,260,788,126,2,71
1151,1963,766,862,1101,289,-117
1147,1663,568,1054,609,93,-78
1157,1924,738,896,1028,261,-110
1131,1564,513,1076,488,55,-41
1119,1561,515,1062,499,57,-54
234,243,63,234,9,0,46
482,517,138,482,35,0,73
1132,1670,575,1040,630,92,-65
976,1230,376,956,274,20,29
1128,1952,770,824,1128,304,-109
1088,2108,1001,212,1896,876,-19
1152,1676,572,1064,612,88,-68
1139,1811,665,962,849,177,-83
1120,1562,518,1052,510,68,-42
902,1110,335,880,230,22,38
272,278,71,272,6,0,58
952,1171,351,938,233,14,34
1135,1669,576,1034,635,101,-68
1046,1358,424,1020,338,26,0
1158,1793,643,1014,779,144,-99
1121,1995,821,706,1289,415,-96
1150,1807,658,982,825,168,-97
1079,1469,480,1018,451,61,-18
1159,1612,533,1092,520,67,-58
1163,1858,683,984,874,179,-113
1102,2062,902,516,1546,586,-73
1149,1673,575,1046,627,103,-74
1146,1835,677,962,873,184,-94
1124,2043,862,638,1405,486,-95
1111,1528,502,1048,480,63,-31
1115,1584,529,1052,532,63,-39
1152,1972,777,836,1136,316,-121
168,174,45,168,6,0,36
519,553,147,518,35,1,82
448,472,124,448,24,0,76
1104,2080,928,448,1632,656,-63
1000,1287,400,974,313,26,21
1109,1511,490,1062,449,47,-25
742,852,241,740,112,2,64
1137,1764,630,1008,756,129,-82
1122,2029,840,698,1331,424,-106
1164,1672,568,1072,600,92,-67
1090,2096,975,292,1804,798,-33
893,1072,315,884,188,9,62
140,144,37,140,4,0,30
1113,1597,540,1034,563,79,-47
1104,2085,921,486,1599,618,-76
386,411,109,386,25,0,73
1089,2106,1001,208,1898,881,-16
1185,1884,691,1004,880,181,-124
1133,2044,848,696,1348,437,-107
618,684,188,616,68,2,72
585,646,177,584,62,1,81
240,254,67,240,14,0,46
148,154,40,148,6,0,31
392,404,104,392,12,0,76
1063,1370,425,1040,330,23,-10
783,889,250,778,111,5,68
1130,1673,582,1018,655,112,-63
891,1038,297,888,150,3,48
1099,2079,926,454,1625,645,-67
1072,1409,445,1038,371,34,-5
1122,2071,891,578,1493,544,-94
1122,1523,494,1070,453,52,-40
432,460,122,432,28,0,72
1168,1761,615,1062,699,106,-100
1130,2007,821,730,1277,400,-103
1155,1895,715,930,965,225,-109
1163,1800,650,1000,800,163,-92
1134,1998,802,788,1210,346,-114
1163,1684,572,1080,604,83,-85
895,1060,308,888,172,7,56
1124,1523,491,1082,441,42,-42
928,1156,349,916,240,12,29
1092,1459,467,1050,409,42,-29
1111,2040,873,588,1452,523,-84
1049,1388,441,1012,376,37,-3
1188,1920,719,964,956,224,-125
1133,2003,812,758,1245,375,-112
1123,1563,512,1078,485,45,-49
1095,1484,480,1048,436,47,-32
1114,1560,518,1048,512,66,-47
1074,1466,478,1020,446,54,-16
1119,1976,801,748,1228,371,-98
1107,1481,473,1070,411,37,-21
1111,2072,900,544,1528,567,-85
1170,1952,748,912,1040,258,-130
1128,1546,506,1068,478,60,-47
1090,2109,999,222,1887,868,-21
1133,1611,540,1062,549,71,-52
774,915,266,766,149,8,74
1110,1641,566,1018,623,92,-55
1141,1704,595,1028,676,113,-61
1110,1461,462,1074,387,36,-20
966,1166,343,960,206,6,31
504,548,148,504,44,0,63
1114,2013,831,702,1311,412,-101
1169,1886,696,988,898,181,-121
878,1024,293,876,148,2,56
1158,1829,672,970,859,188,-98
1141,1667,574,1038,629,103,-68
1142,1730,610,1020,710,122,-77
948,1175,354,934,241,14,28
1150,1814,659,992,822,158,-90
1133,2006,813,760,1246,373,-112
1144,1525,488,1098,427,46,-37
1141,1627,548,1062,565,79,-57
1154,1710,591,1056,654,98,-83
976,1193,355,966,227,10,39
1132,1603,535,1066,537,66,-52
1164,1787,639,1018,769,146,-96
522,563,151,522,41,0,76
1123,2034,852,660,1374,463,-98
1175,1753,612,1058,695,117,-104
1150,1914,730,908,1006,242,-112
310,327,86,310,17,0,56
1131,1658,569,1040,618,91,-66
1157,1675,572,1062,613,95,-71
1131,1992,810,744,1248,387,-98
272,284,74,272,12,0,53
1026,1320,409,1004,316,22,8
1052,1361,424,1026,335,26,-5
340,358,94,340,18,0,59
1151,1585,516,1106,479,45,-66
1041,1398,449,1000,398,41,-10
595,658,181,592,66,3,80
838,1020,302,832,188,6,58
877,1054,311,864,190,13,57
32,32,8,32,0,0,8
1126,2022,835,704,1318,422,-106
871,1024,296,864,160,7,62
1115,1579,530,1038,541,77,-46
930,1159,352,910,249,20,46
1118,2015,832,702,1313,416,-97
1128,1959,781,794,1165,334,-109
1149,1686,580,1052,634,97,-81
1181,1826,658,1020,806,161,-99
835,1010,299,824,186,11,53
782,878,244,780,98,2,77
1168,1789,637,1030,759,138,-96
1120,2031,847,674,1357,446,-98
1144,1800,651,996,804,148,-92
1134,1950,766,836,1114,298,-112
733,838,237,728,110,5,78
1128,1597,538,1042,555,86,-52
1082,1447,463,1042,405,40,-26
903,1114,334,892,222,11,35
1106,2079,907,530,1549,576,-83
1149,1825,671,966,859,183,-94
1106,2090,937,432,1658,674,-64
206,213,55,206,7,0,45
752,834,229,752,82,0,69
1054,1354,419,1032,322,22,3
955,1190,361,936,254,19,30
1094,2108,990,256,1852,838,-29
1150,2015,812,782,1233,368,-116
1131,1564,511,1084,480,47,-52
862,1019,296,854,165,8,58
750,864,245,748,116,2,78
260,268,69,260,8,0,54
1157,1799,649,1002,797,155,-99
1123,1989,811,734,1255,389,-96
633,694,189,632,62,1,92
329,350,93,328,22,1,58
1098,2089,946,394,1695,704,-55
658,723,197,658,65,0,81
1123,1988,812,728,1260,395,-100
1104,1526,500,1052,474,52,-39
1164,1753,619,1030,723,134,-95
394,419,111,394,25,0,73
1151,1689,581,1054,635,97,-85
1122,1601,541,1038,563,84,-51
647,740,209,644,96,3,72
1119,1592,536,1040,552,79,-50
1031,1355,428,998,357,33,12
1159,2006,802,804,1202,355,-120
1058,1404,445,1028,376,30,-28
1131,1948,771,812,1136,319,-100
1148,1851,693,930,921,218,-90
1046,1329,411,1014,315,32,2
1143,1540,496,1096,444,47,-45
1161,1925,737,902,1023,259,-113
48,48,12,48,0,0,12
1123,2045,857,662,1383,461,-100
1160,1616,538,1080,536,80,-54
632,713,199,630,83,2,77
1075,1447,465,1034,413,41,-25
1152,1609,533,1086,523,66,-57
644,713,196,642,71,2,77
1136,2043,845,706,1337,430,-112
1098,2089,950,378,1711,720,-52
1142,1602,536,1060,542,82,-55
603,658,179,600,58,3,81
1112,1563,519,1050,513,62,-31
1074,1483,486,1022,461,52,-21
680,766,214,676,90,4,72
512,560,152,512,48,0,77
1132,1616,540,1072,544,60,-63
929,1135,339,914,221,15,35
1146,1705,593,1038,667,108,-79
1146,1905,727,902,1003,244,-107
1038,1389,445,998,391,40,-6
1093,1470,473,1048,422,45,-30
1116,2020,837,692,1328,424,-102
1045,1338,411,1032,306,13,11
400,428,114,400,28,0,69
1138,1735,617,1002,733,136,-82
1124,2009,823,726,1283,398,-104
801,948,275,796,152,5,54
1058,1399,444,1022,377,36,-10
1093,2106,984,276,1830,817,-33
1091,1460,469,1044,416,47,-17
486,521,139,486,35,0,69
1148,1934,749,872,1062,276,-113
443,465,122,442,23,1,76
1178,1709,584,1082,627,96,-81
1091,2102,990,244,1858,847,-23
140,142,36,140,2,0,31
1125,2000,826,696,1304,429,-99
1158,1684,577,1060,624,98,-65
1164,1791,638,1030,761,134,-101
1144,1619,540,1078,541,66,-62
1033,1386,446,988,398,45,-1
878,1039,301,874,165,4,48
1162,1713,591,1062,651,100,-92
1157,1947,756,870,1077,287,-116
654,748,211,652,96,2,78
834,967,277,826,141,8,64
761,884,252,760,124,1,75
1063,1384,433,1036,348,27,-12
1103,1458,460,1076,382,27,-31
170,173,44,170,3,0,40
1174,1739,602,1070,669,104,-91
1095,2100,971,316,1784,779,-40
1118,1606,540,1052,554,66,-60
1074,1457,472,1026,431,48,-32
1153,1621,541,1078,543,75,-66
980,1263,392,958,305,22,32
668,724,195,668,56,0,85
1143,1900,717,932,968,211,-107
152,154,39,152,2,0,34
1174,1676,563,1100,576,74,-77
1064,1398,440,1036,362,28,-6
1088,2110,1019,144,1966,944,-3
1115,2044,868,616,1428,499,-93
919,1123,335,906,217,13,47
927,1163,355,906,257,21,37
1095,2084,944,392,1692,703,-52
1161,1685,580,1050,635,111,-68
1146,1673,569,1070,603,76,-69
1065,1451,472,1014,437,51,-19
955,1219,373,946,273,9,29
1167,1746,612,1044,702,123,-79
1168,1796,643,1020,776,148,-102
1158,1937,749,878,1059,280,-112
833,981,284,826,155,7,67
1098,2085,941,406,1679,692,-57
166,173,45,166,7,0,34
1170,1813,653,1014,799,156,-103
1048,1362,424,1028,334,20,-12
1108,1595,538,1038,557,70,-44
1127,1637,560,1034,603,93,-53
1167,1705,584,1074,631,93,-86
915,1110,328,908,202,7,52
1126,1962,781,800,1162,326,-114
909,1126,337,904,222,5,49
226,233,60,226,7,0,50
749,852,240,744,108,5,78
1076,1437,462,1026,411,50,-10
1137,1576,521,1068,508,69,-48
36,36,9,36,0,0,9
837,973,279,830,143,7,65
917,1079,311,914,165,3,44
1053,1461,481,998,463,55,-25
1106,1487,476,1070,417,36,-29
1164,1829,668,986,843,178,-98
536,567,150,534,33,2,83
1157,1689,580,1058,631,99,-76
1126,1604,536,1064,540,62,-54
1143,1874,703,936,938,207,-109
395,413,108,394,19,1,71
480,510,135,480,30,0,78
456,480,126,456,24,0,80
1095,2096,958,360,1736,735,-49
948,1154,342,940,214,8,41
236,244,63,236,8,0,52
1162,1755,616,1046,709,116,-95
792,932,270,784,148,8,64
965,1194,359,952,242,13,18
878,1027,295,874,153,4,58
1180,1931,733,930,1001,250,-129
1123,1672,584,1008,664,115,-62
1123,2020,832,712,1308,411,-103
1156,1679,575,1058,621,98,-69
1079,1427,452,1046,381,33,-22
755,877,251,750,127,5,66
1136,1989,801,774,1215,362,-111
1121,1965,795,750,1215,371,-96
623,687,188,622,65,1,81
995,1268,389,980,288,15,13
972,1235,380,950,285,22,21
1045,1329,408,1026,303,19,1
1148,1762,629,1008,754,140,-84
1045,1379,437,1010,369,35,1
858,1033,304,850,183,8,56
1140,1583,522,1078,505,62,-54
962,1194,360,948,246,14,31
1143,1735,611,1026,709,117,-93
1144,2006,798,820,1186,324,-133
1094,2096,952,384,1712,710,-55
1154,1823,668,974,849,180,-94
1145,1863,697,938,925,207,-102
818,961,278,810,151,8,60
1132,1657,565,1054,603,78,-74
1112,2058,885,576,1482,536,-91
1035,1337,416,1010,327,25,-1
1116,1602,546,1020,582,96,-48
1156,1617,537,1086,531,70,-68
1138,1593,524,1090,503,48,-69
1091,2106,983,280,1826,811,-34
972,1208,365,956,252,16,37
442,465,122,442,23,0,79
1103,1519,498,1046,473,57,-28
1143,1904,720,928,976,215,-122
1099,2067,898,542,1525,557,-83
1124,1596,540,1032,564,92,-43
1096,2090,952,372,1718,724,-51
1118,2060,886,576,1484,542,-89
1152,1909,739,862,1047,290,-94
1137,1689,585,1038,651,99,-79
1106,2062,898,532,1530,574,-78
678,760,211,676,84,2,74
853,1018,298,844,174,9,61
698,783,217,698,85,0,77
1076,1423,452,1038,385,38,-24
74,75,19,74,1,0,16
1156,1930,739,904,1026,252,-114
1133,1877,718,882,995,251,-89
1090,1412,441,1060,352,30,-13
468,498,132,468,30,0,76
1131,1635,554,1054,581,77,-62
98,101,26,98,3,0,23
1155,1829,668,986,843,169,-103
1150,1943,759,850,1093,300,-108
1129,1563,514,1070,493,59,-42
1018,1326,414,996,330,22,-4
1073,1431,456,1038,393,35,-19
1161,1816,654,1016,800,145,-94
1032,1358,429,1000,358,32,-13
953,1131,328,950,181,3,39
1159,1705,587,1062,643,97,-72
673,757,211,670,87,3,73
974,1229,375,958,271,16,26
1150,1659,565,1058,601,92,-68
1163,1636,544,1096,540,67,-60
711,823,235,706,117,5,70
796,915,259,794,121,2,73
1056,1346,413,1040,306,16,6
162,165,42,162,3,0,32
1091,2091,964,326,1765,765,-39
1135,1920,745,860,1060,275,-108
1168,1742,610,1044,698,124,-83
1091,2106,991,248,1858,843,-26
1132,2028,834,720,1308,412,-110
1136,1569,516,1074,495,62,-42
1152,1661,567,1054,607,98,-61
1103,2065,910,490,1575,613,-70
557,604,163,556,48,1,84
1152,1814,665,968,846,184,-98
1079,1510,497,1032,478,47,-34
1119,2023,840,686,1337,433,-101
1156,1735,608,1038,697,118,-88
1053,1389,439,1022,367,31,-6
1170,1745,608,1058,687,112,-87
1135,1517,484,1098,419,37,-41
988,1230,372,972,258,16,18
1107,1553,516,1042,511,65,-38
1085,1469,474,1042,427,43,-28
875,1074,320,868,206,7,45
1084,1416,445,1052,364,32,-11
1072,1421,452,1034,387,38,-12
730,856,247,724,132,6,63
1003,1243,376,982,261,21,28
392,414,109,392,22,0,67
333,350,92,332,18,1,61
589,652,179,588,64,1,79
987,1249,383,966,283,21,12
1121,1581,526,1058,523,63,-56
1067,1386,431,1048,338,19,-4
1130,2009,815,758,1251,372,-114
1099,1476,475,1052,424,47,-25
1160,1671,568,1070,601,90,-73
1119,1537,503,1062,475,57,-39
1106,2070,896,556,1514,550,-88
444,480,129,444,36,0,67
1150,1767,624,1038,729,112,-90
1095,1480,480,1040,440,55,-18
1099,2096,940,432,1664,667,-68
1159,1716,597,1044,672,115,-80
1108,2052,883,572,1480,536,-81
1046,1369,430,1018,351,28,-12
739,844,238,736,108,3,73
1161,1658,562,1068,590,93,-64
973,1193,356,962,231,11,34
1132,1619,544,1062,557,70,-58
1157,1835,667,1002,833,155,-103
1137,1911,739,866,1045,271,-100
1134,1736,614,1016,720,118,-84
1128,1967,783,802,1165,326,-104
1099,1503,491,1042,461,57,-38
1029,1362,433,992,370,37,-2
264,274,71,264,10,0,53
368,386,101,368,18,0,71
991,1255,385,970,285,21,9
1171,1733,602,1058,675,113,-84
1067,1391,434,1046,345,21,-14
1121,1488,473,1084,404,37,-34
1192,1722,586,1100,622,92,-94
1116,2029,852,650,1379,466,-94
1090,2106,989,256,1850,834,-28
1093,1556,520,1032,524,61,-46
1113,2050,880,580,1470,533,-85
1156,1810,660,980,830,176,-100
1125,1535,501,1066,469,59,-40
1088,1481,481,1038,443,50,-29
874,1024,294,872,152,2,51
992,1256,385,972,284,20,25
78,79,20,78,1,0,18
1126,1952,779,788,1164,338,-104
1097,2102,980,284,1818,813,-33
842,980,280,840,140,2,54
391,409,107,390,19,1,72
1112,1556,513,1060,496,52,-45
1144,1861,699,926,935,218,-100
1103,2075,899,554,1521,549,-88
458,493,132,458,35,0,76
774,907,261,770,137,4,65
1136,1980,782,832,1148,304,-124
1092,1530,507,1032,498,60,-41
1124,2036,847,684,1352,440,-102
1160,1852,688,952,900,208,-106
1107,2066,892,564,1502,543,-87
1139,1744,621,1004,740,135,-78
1150,1946,759,856,1090,294,-108
1108,2080,916,496,1584,612,-75
1147,1773,641,982,791,165,-83
1145,1680,579,1044,636,101,-73
1123,1540,504,1064,476,59,-33
1144,1800,656,976,824,168,-89
1163,1764,624,1032,732,131,-92
1142,1672,572,1056,616,86,-72
1075,1429,457,1030,399,45,-17
991,1255,384,974,281,17,17
730,834,235,728,106,2,67
92,92,23,92,0,0,23
1038,1355,426,1006,349,32,-6
1078,1422,450,1044,378,34,1
1120,1544,506,1064,480,56,-49
1177,1834,661,1024,810,153,-107
723,804,222,720,84,3,73
654,729,201,654,75,0,73
154,161,42,154,7,0,34
498,555,153,498,57,0,79
1147,1913,731,902,1011,245,-103
286,305,81,286,19,0,53
1046,1333,413,1014,319,32,-6
1104,2090,929,464,1626,640,-72
1089,2109,1009,182,1927,907,-11
1085,1481,481,1038,443,47,-29
348,362,94,348,14,0,67
1108,2034,858,636,1398,472,-92
1126,2004,825,708,1296,418,-99
869,1050,311,856,194,13,51
1151,1722,604,1028,694,123,-72
1089,1444,457,1060,384,29,-36
986,1249,383,966,283,20,19
1048,1392,443,1012,380,36,-10
1132,1761,638,970,791,162,-77
1102,2092,955,364,1728,738,-49
1041,1296,392,1024,272,17,4
849,1004,292,840,164,9,57
1137,1598,534,1060,538,77,-47
1111,1547,512,1046,501,65,-42
1055,1376,433,1020,356,35,-1
1119,1697,596,1010,687,109,-69
1172,1713,588,1074,639,98,-90
1106,1573,533,1014,559,92,-47
1024,1291,394,1006,285,18,9
814,948,271,812,136,2,62
1025,1304,402,1000,304,25,9
1118,1533,502,1058,475,60,-40
1121,2029,854,642,1387,479,-91
1094,1449,462,1050,399,44,-27
947,1167,349,938,229,9,33
416,436,114,416,20,0,77
1146,1708,597,1028,680,118,-69
1155,1925,741,886,1039,269,-117
1141,1948,774,800,1148,341,-98
1042,1363,426,1022,341,20,-6
1159,1808,649,1020,788,139,-104
1112,1555,516,1046,509,66,-36
980,1233,378,954,279,26,23
1138,1785,643,998,787,140,-86
1100,2068,908,504,1564,596,-76
1179,1768,624,1040,728,139,-92
881,1060,312,872,188,9,52
1022,1328,414,1000,328,22,-4
889,1035,296,886,149,3,63
971,1204,364,952,252,19,29
1089,2090,953,368,1722,721,-49
1105,1517,496,1050,467,55,-26
1123,2037,863,622,1415,501,-89
352,368,96,352,16,0,63
1151,1956,757,884,1072,267,-122
1124,1770,645,960,810,164,-79
508,548,147,508,40,0,80
1054,1396,446,1008,388,46,-11
1118,1530,497,1072,458,46,-42
1143,1771,639,986,785,157,-85
400,418,109,400,18,0,69
1141,1891,716,918,973,223,-103
1153,1736,610,1032,704,121,-89
1147,1975,778,838,1137,309,-119
