Points,Edges,Area,Perimeter,Contact_perimeter,TETRAPIXEL,Euler_General_4_Async
51257,60162,17343,50952,9210,305,8438
66746,130547,60033,20962,109585,45784,-3768
49420,57408,16411,49172,8236,248,8423
64981,84814,26599,63232,21582,1749,6766
71627,108809,38423,63926,44883,7701,1241
32772,35470,9550,32740,2730,32,6852
70676,101432,34240,65904,35528,4772,3484
71800,113214,41176,61724,51490,10076,-238
70480,122259,48388,50966,71293,19514,-3391
71748,113919,41690,61078,52841,10670,-481
63221,80617,24849,61838,18779,1383,7453
42977,48325,13443,42878,5447,99,8095
66725,88746,28261,64448,24298,2277,6240
70267,123339,49270,49598,73741,20669,-3802
62225,78575,24023,61058,17517,1167,7673
70815,102170,34641,65776,36394,5039,3286
70923,103546,35452,65284,38262,5639,2829
69770,124751,50794,46326,78425,23444,-4187
71302,104385,35781,65646,38739,5656,2698
69103,95868,31548,65544,30324,3559,4783
67786,91990,29755,64960,27030,2826,5551
64312,82651,25628,62790,19861,1522,7289
44112,50050,14037,43952,6098,160,8099
70812,103203,35272,65318,37885,5494,2881
71596,115971,43131,59418,56553,12178,-1244
62371,78895,24156,61166,17729,1205,7632
68688,127205,53788,39258,87947,29430,-4729
30995,33415,8964,30974,2441,21,6544
66354,131172,62176,13640,117532,52714,-2642
71433,117523,44289,57890,59633,13543,-1801
49517,57526,16448,49260,8266,257,8439
71801,113807,41571,61330,52477,10471,-435
69687,98104,32630,65688,32416,3999,4213
25726,27359,7251,25714,1645,12,5618
65750,86762,27448,63732,23030,2018,6436
65123,85245,26791,63326,21919,1797,6669
20716,21734,5689,20712,1022,4,4671
68649,94487,30890,65414,29073,3235,5052
49414,57374,16394,49172,8202,242,8434
44705,50729,14224,44562,6167,143,8200
71171,105746,36714,64636,41110,6535,2139
41032,45754,12638,40956,4798,76,7916
71816,108469,38130,64418,44051,7398,1477
71892,112829,40931,61934,50895,9958,-6
71177,104839,36131,65154,39685,6023,2469
71837,114035,41719,61194,52841,10643,-479
17551,18233,4729,17550,683,1,4047
70747,103421,35421,65158,38263,5589,2747
71665,111263,39979,62610,48653,9055,381
71308,116923,43904,58230,58693,13078,-1711
70464,100683,33883,65834,34849,4630,3664
71354,118252,44899,56908,61344,14446,-1999
66416,131146,61898,14700,116446,51716,-2832
71574,106840,37199,64884,41956,6690,1933
68329,127890,54926,36076,91814,32253,-4635
51346,60069,17279,51022,9047,324,8556
66188,131393,63264,9730,121663,56458,-1941
70071,98660,32830,66000,32660,4071,4241
71678,114791,42324,60286,54505,11392,-789
61675,77766,23745,60552,17214,1123,7654
68364,127890,54781,36656,91234,31708,-4745
68291,128046,55027,35984,92062,32307,-4728
67376,129826,58053,27440,102386,39936,-4397
63784,81469,25132,62410,19059,1374,7447
68989,95507,31353,65602,29905,3387,4835
66778,88686,28173,64680,24006,2098,6265
68783,94541,30898,65490,29051,3293,5140
65469,85449,26805,63678,21771,1791,6825
70210,99711,33412,65774,33937,4436,3911
71716,110317,39332,63306,47011,8410,731
67256,90239,28921,64794,25445,2462,5938
70386,123178,49112,49908,73270,20478,-3680
71783,111702,40180,62684,49018,9099,261
62808,80300,24789,61444,18856,1364,7297
44405,50307,14091,44250,6057,155,8189
23223,24486,6439,23216,1270,7,5176
71602,110838,39701,62872,47966,8730,465
67537,90848,29214,64840,26008,2697,5903
62832,79651,24432,61574,18077,1258,7613
57517,69871,20711,56898,12973,619,8357
70502,122890,48810,50540,72350,19962,-3578
69338,96482,31811,65720,30762,3618,4667
70410,122812,48821,50340,72472,20070,-3581
28348,30252,8042,28336,1916,12,6138
42483,47529,13167,42390,5139,93,8121
66053,131570,65127,2632,128938,63421,-390
63721,81885,25388,62218,19667,1503,7224
23281,24583,6473,23274,1309,7,5171
69825,98268,32703,65724,32544,4101,4260
68091,128444,55654,34272,94172,33819,-4699
64624,83594,26071,62904,20690,1720,7101
58177,70919,21076,57534,13385,643,8334
69381,96845,32019,65614,31231,3767,4555
71464,118829,45200,56858,61971,14606,-2165
70888,103228,35240,65496,37732,5392,2900
66088,131522,64359,5608,125914,60480,-1075
70048,124030,50010,48020,76010,22028,-3972
71822,114973,42403,60334,54639,11488,-748
15084,15606,4032,15084,522,0,3510
67031,90119,28916,64574,25545,2457,5828
50470,58736,16820,50192,8544,278,8554
71535,108998,38563,63744,45254,7791,1100
68867,94532,30829,65748,28784,3119,5164
68134,128150,55352,34892,93258,33242,-4664
70396,101707,34528,65302,36405,5094,3217
69826,124849,50930,45978,78871,23848,-4093
67102,130263,59132,23998,106265,43104,-4029
27931,29816,7927,27924,1892,7,6042
20088,20974,5466,20084,890,4,4580
68331,128021,54983,36110,91911,32221,-4707
69259,126065,52308,42898,83167,26361,-4498
69285,96263,31692,65758,30505,3527,4714
55708,66929,19668,55186,11743,522,8447
68707,94296,30764,65536,28760,3171,5175
69875,99271,33260,65502,33769,4373,3864
69724,97916,32512,65784,32132,3940,4320
71175,118804,45337,56260,62544,14915,-2292
66474,130990,61449,16184,114806,50290,-3067
33775,36777,9953,33742,3035,33,6951
67913,92139,29775,65178,26961,2735,5549
69542,96771,31915,65882,30889,3660,4686
48549,56109,15968,48346,7763,203,8408
70474,123010,48945,50240,72770,20234,-3591
70684,121259,47458,52686,68573,17998,-3117
71536,107843,37807,64458,43385,7078,1500
26298,27882,7368,26292,1590,6,5784
71458,106092,36793,65012,41080,6446,2159
50546,58837,16846,50290,8547,256,8555
68670,127529,54263,38006,89523,30664,-4596
67687,91676,29602,64944,26732,2743,5613
71597,115684,42921,59684,56000,11913,-1166
69786,98050,32582,65772,32278,4014,4318
60268,74899,22608,59366,15533,902,7977
71339,105258,36284,65380,39878,5959,2365
68331,93339,30332,65350,27989,2981,5324
71426,118318,44925,56936,61382,14490,-1967
57153,69341,20543,56510,12831,643,8355
57184,69102,20407,56576,12526,608,8489
69759,124547,50628,46582,77965,23177,-4160
71387,108041,38053,63870,44171,7517,1399
53195,62938,18263,52824,10114,371,8520
67294,90885,29266,64706,26179,2588,5675
65311,85109,26682,63490,21619,1821,6884
70771,121240,47351,53076,68164,17695,-3118
68817,94551,30835,65762,28789,3055,5101
58330,71478,21333,57624,13854,706,8185
57238,69614,20661,56584,13030,654,8285
57170,69491,20604,56566,12925,604,8283
52273,61631,17837,51914,9717,359,8479
59996,74183,22300,59166,15017,830,8113
64511,83594,26080,62868,20726,1643,6997
70881,103613,35513,65174,38439,5707,2781
71596,109131,38594,63886,45245,7710,1059
68969,95013,31080,65706,29307,3263,5036
70490,101911,34590,65462,36449,5028,3169
62745,79520,24388,61488,18032,1257,7613
64839,84187,26304,63158,21029,1681,6956
71150,119034,45525,55968,63066,15182,-2359
64184,82707,25695,62634,20073,1550,7172
70633,101653,34424,65610,36043,5023,3404
70497,101093,34139,65630,35463,4867,3543
884,886,222,884,2,0,220
58996,72490,21684,58244,14246,752,8190
71491,116543,43588,58734,57809,12757,-1464
69300,96577,31877,65646,30931,3654,4600
70352,100523,33823,65754,34769,4598,3652
70151,99412,33243,65852,33560,4299,3982
69144,95902,31537,65656,30246,3488,4779
69092,95987,31605,65554,30433,3538,4710
66254,131315,62887,11082,120233,55172,-2174
68012,92883,30176,65062,27821,2950,5305
67591,90804,29158,64976,25828,2615,5945
9516,9702,2472,9516,186,0,2286
70788,102930,35106,65436,37494,5352,2964
68307,128103,55144,35630,92473,32677,-4652
40853,45422,12515,40784,4638,69,7946
64019,82704,25730,62488,20216,1531,7045
71806,109689,38877,63870,45819,7936,994
47345,54308,15363,47164,7144,181,8400
44603,50680,14227,44452,6228,151,8150
57128,69368,20554,56520,12848,608,8314
71753,113542,41430,61364,52178,10389,-359
71584,115066,42517,60064,55002,11520,-965
68658,94320,30774,65544,28776,3114,5112
68893,95379,31335,65418,29961,3475,4849
68894,94668,30891,65772,28896,3122,5117
65628,86224,27191,63684,22540,1944,6595
71389,106308,36979,64700,41608,6689,2060
48675,56266,16018,48460,7806,215,8427
66474,131071,61615,15682,115389,50792,-2982
69138,126292,52552,42376,83916,26762,-4602
71114,104331,35852,65254,39077,5860,2635
70261,123520,49490,49080,74440,21181,-3769
33310,36223,9792,33278,2945,32,6879
63355,81054,25032,61980,19074,1375,7333
68040,92170,29766,65276,26894,2764,5636
66107,131507,64273,5922,125585,60185,-1127
71157,105385,36454,64954,40431,6203,2226
71648,114837,42401,60070,54767,11578,-788
71263,107446,37725,63992,43454,7271,1542
62215,78629,24053,61046,17583,1169,7639
60486,75547,22905,59474,16073,1012,7844
66451,131097,61775,15094,116003,51357,-2871
71310,106915,37372,64342,42573,6968,1767
69320,96796,31970,65712,31084,3608,4494
69122,126182,52502,42356,83826,26766,-4558
19247,20065,5221,19246,819,1,4403
67030,130260,59203,23708,106552,43322,-4027
63226,80779,24923,61866,18913,1360,7370
69936,98416,32720,65952,32464,3984,4240
28822,30907,8251,28810,2097,12,6166
38289,42291,11588,38230,4061,59,7586
15903,16469,4259,15902,567,1,3693
71451,110167,39382,62806,47361,8645,666
69516,97097,32104,65778,31319,3738,4523
66859,130438,59697,22088,108350,44771,-3882
70700,101801,34483,65670,36131,5030,3382
70530,101284,34211,65724,35560,4806,3457
69934,124652,50520,47224,77428,22710,-4198
71068,104081,35717,65294,38787,5774,2704
68307,128037,55045,35894,92143,32413,-4685
13536,13948,3590,13536,412,0,3178
67176,90030,28840,64700,25330,2476,5986
66696,130729,60429,19742,110987,46954,-3604
71388,108432,38275,63764,44668,7624,1231
71332,106231,36901,64858,41373,6474,2002
24552,25906,6816,24548,1358,4,5462
10350,10575,2700,10350,225,0,2475
61744,77708,23697,60628,17080,1116,7733
67959,91880,29626,65256,26624,2703,5705
70342,100135,33608,65838,34297,4504,3815
72095,109962,38984,63988,45974,8107,1117
66347,131125,61967,14382,116743,51965,-2811
47571,54671,15497,47354,7317,217,8397
71780,111566,40152,62524,49042,9256,366
68918,94642,30902,65676,28966,3242,5178
65826,86917,27511,63790,23127,2036,6420
70477,101377,34313,65502,35875,4975,3413
71173,103709,35453,65606,38103,5567,2917
68259,93330,30356,65236,28094,3023,5285
71237,106547,37140,64534,42013,6703,1830
53449,63357,18415,53054,10303,395,8507
59951,74167,22324,59038,15129,913,8108
70293,100478,33809,65720,34758,4573,3624
70929,120080,46403,54548,65532,16381,-2748
71211,103662,35400,65724,37938,5487,2949
63099,80458,24797,61728,18730,1371,7438
71089,120936,46970,53992,66944,17097,-2877
61189,76535,23224,60174,16361,1015,7878
39719,44119,12150,39638,4481,81,7750
71065,104055,35679,65394,38661,5671,2689
70597,121360,47567,52452,68908,18145,-3196
71475,117105,43962,58362,58743,13113,-1668
64855,84444,26461,63044,21400,1811,6872
52106,61254,17693,51736,9518,370,8545
68487,94017,30705,65214,28803,3273,5175
68896,126816,53310,40392,86424,28504,-4610
43470,48961,13640,43362,5599,108,8149
58902,72432,21692,58096,14336,806,8162
54899,65788,19293,54404,11384,495,8404
70189,123415,49375,49330,74085,20859,-3851
68643,93950,30610,65460,28490,3183,5303
27519,29281,7763,27510,1771,9,6001
69930,99678,33480,65436,34242,4494,3732
60555,75209,22695,59638,15571,917,8041
67132,90021,28848,64650,25371,2482,5959
71722,112613,40786,62082,50531,9640,-105
71826,111615,40173,62538,49077,9288,384
50176,58597,16826,49890,8707,286,8405
70918,102626,34887,65704,36922,5214,3179
39952,44545,12305,39870,4675,82,7712
68526,93545,30389,65534,28011,2992,5370
65589,85696,26902,63784,21912,1805,6795
59025,72588,21730,58256,14332,769,8167
68031,128589,55889,33622,94967,34409,-4669
65077,84995,26670,63310,21685,1767,6752
66463,131100,61696,15416,115684,51047,-2941
70489,100823,33926,65942,34881,4547,3592
66206,131381,63176,10058,121323,56148,-1999
44229,50026,13987,44104,5922,125,8190
66308,131268,62520,12456,118812,53852,-2440
11880,12154,3107,11880,274,0,2833
71406,116272,43428,58832,57440,12574,-1438
66128,87586,27785,64032,23554,2096,6327
71004,120267,46517,54466,65801,16538,-2746
38813,43083,11856,38742,4341,71,7586
55850,66927,19630,55334,11593,516,8553
58956,72422,21664,58188,14234,768,8198
71749,109455,38803,63698,45757,8051,1097
71801,114928,42303,60644,54284,11157,-824
71469,106793,37208,64754,42039,6715,1884
71466,116854,43824,58412,58442,13054,-1564
66076,131540,64603,4668,126872,61408,-861
70814,102915,35106,65406,37509,5408,3005
64818,84234,26350,63068,21166,1750,6934
66064,131563,64884,3590,127973,62474,-615
69845,98710,32954,65604,33106,4241,4089
64762,83959,26203,63106,20853,1656,7006
62641,79399,24344,61422,17977,1219,7586
69578,97831,32502,65654,32177,3924,4249
66473,131027,61431,16330,114697,50143,-3123
37788,41702,11418,37732,3970,56,7504
70997,103760,35550,65320,38440,5677,2787
70595,101962,34596,65540,36422,5055,3229
71086,104040,35677,65372,38668,5714,2723
65912,86087,27019,64098,21989,1814,6844
66174,131416,63498,8840,122576,57334,-1744
70981,103307,35251,65610,37697,5371,2925
68519,94497,30912,65346,29151,3173,4934
70813,102644,34952,65480,37164,5333,3121
70428,121979,48126,51454,70525,18974,-3425
71595,107483,37575,64666,42817,6929,1687
71088,103490,35330,65660,37830,5428,2928
69320,96880,32052,65552,31328,3768,4492
51985,61117,17643,51662,9455,323,8511
66585,88367,28090,64374,23993,2211,6308
69816,97696,32365,65932,31764,3884,4485
61539,77575,23694,60374,17201,1165,7658
71693,113346,41338,61340,52006,10353,-315
6842,6929,1754,6842,87,0,1667
50497,58605,16748,50218,8387,279,8640
6714,6813,1728,6714,99,0,1629
70234,99404,33198,66016,33388,4218,4028
71488,108119,38029,64122,43997,7366,1398
44040,49794,13919,43912,5882,128,8165
69380,96454,31791,65744,30710,3636,4717
71017,120885,46919,54094,66791,16923,-2949
69908,124403,50404,47190,77213,22718,-4091
68871,94757,30983,65582,29175,3289,5097
69501,125438,51562,44628,80810,24873,-4375
68586,127570,54377,37632,89938,30954,-4607
71013,103402,35307,65576,37826,5437,2918
66951,130430,59531,22736,107694,44215,-3948
71301,119030,45398,56468,62562,14833,-2331
65324,85203,26726,63502,21701,1822,6847
7896,8030,2041,7896,134,0,1907
42993,48444,13505,42868,5576,125,8054
67458,129598,57801,27992,101606,39466,-4339
70644,101290,34176,65876,35414,4768,3530
55424,66580,19562,54912,11668,512,8406
67896,91767,29596,65150,26617,2746,5725
52469,61874,17915,52088,9786,381,8510
71080,120357,46508,54682,65675,16398,-2769
64751,84059,26262,63070,20989,1681,6954
51659,60655,17493,51338,9317,321,8497
58317,71429,21307,57630,13799,687,8195
71287,105727,36623,64962,40765,6325,2183
51754,60933,17610,51426,9507,328,8431
63898,81983,25397,62378,19605,1520,7312
70315,101443,34388,65334,36109,4981,3260
67036,89710,28673,64728,24982,2308,5999
70502,101342,34287,65536,35806,4966,3447
70584,101823,34492,65678,36145,4906,3253
38040,42058,11538,37964,4094,76,7520
68607,127534,54236,38124,89410,30483,-4691
67830,91836,29635,65132,26704,2698,5629
70184,123412,49416,49160,74252,21024,-3812
67076,89756,28673,64820,24936,2256,5993
56172,67619,19919,55562,12057,610,8472
68257,92664,29966,65464,27200,2793,5559
64098,82620,25673,62548,20072,1550,7151
71784,114167,41822,61046,53121,10738,-561
71758,114294,41932,60860,53434,10898,-604
69318,125886,52144,43196,82690,26122,-4424
57200,69105,20393,56638,12467,562,8488
70865,104017,35706,65210,38807,5655,2554
62411,78939,24172,61190,17749,1221,7644
71556,111702,40313,62152,49550,9404,167
69620,98045,32621,65606,32439,4014,4196
45456,51728,14539,45300,6428,156,8267
47498,54520,15442,47272,7248,226,8420
71882,109899,38995,63818,46081,8064,978
70897,104616,36122,64744,39872,6153,2403
71304,105217,36313,65182,40035,6122,2400
71641,115238,42666,59812,55426,11829,-931
46193,52782,14889,46008,6774,185,8300
71748,109544,38823,63796,45748,7952,1027
66338,131205,62345,13030,118175,53308,-2522
47098,53848,15194,46920,6928,178,8444
63512,81493,25235,62046,19447,1466,7254
66798,130577,60032,21026,109551,45772,-3747
57703,70734,21128,56956,13778,747,8097
62094,78484,24024,60872,17612,1222,7634
63951,82129,25437,62510,19619,1441,7259
70216,100008,33606,65592,34416,4624,3814
71296,103674,35373,65856,37818,5440,2995
66861,130473,59785,21806,108667,45055,-3827
69866,98838,32996,65692,33146,4174,4024
61840,77933,23791,60702,17231,1138,7698
65909,86754,27401,63904,22850,2005,6556
70905,103122,35197,65456,37666,5449,2980
66486,131072,61554,15928,115144,50558,-3032
21264,22304,5837,21260,1044,4,4797
2252,2256,565,2252,4,0,561
67158,130068,58705,25316,104752,41842,-4205
68825,127021,53550,39842,87179,28983,-4646
66194,131361,63087,10374,120987,55820,-2080
71547,108449,38276,63794,44655,7753,1374
70668,101917,34524,65738,36179,4930,3275
70738,121682,47727,52456,69226,18282,-3217
71127,105197,36348,65002,40195,6125,2278
71852,110528,39413,63404,47124,8448,737
10847,11125,2851,10846,279,1,2573
71192,105230,36351,65056,40174,6136,2313
21616,22668,5930,21616,1052,0,4878
71643,114623,42202,60438,54185,11205,-778
69986,98702,32881,65880,32822,4106,4165
66723,130678,60299,20160,110518,46563,-3656
71633,115770,42964,59684,56086,11949,-1173
68551,127630,54406,37636,89994,30915,-4673
70710,122516,48399,51436,71080,19274,-3407
69253,95336,31137,66124,29212,3129,5054
39892,44260,12176,39816,4444,76,7808
71174,119463,45817,55658,63805,15516,-2472
48856,56554,16128,48596,7958,260,8430
63436,81014,24993,62056,18958,1380,7415
55349,66446,19507,54864,11582,485,8410
61944,77734,23650,60868,16866,1076,7860
10010,10213,2604,10010,203,0,2401
47071,53898,15225,46896,7002,175,8398
68888,127111,53644,39646,87465,29242,-4579
66836,130510,59945,21240,109270,45596,-3729
66613,130892,61004,17768,113124,48845,-3275
66677,130779,60512,19510,111269,47167,-3590
44155,50113,14055,44006,6107,149,8097
71129,120092,46312,54936,65156,16193,-2651
70339,122846,48832,50364,72482,19975,-3675
49973,58221,16684,49706,8515,267,8436
69164,126136,52428,42560,83576,26604,-4544
67645,128955,56728,30998,97957,36647,-4582
71672,108339,38100,64278,44061,7394,1433
54943,65609,19186,54474,11135,469,8520
31295,33769,9065,31278,2491,17,6591
71172,118408,45057,56588,61820,14584,-2179
52592,61825,17855,52230,9595,362,8622
41589,46647,12952,41486,5161,103,7894
65892,86786,27426,63868,22918,2024,6532
59607,73492,22047,58796,14696,811,8162
53066,62729,18196,52674,10055,392,8533
71497,108817,38477,63726,45091,7771,1157
68532,127884,54787,36620,91264,31912,-4565
66831,89037,28394,64498,24539,2333,6188
70712,121856,47917,52044,69812,18668,-3227
70009,98648,32860,65856,32792,4153,4221
71525,106584,37083,64836,41748,6689,2024
51893,60837,17530,51554,9283,339,8586
5826,5889,1488,5826,63,0,1425
37503,41354,11318,37436,3918,67,7467
9512,9714,2479,9512,202,0,2277
64694,83784,26111,63124,20660,1570,7021
60360,75147,22724,59398,15749,962,7937
71192,106290,36993,64608,41682,6584,1895
62863,80074,24652,61540,18534,1323,7441
53397,63511,18506,52998,10513,399,8392
59879,74359,22441,58954,15405,925,7961
70383,100162,33615,65864,34298,4519,3836
52125,61444,17778,51776,9668,349,8459
49458,57215,16303,49218,7997,240,8546
18746,19531,5079,18746,785,0,4294
48417,56009,15961,48174,7835,243,8369
35265,38640,10514,35224,3416,41,7139
71895,109498,38738,64044,45454,7851,1135
70370,100573,33836,65802,34771,4568,3633
67054,89607,28642,64646,24961,2408,6089
71795,112936,41028,61760,51176,10035,-113
61992,78523,24044,60870,17653,1122,7513
71724,110179,39243,63386,46793,8338,788
71464,117081,43971,58278,58803,13186,-1646
67102,130009,58665,25358,104651,41744,-4242
70897,121069,47161,53494,67575,17403,-3011
60459,75124,22677,59540,15584,919,8012
1122,1125,282,1122,3,0,279
71443,117585,44379,57654,59931,13789,-1763
67918,91534,29444,65292,26242,2626,5828
68484,93410,30333,65488,27922,2996,5407
61093,76542,23257,60056,16486,1037,7808
63299,81261,25171,61838,19423,1461,7209
63309,80278,24623,62064,18214,1245,7654
69358,96938,32075,65576,31362,3782,4495
66813,130584,60099,20772,109812,46041,-3672
69109,126423,52767,41778,84645,27331,-4547
71378,105996,36785,64852,41144,6526,2167
67809,91756,29589,65156,26600,2653,5642
53027,62616,18154,52616,10000,411,8565
43728,49213,13705,43606,5607,122,8220
50604,58962,16901,50320,8642,284,8543
70839,101908,34477,65908,36000,4931,3408
59419,73356,22049,58516,14840,903,8112
20196,21143,5523,20194,949,2,4576
46627,53214,14994,46452,6762,175,8407
55517,66687,19591,55010,11677,507,8421
70297,99745,33402,65882,33863,4415,3954
68155,128331,55408,35030,93301,33125,-4768
68114,128357,55523,34622,93735,33492,-4720
54980,65794,19265,54528,11266,452,8451
66909,89485,28619,64494,24991,2415,6043
71624,109999,39141,63434,46565,8190,766
70214,99807,33449,65818,33989,4396,3856
53210,62934,18259,52832,10102,378,8535
71646,110800,39657,62972,47828,8674,503
68749,95108,31217,65348,29760,3401,4858
71251,119095,45511,56146,62949,15105,-2333
68951,126723,53164,40790,85933,28161,-4608
66172,131421,63434,9106,122315,57066,-1815
69718,98292,32715,65724,32568,3994,4141
15214,15707,4050,15214,493,0,3557
60201,74574,22457,59320,15254,881,8084
57391,69787,20703,56762,13025,629,8307
71603,109355,38756,63686,45669,7917,1004
33806,36742,9927,33776,2966,30,6991
69169,95386,31234,65836,29550,3333,5017
69185,95921,31523,65750,30171,3435,4787
65623,86649,27423,63606,23043,2017,6397
71223,104741,36055,65262,39479,5961,2537
71677,114501,42038,60850,53651,10827,-786
52795,62416,18110,52392,10024,403,8489
14427,14873,3830,14426,447,1,3384
7094,7201,1827,7094,107,0,1720
60787,75864,23001,59724,16140,1063,7924
67600,129263,57243,29554,99709,38046,-4420
59842,73989,22249,58982,15007,860,8102
35005,38156,10336,34968,3188,37,7185
69843,97573,32259,66110,31463,3733,4529
56679,68626,20291,56088,12538,591,8344
39627,44113,12172,39538,4575,89,7686
71019,119474,45932,55220,64254,15799,-2523
67613,90845,29149,65094,25751,2519,5917
68428,93589,30445,65398,28191,3030,5284
62592,79272,24294,61368,17904,1224,7614
31398,33929,9121,31374,2555,24,6590
66735,88549,28136,64554,23995,2181,6322
59303,73366,22061,58488,14878,815,7998
60630,75891,23059,59546,16345,1084,7798
70871,121256,47371,53028,68228,17843,-3014
68952,95566,31407,65504,30062,3448,4793
62630,79590,24457,61352,18238,1278,7497
68619,93149,30140,65738,27411,2881,5610
66832,88783,28215,64706,24077,2126,6264
68118,128431,55559,34626,93805,33492,-4754
71456,107092,37389,64628,42464,6828,1753
16674,17260,4462,16672,588,2,3876
63697,81855,25359,62274,19581,1423,7201
37895,41822,11449,37848,3974,47,7522
61508,77039,23401,60474,16565,1034,7870
66069,131566,64850,3732,127834,62337,-647
65701,85852,26952,63896,21956,1805,6801
71741,114457,42034,60778,53679,10963,-682
68673,93957,30596,65530,28427,3143,5312
71637,115488,42820,59696,55792,11941,-1031
70632,101954,34579,65592,36362,5040,3257
70358,100562,33867,65656,34906,4702,3663
42399,47625,13242,42282,5343,117,8016
63779,81807,25320,62334,19473,1445,7292
70264,99149,33042,66130,33019,4134,4157
71206,120046,46170,55412,64634,15794,-2670
71706,111202,39925,62704,48498,9002,429
66127,131468,63858,7504,123964,58623,-1483
69368,96144,31609,65852,30292,3516,4833
70804,102120,34628,65728,36392,5076,3312
69675,97973,32554,65730,32243,3945,4256
70251,100328,33744,65680,34648,4571,3667
58306,71689,21465,57518,14171,788,8082
71494,106707,37140,64854,41853,6640,1927
71693,108933,38464,64010,44923,7683,1224
71525,113523,41541,60882,52641,10643,-457
70320,99930,33492,65892,34038,4428,3882
23403,24665,6484,23394,1271,9,5222
71303,118978,45364,56500,62478,14803,-2311
69076,95939,31548,65686,30253,3390,4685
71603,113369,41395,61158,52211,10445,-371
63491,81024,24970,62168,18856,1323,7437
66695,88408,28076,64512,23896,2183,6363
70098,123508,49546,48832,74676,21266,-3864
70470,122601,48627,50694,71907,19776,-3504
70240,100122,33631,65720,34402,4520,3749
70036,99545,33356,65666,33879,4370,3847
15249,15753,4065,15246,507,3,3561
70393,101028,34108,65624,35404,4769,3473
66525,88964,28432,64200,24764,2325,5993
64521,83201,25850,63002,20199,1519,7170
71752,110270,39305,63320,46950,8432,787
14304,14730,3789,14304,426,0,3363
56485,68216,20128,55920,12296,565,8397
71988,111445,39919,63214,48231,8774,462
69143,126252,52526,42400,83852,26743,-4583
61656,77515,23619,60554,16961,1102,7760
68180,92848,30117,65228,27620,2952,5449
68637,94510,30898,65428,29082,3209,5025
63312,80759,24903,61906,18853,1406,7456
71833,112504,40719,62132,50372,9701,48
71238,118304,44975,56708,61596,14530,-2091
71533,107506,37641,64448,43058,7085,1668
69808,98772,32975,65644,33128,4164,4011
64046,82439,25597,62490,19949,1556,7204
69906,99387,33327,65466,33921,4440,3846
50368,58630,16794,50084,8546,284,8532
71308,118933,45393,56294,62639,15014,-2232
71421,107058,37419,64440,42618,6981,1782
68967,126964,53396,40344,86620,28623,-4601
70921,120750,46926,53796,66954,17125,-2903
67388,129754,57936,27764,101990,39624,-4430
67804,91473,29459,65110,26363,2694,5790
70863,120650,46911,53656,66994,17207,-2876
71929,111285,39876,63066,48219,8863,520
71503,107652,37752,64296,43356,7207,1603
57636,70097,20805,56974,13123,662,8344
58074,70964,21135,57388,13576,686,8245
31023,33468,8983,31004,2464,19,6538
38204,42109,11519,38142,3967,62,7614
71386,106787,37229,64658,42129,6728,1828
69768,124758,50863,46064,78694,23704,-4127
37657,41433,11316,37602,3831,55,7540
68394,93187,30251,65370,27817,3024,5458
71732,110457,39393,63342,47115,8390,668
36849,40334,10967,36800,3534,49,7482
71690,110360,39401,63116,47244,8574,731
63479,81427,25209,62018,19409,1461,7261
42847,48194,13416,42724,5470,123,8069
65029,84712,26551,63220,21492,1809,6868
71613,106994,37305,64768,42226,6845,1924
70613,101077,34058,65922,35155,4691,3594
31371,33812,9069,31348,2464,23,6628
70664,121748,47881,51972,69776,18692,-3203
70088,124272,50155,47924,76348,22164,-4029
64826,84147,26288,63142,21005,1684,6967
72041,113241,41098,62090,51151,9951,-102
68315,93539,30444,65302,28237,3013,5220
66310,131234,62377,12960,118274,53350,-2547
23493,24708,6482,23488,1220,5,5267
71644,109092,38602,63776,45316,7868,1154
66050,131575,65184,2414,129161,63636,-341
66100,131512,64156,6400,125112,59700,-1256
70418,100768,33932,65808,34960,4610,3582
71949,111351,39890,63142,48209,8807,488
47863,55059,15610,47678,7381,185,8414
63444,81102,25041,62040,19062,1404,7383
71458,107322,37523,64552,42770,6906,1659
70624,121619,47736,52294,69325,18330,-3259
66102,131496,64114,6536,124960,59566,-1280
36082,39549,10767,36030,3519,52,7300
54552,65166,19064,54076,11090,476,8450
70615,102284,34782,65440,36844,5175,3113
49003,56811,16217,48754,8057,249,8409
39783,44200,12173,39708,4492,75,7756
69180,125899,52222,42910,82989,26270,-4497
68337,127896,54888,36240,91656,32097,-4671
66428,131073,61756,15122,115951,51306,-2889
58697,71943,21474,57990,13953,707,8228
13180,13532,3471,13180,352,0,3119
69004,95925,31603,65438,30487,3566,4682
55820,67146,19748,55300,11846,520,8422
49787,57676,16459,49516,8160,271,8570
71823,114147,41795,61114,53033,10709,-529
41137,45993,12732,41058,4935,79,7876
67413,129628,57819,27980,101648,39433,-4396
71135,119454,45841,55544,63910,15591,-2478
70672,121703,47768,52334,69369,18338,-3263
67644,129368,57197,29948,99420,37696,-4527
924,926,232,924,2,0,230
28923,30967,8257,28906,2061,17,6213
69749,97865,32461,65886,31979,3863,4345
71777,108086,37915,64512,43574,7265,1606
68940,95471,31362,65494,29977,3446,4831
71350,118332,44910,57024,61308,14326,-2072
35555,38882,10564,35508,3374,47,7237
69672,124516,50597,46644,77872,23028,-4247
32070,34691,9334,32046,2645,24,6713
59105,72483,21657,58338,14145,767,8279
46920,53679,15163,46706,6973,214,8404
70553,102101,34689,65446,36655,5107,3141
71222,117188,44176,57672,59516,13550,-1790
68116,128532,55684,34328,94204,33788,-4732
13794,14206,3655,13792,414,2,3243
68480,127877,54736,36810,91067,31670,-4661
68835,94815,31014,65574,29241,3261,5034
66521,130970,61283,16808,114162,49713,-3166
66306,131179,62273,13266,117913,53040,-2600
9845,10062,2570,9844,218,1,2353
71721,114546,42169,60416,54130,11305,-656
66420,87809,27825,64318,23491,2102,6436
42560,47910,13337,42472,5438,88,7987
6352,6432,1628,6352,80,0,1548
69539,125112,51239,45268,79844,24271,-4334
66707,130693,60429,19670,111023,47037,-3557
71823,113972,41654,61328,52644,10495,-495
66728,89066,28427,64424,24642,2304,6089
52863,62461,18106,52498,9963,365,8508
50425,58600,16768,50128,8472,297,8593
2432,2442,613,2432,10,0,603
13582,13979,3594,13582,397,0,3197
71404,106119,36829,64922,41197,6482,2114
44180,50029,14007,44030,5999,150,8158
50848,59488,17105,50556,8932,292,8465
70526,101158,34142,65748,35410,4778,3510
66112,131482,64048,6772,124710,59340,-1322
71791,112823,40926,61942,50881,9849,-106
71393,105729,36613,65006,40723,6387,2277
70650,121124,47335,52908,68216,17742,-3139
64455,83251,25902,62894,20357,1561,7106
68170,93091,30269,65106,27985,3064,5348
48101,55373,15709,47910,7463,191,8437
68163,128655,55886,33766,94889,34397,-4606
46171,52871,14936,45998,6873,173,8236
71686,107242,37459,64648,42594,7038,1903
71381,118600,45052,56992,61608,14389,-2167
71665,114174,41879,60832,53342,10833,-630
71018,103345,35292,65522,37823,5496,2965
67988,128703,56122,32918,95785,35070,-4593
55315,66130,19352,54852,11278,463,8537
52635,61988,17927,52268,9720,367,8574
54898,65732,19269,54388,11344,510,8435
71664,108244,38056,64264,43980,7400,1476
48291,55764,15861,48084,7680,207,8388
71636,111453,40131,62382,49071,9254,314
15722,16274,4207,15720,554,2,3655
70931,120452,46721,54020,66432,16911,-2800
71923,112920,40967,61972,50948,9951,-30
67913,128889,56340,32418,96471,35495,-4636
882,883,221,882,1,0,220
70655,101729,34447,65670,36059,4985,3373
71671,113015,41093,61658,51357,10013,-251
69314,125773,51998,43554,82219,25760,-4461
70663,101770,34437,65792,35978,4871,3330
71131,119449,45828,55586,63863,15545,-2490
69988,98732,32912,65816,32916,4172,4168
60816,76222,23163,59792,16430,1024,7757
71742,115514,42742,60060,55454,11682,-1030
65569,85635,26887,63722,21913,1847,6821
11381,11638,2974,11380,258,1,2717
35979,39611,10824,35926,3685,53,7192
59767,74068,22304,58920,15148,847,8003
53603,63730,18576,53156,10574,447,8449
63424,81178,25091,61992,19186,1432,7337
64771,84132,26282,63136,20996,1635,6921
71616,115316,42712,59784,55532,11832,-988
71578,110044,39203,63276,46768,8302,737
64994,84047,26174,63398,20649,1596,7121
62134,78421,23976,60938,17483,1196,7689
44543,50595,14195,44410,6185,133,8143
70639,102526,34936,65308,37218,5331,3049
68842,94601,30902,65594,29007,3248,5143
71377,106111,36823,64930,41181,6447,2089
70845,121697,47630,52874,68823,17971,-3222
71416,105958,36737,64968,40990,6448,2195
52060,61253,17702,51698,9555,362,8509
69653,98264,32753,65516,32748,4137,4142
70992,120254,46503,54496,65758,16496,-2759
66393,131106,61970,14332,116774,52061,-2743
46605,53211,14994,46446,6765,159,8388
63516,81346,25151,62088,19258,1428,7321
64153,82763,25745,62546,20217,1607,7135
71062,119065,45547,55942,63123,15120,-2456
71657,114926,42429,60136,54790,11521,-840
68106,92802,30116,65140,27662,2966,5420
22565,23736,6229,22556,1180,9,5058
71260,106188,36935,64636,41552,6624,2007
47405,54326,15368,47180,7146,225,8447
71602,110151,39293,63130,47021,8472,744
71902,114313,41894,61050,53263,10852,-517
71602,116064,43195,59348,56716,12254,-1267
63233,80813,24941,61862,18951,1371,7361
71393,106275,36913,64898,41377,6495,2031
70525,121892,48100,51384,70508,19141,-3267
62562,79272,24302,61336,17936,1226,7592
66876,130503,59784,21870,108633,45006,-3843
52699,62347,18093,52322,10025,377,8445
63750,82060,25467,62252,19808,1498,7157
71759,111164,39867,62860,48304,8899,462
28343,30278,8056,28332,1946,11,6121
71288,118094,44794,57012,61082,14276,-2012
71758,111833,40284,62530,49303,9228,209
71449,118044,44673,57396,60648,14053,-1922
71577,115387,42748,59782,55605,11795,-1062
68744,127339,53928,38966,88373,29778,-4667
62939,80093,24629,61670,18423,1269,7475
71381,118784,45255,56548,62236,14833,-2148
68571,127541,54272,37994,89547,30577,-4698
66454,88158,28023,64224,23934,2230,6319
69861,99047,33134,65558,33489,4303,3948
28888,30979,8271,28874,2105,14,6180
71723,110440,39385,63340,47100,8383,668
71557,116789,43695,58798,57991,12759,-1537
71124,120375,46494,54774,65601,16350,-2757
71318,106301,36951,64798,41503,6520,1968
68716,94658,30944,65540,29118,3176,5002
70267,123185,49191,49606,73579,20661,-3727
71737,112188,40540,62216,49972,9521,89
70236,123051,49132,49574,73477,20662,-3683
63401,80618,24797,62048,18570,1353,7580
71026,103723,35478,65534,38189,5492,2781
67486,91134,29351,64864,26270,2622,5703
71757,111947,40362,62446,49501,9311,172
65022,84496,26440,63232,21264,1790,6966
71652,108352,38116,64240,44112,7412,1416
71644,115941,43092,59514,56427,12130,-1205
70766,121098,47296,53012,68086,17754,-3036
38572,42606,11680,38492,4114,80,7646
65707,86214,27169,63752,22462,1955,6662
71609,114403,42075,60506,53897,11103,-719
66066,131561,64866,3658,127903,62408,-629
71839,109812,38934,63888,45924,7951,961
61548,77186,23465,60512,16674,1036,7827
69264,126155,52337,42962,83193,26302,-4554
24182,25593,6752,24178,1415,4,5341
52701,62138,17982,52348,9790,353,8545
69874,124060,50134,47584,76476,22290,-4052
64612,83521,25990,63082,20439,1530,7081
71675,107989,37884,64442,43547,7233,1570
70437,101132,34182,65536,35596,4901,3487
53669,63638,18514,53220,10418,449,8545
12292,12624,3239,12292,332,0,2907
66301,131232,62451,12660,118572,53641,-2480
69558,97294,32203,65776,31518,3782,4467
66682,130693,60400,19786,110907,46896,-3611
56805,68720,20314,56184,12536,621,8399
67937,91984,29679,65252,26732,2685,5632
58091,71057,21182,57386,13671,705,8216
68436,93657,30494,65338,28319,3098,5273
71573,113433,41446,61082,52351,10491,-414
70126,124314,50240,47668,76646,22458,-3948
26281,27910,7387,26272,1638,9,5758
71254,105126,36288,65100,40026,6154,2416
71473,117616,44323,57940,59676,13533,-1820
68119,128265,55434,34794,93471,33325,-4712
66897,130539,59889,21522,109017,45375,-3753
2216,2228,560,2216,12,0,548
66138,131443,63795,7706,123737,58432,-1510
70894,103889,35677,65070,38819,5824,2682
53708,63923,18643,53274,10649,434,8428
67556,129294,57153,29976,99318,37580,-4585
60834,76422,23261,59800,16622,1034,7673
71377,106585,37103,64758,41827,6619,1895
67810,128993,56560,31746,97247,36064,-4623
38353,42444,11653,38276,4168,77,7562
68024,128754,56061,33264,95490,34760,-4669
55301,66297,19453,54782,11515,519,8457
31643,34277,9233,31622,2655,21,6599
70207,123569,49459,49302,74267,20905,-3903
71372,107545,37749,64094,43451,7278,1576
44118,49770,13881,44016,5754,102,8229
66170,131459,63668,8246,123213,57924,-1621
70792,104009,35763,64966,39043,5826,2546
68270,128152,55268,35232,92920,33038,-4614
16554,17153,4438,16554,599,0,3839
63736,81473,25150,62346,19127,1390,7413
71306,105481,36506,64938,40543,6368,2331
71106,105253,36397,64918,40335,6188,2250
65403,85270,26741,63576,21694,1827,6874
49716,57828,16551,49452,8376,264,8439
71860,113575,41383,61618,51957,10242,-332
71208,119426,45776,55748,63678,15460,-2442
69456,125184,51461,44524,80660,24932,-4267
66857,130516,59847,21644,108872,45213,-3812
70885,120429,46668,54186,66243,16699,-2876
67465,90893,29204,64970,25923,2495,5776
66007,86941,27478,63970,22971,2037,6544
502,503,126,502,1,0,125
21160,22157,5790,21154,1003,6,4793
39747,44117,12145,39654,4463,93,7775
70447,100811,33963,65770,35041,4677,3599
69301,125881,52087,43414,82467,25887,-4493
27294,29119,7739,27282,1837,12,5914
64350,83147,25871,62810,20337,1540,7074
69506,97394,32260,65748,31646,3758,4372
71577,114386,42079,60456,53930,11121,-730
71309,117756,44566,57248,60508,14061,-1881
67575,91166,29328,65020,26146,2555,5737
61956,78425,24039,60694,17731,1262,7570
70834,121737,47698,52682,69055,18152,-3205
59884,74215,22369,58954,15261,930,8038
68364,128147,55055,36074,92073,32290,-4728
68405,93095,30185,65450,27645,2955,5495
68262,128371,55418,35070,93301,33192,-4691
71172,105748,36693,64724,41024,6448,2117
58613,71679,21361,57914,13765,699,8295
71738,110180,39245,63380,46800,8358,803
70900,103310,35296,65436,37874,5464,2886
71285,119019,45447,56250,62769,15035,-2287
67563,91417,29490,64874,26543,2689,5636
70872,121372,47423,53052,68320,17820,-3077
69530,97177,32156,65730,31447,3800,4509
67258,90774,29223,64656,26118,2602,5707
30901,33325,8941,30886,2439,15,6517
68922,95732,31505,65444,30288,3478,4695
44693,50693,14211,44542,6151,151,8211
71008,120963,46963,54074,66889,16934,-2992
71505,117025,43858,58618,58407,12887,-1662
69334,125689,51968,43506,82183,25828,-4387
67733,129272,56998,30552,98720,37181,-4541
61944,78045,23813,60838,17207,1106,7712
71348,106365,36995,64750,41615,6598,1978
70905,120895,47055,53570,67325,17335,-2935
67402,129656,57896,27728,101928,39674,-4358
71108,120518,46612,54588,65930,16520,-2798
70611,122239,48189,51722,70517,18889,-3439
66465,87970,27910,64300,23670,2165,6405
18321,19035,4938,18318,717,3,4224
70635,101520,34309,65804,35716,4831,3424
59273,73032,21903,58452,14580,821,8144
70988,120795,46925,53890,66905,17098,-2882
25243,26817,7100,25234,1583,9,5526
71600,112538,40847,61688,50850,9912,-91
70885,102969,35110,65498,37471,5387,3026
68291,128161,55105,35902,92259,32389,-4765
48449,55867,15882,48206,7661,243,8464
68834,127054,53537,39960,87094,28874,-4683
63817,81655,25223,62418,19237,1399,7385
66035,87665,27864,63874,23791,2161,6234
58692,72080,21570,57880,14200,812,8182
70900,103134,35193,65496,37638,5404,2959
71246,118872,45377,56236,62636,15010,-2249
67391,129761,57996,27538,102223,39853,-4374
66216,87398,27657,64168,23230,2048,6475
60013,74553,22494,59130,15423,883,7954
71527,108161,38069,64046,44115,7481,1435
69522,125655,51770,44230,81425,25292,-4363
70559,122382,48382,51236,71146,19323,-3441
33922,36930,9993,33888,3042,34,6985
71510,108578,38304,63940,44638,7570,1236
58993,72509,21705,58198,14311,795,8189
66424,131156,61849,14916,116240,51508,-2883
63522,81430,25182,62132,19298,1390,7274
70440,100140,33569,66004,34136,4436,3869
68795,127340,53816,39416,87924,29379,-4729
71798,110074,39117,63680,46394,8118,841
69710,97437,32239,65918,31519,3792,4512
71883,110847,39645,63114,47733,8769,681
71287,117569,44382,57610,59959,13677,-1900
35776,39187,10663,35722,3465,54,7252
65377,85663,26947,63538,22125,1839,6661
66660,130795,60662,18942,111853,47718,-3473
69050,126327,52741,41690,84637,27360,-4536
18152,18914,4920,18148,766,4,4158
24260,25613,6744,24250,1363,10,5391
70745,102446,34856,65468,36978,5277,3155
59144,72886,21855,58352,14534,792,8113
70436,101236,34227,65564,35672,4872,3427
70510,102064,34690,65368,36696,5142,3136
71332,106272,36942,64776,41496,6556,2002
71707,109322,38709,63808,45514,7899,1094
71736,109957,39093,63542,46415,8194,872
71119,104350,35862,65252,39098,5867,2631
68131,128642,55819,34008,94634,34123,-4692
71431,117123,44022,58158,58965,13273,-1670
70477,100192,33598,65992,34200,4485,3883
66390,131084,61821,14884,116200,51506,-2873
48360,55717,15822,48146,7571,214,8465
56519,68365,20208,55898,12467,621,8362
69277,96910,32091,65456,31454,3821,4458
66399,88096,27973,64300,23796,2099,6276
71670,110089,39221,63294,46795,8376,802
70109,99482,33278,65852,33630,4257,3905
70983,120553,46689,54350,66203,16633,-2881
51614,60512,17433,51292,9220,322,8535
71326,117237,44104,58058,59179,13268,-1807
61346,77196,23526,60288,16908,1058,7676
124,124,31,124,0,0,31
50196,58439,16739,49922,8517,274,8496
71550,107147,37432,64566,42581,6984,1835
67232,129956,58468,26040,103916,41192,-4256
66057,131569,64956,3314,128255,62743,-556
66319,131221,62459,12606,118615,53713,-2443
69166,125852,52201,42900,82952,26266,-4485
69448,97040,32079,65764,31276,3684,4487
66089,131516,64374,5536,125980,60553,-1053
71493,107771,37838,64190,43581,7303,1560
46342,52959,14941,46154,6805,188,8324
71061,119951,46213,55050,64901,16011,-2677
71586,115546,42871,59608,55938,11978,-1089
13294,13677,3515,13294,383,0,3132
67237,89943,28754,64870,25073,2367,6048
46161,52699,14851,45994,6705,167,8313
63084,80369,24739,61782,18587,1302,7454
68848,127062,53588,39772,87290,29076,-4626
21628,22663,5925,21626,1037,2,4890
71097,104829,36158,65026,39803,6071,2426
31382,33886,9105,31352,2534,30,6601
71725,110170,39275,63240,46930,8485,830
57258,69451,20568,56630,12821,628,8375
37444,41069,11187,37390,3679,54,7562
60496,75459,22847,59530,15929,966,7884
71643,108590,38265,64120,44470,7523,1318
67831,128953,56552,31698,97255,36133,-4570
70204,99362,33172,66036,33326,4168,4014
66778,130707,60293,20242,110465,46536,-3636
63957,82605,25698,62418,20187,1539,7050
71446,116981,43970,58082,58899,13364,-1565
48456,55902,15895,48224,7678,232,8449
71888,111460,39992,62952,48508,8936,420
65946,86840,27437,63932,22908,2014,6543
59603,73368,21985,58796,14572,807,8220
63475,81122,25036,62100,19022,1375,7389
68060,92318,29844,65260,27058,2800,5586
61495,77404,23604,60392,17012,1103,7695
67973,128572,55999,33148,95424,34825,-4600
68319,127963,54913,36274,91689,32045,-4731
71551,118520,44941,57276,61244,14275,-2028
58704,72308,21671,57932,14376,772,8067
69911,124179,50235,47418,76761,22493,-4033
69670,125111,51191,45458,79653,24212,-4250
