Points,Edges,Area,Perimeter,Contact_perimeter,TETRAPIXEL,Euler_General_4_Async
2254,2464,669,2252,212,2,459
4514,7396,2786,3648,3748,866,-96
4399,7979,3300,2758,5221,1641,-280
4521,6608,2263,4164,2444,357,176
4192,5497,1735,4054,1443,138,430
4269,5899,1934,4062,1837,207,304
4451,6627,2308,4022,2605,429,132
1283,1347,353,1282,65,1,289
3915,4923,1498,3854,1069,61,490
4442,6329,2127,4150,2179,292,240
4305,5931,1937,4114,1817,191,311
4269,8257,3774,1418,6839,2851,-214
4541,7216,2644,3856,3360,685,-31
2222,2453,672,2218,235,4,441
1274,1337,350,1274,63,0,287
2313,2540,692,2312,228,1,465
4244,5625,1786,4106,1519,138,405
3770,4664,1404,3712,952,58,510
3113,3613,1032,3098,515,15,532
3206,3798,1103,3184,614,22,511
3991,5120,1584,3904,1216,87,455
4420,6360,2152,4112,2248,308,212
4523,7667,2985,3394,4273,1129,-159
4259,8249,3793,1326,6923,2933,-197
4426,7933,3269,2790,5143,1636,-238
4291,5824,1882,4120,1704,171,349
4526,7403,2775,3706,3697,820,-102
2862,3291,935,2842,449,20,506
4430,6319,2121,4154,2165,276,232
4354,5996,1965,4132,1864,222,323
4571,7367,2731,3810,3557,761,-65
4309,8156,3578,2000,6156,2309,-269
4528,7411,2773,3730,3681,798,-110
4299,8167,3594,1958,6209,2341,-274
2684,3021,842,2674,347,10,505
1454,1529,401,1454,75,0,326
3400,3987,1149,3378,609,22,562
4300,5775,1856,4126,1649,174,381
4323,8190,3619,1904,6286,2419,-248
4322,6043,2004,4070,1973,252,283
3665,4448,1316,3632,816,33,533
3443,4081,1186,3418,663,25,548
4230,5560,1752,4112,1448,118,422
3114,3597,1025,3094,503,20,542
4225,8316,4060,392,7924,3833,-31
3256,3801,1090,3242,559,14,545
4477,6670,2327,4032,2638,445,134
4008,5160,1603,3908,1252,100,451
4299,5910,1929,4104,1806,195,318
4500,7745,3059,3254,4491,1246,-186
4470,6566,2252,4124,2442,346,156
4584,7239,2642,3910,3329,674,-13
4300,5846,1898,4100,1746,200,352
3984,5008,1525,3916,1092,68,501
4362,6164,2062,4080,2084,282,260
3288,3918,1145,3256,662,32,515
4226,8307,3999,618,7689,3608,-82
4264,8247,3773,1402,6845,2862,-210
4496,7571,2919,3466,4105,1030,-156
4503,6611,2268,4150,2461,353,160
3974,5189,1636,3834,1355,140,421
4471,7766,3069,3256,4510,1215,-226
4471,6408,2167,4148,2260,323,230
4269,5775,1863,4098,1677,171,357
480,486,123,480,6,0,117
1851,2000,538,1848,152,3,389
4550,6898,2432,4068,2830,482,84
4006,5006,1517,3944,1062,62,517
4466,7799,3119,3122,4677,1344,-214
4409,6048,1971,4212,1836,197,332
4302,5821,1875,4142,1679,160,356
3622,4425,1320,3570,855,52,517
3617,4391,1302,3574,817,43,528
4252,8264,3833,1196,7068,3056,-179
4240,8275,3859,1114,7161,3126,-176
4479,6377,2148,4162,2215,317,250
4442,6312,2111,4180,2132,262,241
3690,4463,1318,3654,809,36,545
4515,7494,2861,3544,3950,971,-118
1919,2055,548,1918,137,1,412
4502,7018,2526,3932,3086,570,10
4423,7991,3303,2770,5221,1653,-265
2949,3415,976,2926,489,23,510
4275,5784,1867,4100,1684,175,358
428,440,113,428,12,0,101
4465,6284,2084,4232,2052,233,265
4383,5990,1946,4196,1794,187,339
4494,6543,2230,4166,2377,328,181
4427,6252,2084,4168,2084,259,259
4414,6404,2191,4044,2360,370,201
4087,5338,1674,3980,1358,107,423
4269,5774,1859,4112,1662,157,354
4533,6825,2393,4078,2747,455,101
3955,5004,1533,3876,1128,79,484
4463,6242,2065,4224,2018,239,286
4510,7538,2889,3520,4018,990,-139
4547,7256,2680,3792,3464,755,-29
4394,6062,1982,4196,1866,198,314
4521,6659,2297,4130,2529,391,159
4430,7892,3211,2940,4952,1490,-251
4245,8296,3916,928,7368,3317,-135
2122,2298,619,2120,178,2,443
4414,6040,1970,4200,1840,214,344
4409,6207,2066,4150,2057,259,268
4536,7319,2717,3770,3549,766,-66
4480,6678,2320,4076,2602,404,122
4300,8180,3613,1908,6272,2392,-267
1973,2126,570,1972,154,1,417
4399,6327,2140,4094,2233,305,212
4578,7064,2526,4024,3040,554,40
4449,6441,2192,4114,2327,335,200
4561,7397,2769,3718,3679,843,-67
2787,3148,879,2780,368,7,518
4217,5586,1774,4076,1510,141,405
3874,4776,1434,3816,960,58,532
4276,8223,3716,1582,6641,2694,-231
4452,6352,2134,4168,2184,284,234
4073,5312,1664,3968,1344,105,425
2998,3450,981,2976,474,22,529
4506,6536,2227,4164,2372,342,197
3318,3918,1135,3296,622,22,535
4592,7238,2638,3924,3314,668,-8
4385,8026,3360,2612,5414,1773,-281
3686,4489,1333,3646,843,40,530
4500,6356,2122,4224,2132,276,266
3581,4355,1293,3538,817,43,519
464,468,118,464,4,0,114
4522,7306,2712,3764,3542,758,-72
4559,7518,2844,3660,3858,899,-115
1939,2093,562,1938,155,1,408
4349,8116,3493,2260,5856,2089,-274
4226,8314,4024,532,7782,3694,-64
4604,7149,2581,3974,3175,630,36
3637,4485,1344,3594,891,43,496
3337,3996,1170,3312,684,25,511
4469,6337,2117,4206,2131,263,249
3475,4113,1196,3442,671,33,558
728,740,188,728,12,0,176
4523,7357,2750,3714,3643,809,-84
4319,8154,3566,2044,6110,2275,-269
4558,7231,2650,3862,3369,696,-23
4512,6447,2173,4202,2245,310,238
3875,4795,1444,3814,981,61,524
3842,4768,1437,3788,980,54,511
4403,7927,3291,2690,5237,1713,-233
4338,5959,1950,4118,1841,220,329
4400,7975,3297,2762,5213,1638,-278
1820,1960,525,1820,140,0,385
3901,4926,1506,3828,1098,73,481
4387,8031,3375,2562,5469,1825,-269
1198,1241,321,1198,43,0,278
4384,8013,3343,2654,5359,1730,-286
4521,6679,2306,4134,2545,387,148
4480,6315,2104,4214,2101,266,269
2970,3396,959,2956,440,14,533
4147,5358,1671,4032,1326,115,460
4274,5736,1841,4108,1628,166,379
1326,1391,364,1326,65,0,299
4302,8170,3622,1852,6318,2450,-246
3963,5030,1544,3884,1146,79,477
2148,2323,625,2146,177,2,450
4538,7543,2874,3590,3953,948,-131
4320,5797,1864,4138,1659,182,387
2729,3026,832,2724,302,5,535
3929,4889,1476,3874,1015,55,516
2169,2359,638,2166,193,3,448
4311,5790,1859,4144,1646,167,380
2802,3174,890,2788,386,14,518
532,538,136,532,6,0,130
4133,5455,1726,4006,1449,127,404
4370,6081,2006,4138,1943,232,295
4538,7201,2639,3846,3355,692,-24
3306,3845,1099,3294,551,12,560
3619,4416,1317,3564,852,55,520
3177,3709,1065,3158,551,19,533
4232,8311,3997,634,7677,3598,-82
3854,4796,1451,3788,1008,66,509
4530,6462,2177,4216,2246,314,245
160,160,40,160,0,0,40
4403,6062,1983,4192,1870,211,324
4410,6170,2038,4188,1982,222,278
3602,4330,1273,3568,762,34,545
4542,7004,2508,3976,3028,566,46
4391,6280,2120,4080,2200,311,231
2449,2703,740,2446,257,3,486
4495,7822,3107,3216,4606,1279,-220
3975,5092,1574,3888,1204,87,457
4475,6270,2087,4192,2078,283,292
4583,7102,2558,3972,3130,611,39
3990,5061,1550,3922,1139,68,479
3885,4807,1445,3834,973,51,523
4229,8306,3969,736,7570,3493,-108
4457,6329,2125,4158,2171,299,253
4510,7693,3016,3322,4371,1188,-167
1528,1602,419,1528,74,0,345
3596,4340,1280,3560,780,36,536
4519,6859,2417,4050,2809,469,77
2482,2755,758,2478,277,4,485
4518,6726,2343,4080,2646,438,135
4170,5440,1708,4048,1392,122,438
4543,7301,2689,3846,3455,697,-69
2694,3041,850,2682,359,12,503
1893,2058,556,1892,166,1,391
3879,4897,1498,3802,1095,77,480
4196,5614,1792,4060,1554,136,374
4296,8229,3701,1654,6575,2642,-232
3260,3797,1088,3242,555,18,551
4507,6741,2347,4094,2647,413,113
4462,7883,3208,2934,4949,1528,-213
4269,5807,1886,4070,1737,199,348
4460,6352,2130,4184,2168,276,238
3932,5012,1546,3840,1172,92,466
52,52,13,52,0,0,13
2984,3419,966,2974,445,10,531
4468,6644,2302,4080,2564,388,126
3531,4226,1241,3488,738,43,546
4249,8270,3823,1248,7022,3001,-198
3880,4823,1457,3818,1005,62,514
3794,4783,1459,3730,1053,64,470
4542,6739,2332,4150,2589,392,135
3978,5024,1536,3904,1120,74,490
3381,4006,1162,3364,642,17,537
4515,7622,2946,3460,4162,1055,-161
3703,4493,1331,3662,831,41,541
4524,6887,2441,4010,2877,514,78
4606,7353,2713,3854,3499,752,-34
4151,5335,1653,4058,1277,93,469
4564,7281,2681,3838,3443,726,-36
4305,8163,3602,1918,6245,2387,-256
3238,3769,1080,3218,551,20,549
4552,6687,2308,4142,2545,410,173
3018,3489,994,3002,487,16,523
4439,7766,3104,3116,4650,1323,-223
2124,2304,622,2120,184,4,442
4316,8184,3610,1928,6256,2388,-258
3310,3946,1153,3280,666,30,517
4486,6533,2228,4154,2379,332,181
4458,7944,3248,2896,5048,1562,-238
4535,7167,2628,3822,3345,713,-4
2886,3276,919,2876,400,10,529
977,1008,260,976,32,1,229
3331,3993,1172,3298,695,33,510
4455,6409,2175,4118,2291,337,221
4511,7323,2729,3730,3593,781,-83
4321,5807,1865,4154,1653,167,379
4544,7225,2657,3822,3403,722,-24
4540,6918,2455,4016,2902,524,77
4507,6549,2243,4126,2423,381,201
4410,6173,2047,4158,2015,252,284
4518,6822,2402,4036,2786,482,98
4295,5866,1910,4092,1774,203,339
2577,2862,788,2572,290,5,503
4177,5584,1782,4040,1544,137,375
4529,6673,2316,4082,2591,447,172
4537,6951,2479,3986,2965,551,65
4520,6987,2506,3950,3037,570,39
4529,7216,2659,3796,3420,733,-28
4415,7888,3216,2912,4976,1503,-257
4283,5799,1875,4098,1701,185,359
4357,5982,1949,4168,1814,189,324
4460,7752,3072,3216,4536,1244,-220
4370,8054,3409,2472,5582,1898,-275
4331,8113,3509,2190,5923,2141,-273
3959,5037,1549,3878,1159,81,471
4246,5755,1861,4066,1689,180,352
4468,6270,2079,4224,2046,244,277
4379,8004,3357,2580,5424,1799,-268
4419,7950,3275,2800,5150,1619,-256
4472,7197,2648,3802,3395,670,-77
4254,8245,3807,1262,6983,2992,-184
4304,5746,1832,4164,1582,140,390
4511,7536,2883,3540,3996,971,-142
3421,4032,1168,3392,640,29,557
4371,5982,1953,4152,1830,219,342
3155,3627,1028,3142,485,13,556
2170,2378,648,2164,214,6,440
4425,6334,2139,4112,2222,313,230
4207,5661,1815,4062,1599,145,361
4278,8246,3748,1500,6746,2778,-220
4519,7288,2712,3728,3560,791,-57
138,139,35,138,1,0,34
4370,6190,2070,4100,2090,270,250
4475,6303,2103,4194,2109,281,275
3174,3675,1048,3158,517,16,547
4517,7465,2841,3566,3899,951,-107
4080,5221,1612,3994,1227,86,471
4245,8293,3920,906,7387,3339,-128
3708,4536,1351,3668,868,40,523
4513,6524,2222,4160,2364,353,211
3549,4254,1248,3516,738,33,543
2487,2748,753,2484,264,3,492
4518,7401,2785,3662,3739,856,-98
4585,6905,2423,4118,2787,467,103
3597,4335,1276,3566,769,31,538
4430,6032,1952,4256,1776,174,350
4342,6045,1994,4114,1931,228,291
2346,2556,692,2344,212,2,482
2827,3233,912,2818,415,9,506
4493,6769,2370,4058,2711,435,94
4250,8272,3843,1172,7100,3078,-179
4495,6583,2253,4154,2429,341,165
4309,5939,1943,4106,1833,203,313
4317,5743,1833,4154,1589,163,407
4460,6544,2247,4100,2444,360,163
4489,7761,3075,3222,4539,1267,-197
4621,7144,2561,4044,3100,577,38
4488,6369,2138,4186,2183,302,257
212,214,54,212,2,0,52
4365,8069,3434,2402,5667,1963,-270
3593,4354,1288,3556,798,37,527
4414,6201,2056,4178,2023,236,269
4246,5673,1807,4118,1555,128,380
3993,5234,1647,3880,1354,113,406
4378,6062,1993,4152,1910,226,309
3149,3596,1013,3140,456,9,566
4546,7280,2693,3788,3492,758,-41
4489,6531,2230,4142,2389,347,188
4406,6061,1978,4210,1851,196,323
4451,6519,2237,4090,2429,361,169
4526,6711,2317,4154,2557,372,132
4372,8085,3449,2374,5711,1998,-264
4225,8320,4096,256,8064,3969,1
2946,3348,940,2936,412,10,538
4214,5517,1732,4106,1411,108,429
4229,8307,3972,726,7581,3503,-106
1928,2050,543,1928,122,0,421
4482,6556,2251,4108,2448,374,177
4524,7105,2579,3894,3211,630,-2
3129,3645,1046,3106,539,23,530
4002,5115,1579,3914,1201,88,466
1376,1434,373,1376,58,0,315
4549,7254,2665,3848,3406,701,-40
4403,8042,3377,2576,5466,1827,-262
4449,7881,3197,2974,4907,1475,-235
4500,7242,2686,3740,3502,760,-56
1855,2017,545,1854,163,1,383
4532,6847,2403,4082,2765,450,88
4275,5674,1806,4124,1550,151,407
2676,3003,833,2674,329,2,506
4336,5894,1912,4140,1754,196,354
4254,8260,3788,1368,6892,2886,-218
4226,8315,4012,582,7733,3644,-77
4502,6906,2465,3952,2954,550,61
3898,4843,1461,3842,1001,56,516
4578,7229,2639,3902,3327,676,-12
4425,6224,2070,4168,2056,257,271
1306,1365,356,1306,59,0,297
3390,4053,1188,3354,699,36,525
4556,7186,2612,3924,3262,632,-18
4275,8225,3725,1550,6675,2725,-225
4343,6003,1966,4142,1861,201,306
4442,7901,3227,2894,5007,1548,-232
4401,7986,3309,2736,5250,1665,-276
4489,7061,2565,3862,3199,627,-7
1830,1957,521,1830,127,0,394
3860,4826,1466,3788,1038,72,500
1158,1203,312,1158,45,0,267
4434,6258,2088,4164,2094,270,264
4400,8034,3384,2532,5502,1868,-250
4429,7887,3219,2898,4989,1531,-239
4236,8299,3937,850,7449,3386,-126
4495,7627,2964,3398,4229,1097,-168
4557,7657,2948,3522,4135,1035,-152
4482,6449,2182,4170,2279,312,215
3625,4358,1281,3592,766,33,548
3637,4409,1303,3606,803,31,531
4437,7839,3172,2990,4849,1447,-230
3802,4667,1396,3750,917,52,531
4463,6435,2181,4146,2289,317,209
4430,7872,3204,2928,4944,1502,-238
1650,1763,469,1650,113,0,356
3993,5161,1607,3894,1267,99,439
4478,6878,2447,3968,2910,510,47
4412,6242,2080,4164,2078,248,250
4519,7168,2620,3856,3312,663,-29
4491,7488,2868,3504,3984,987,-129
2722,3065,854,2714,351,8,511
146,147,37,146,1,0,36
4502,6655,2292,4142,2513,360,139
4273,5729,1835,4118,1611,155,379
4194,5458,1711,4072,1386,122,447
4226,8312,4033,492,7820,3734,-53
4464,6443,2188,4134,2309,330,209
4560,6800,2374,4104,2696,456,134
4178,5464,1719,4052,1412,126,433
4523,7060,2544,3944,3116,579,7
3728,4539,1347,3690,849,38,536
4247,5743,1852,4078,1665,169,356
4408,6140,2027,4172,1968,236,295
4180,5621,1810,4002,1619,178,369
3542,4243,1244,3510,733,32,543
4300,8109,3532,2090,6019,2210,-277
4265,5814,1888,4076,1738,189,339
1717,1816,479,1716,100,1,380
4520,6961,2484,3986,2975,534,43
4247,5632,1791,4100,1532,147,406
4549,7082,2560,3924,3158,625,27
2883,3280,921,2876,404,7,524
4477,7796,3098,3200,4596,1277,-221
4193,5529,1749,4062,1467,131,413
4453,6353,2139,4150,2203,303,239
2975,3379,948,2966,413,9,544
4475,7549,2925,3398,4151,1077,-149
4484,6380,2142,4192,2188,292,246
4261,8256,3780,1392,6864,2869,-215
4449,7754,3094,3132,4622,1317,-211
4026,5145,1589,3934,1211,92,470
3925,4942,1511,3840,1102,85,494
2757,3136,882,2744,392,13,503
4628,6939,2430,4158,2781,470,119
4274,8232,3719,1588,6644,2686,-239
4152,5459,1721,4034,1425,118,414
3500,4196,1231,3468,728,32,535
4377,6190,2066,4116,2074,261,253
4297,8194,3657,1760,6434,2537,-240
4085,5384,1696,3984,1400,101,397
4585,7163,2589,3970,3193,615,11
4308,5856,1897,4124,1732,184,349
3296,3954,1163,3256,698,40,505
2918,3308,927,2908,400,10,537
4425,6307,2117,4146,2161,279,235
3485,4150,1212,3452,698,33,547
3507,4282,1275,3464,818,43,500
2924,3335,941,2906,429,18,530
4248,5653,1796,4122,1531,126,391
4243,8287,3907,946,7341,3297,-137
4561,6877,2419,4078,2799,483,103
4458,6411,2169,4146,2265,312,216
4225,8320,4087,292,8028,3933,-8
4519,6681,2306,4138,2543,381,144
4276,5814,1881,4104,1710,172,343
4552,7055,2540,3950,3105,602,37
4018,5174,1601,3944,1230,74,445
4328,5902,1922,4116,1786,212,348
4466,7805,3114,3154,4651,1312,-225
1002,1041,270,1002,39,0,231
4527,7220,2650,3840,3380,687,-43
4530,7593,2918,3514,4079,1016,-145
4307,8184,3624,1872,6312,2435,-253
4545,7631,2941,3498,4133,1047,-145
4352,8095,3465,2330,5765,2022,-278
4422,6350,2153,4088,2262,334,225
4527,7086,2565,3912,3174,615,6
4540,7554,2882,3580,3974,960,-132
4267,8260,3773,1428,6832,2839,-220
4473,6476,2202,4144,2332,329,199
3818,4742,1431,3760,982,58,507
4366,8070,3441,2376,5694,1990,-263
1474,1555,409,1474,81,0,328
3553,4268,1255,3516,752,37,540
4491,7561,2905,3502,4059,989,-165
3311,3866,1110,3292,574,19,555
370,373,94,370,3,0,91
4398,6332,2143,4092,2240,306,209
3076,3557,1013,3062,495,14,532
4382,8023,3370,2566,5457,1816,-271
3736,4594,1375,3688,906,48,517
3388,4096,1211,3348,748,40,503
4183,5551,1761,4058,1493,125,393
3120,3589,1017,3110,479,10,548
4498,6847,2418,4022,2825,476,69
4434,6139,2016,4214,1925,220,311
4518,6648,2297,4108,2540,410,167
4451,7758,3082,3188,4570,1263,-225
876,894,228,876,18,0,210
4508,7710,3001,3416,4294,1092,-201
4231,8303,3982,678,7625,3553,-90
36,36,9,36,0,0,9
4551,7149,2597,3910,3239,641,-1
4530,7196,2638,3840,3356,690,-28
4548,7242,2664,3828,3414,720,-30
4189,5565,1772,4042,1523,147,396
4483,7199,2662,3750,3449,733,-54
4547,6953,2476,4002,2951,545,70
394,399,101,394,5,0,96
4224,5564,1757,4100,1464,124,417
2746,3064,848,2736,328,10,530
4122,5500,1750,4000,1500,122,372
20,20,5,20,0,0,5
4507,7102,2579,3888,3214,619,-16
2709,3048,849,2700,348,9,510
4518,7134,2606,3844,3290,674,-10
1851,1986,531,1848,138,3,396
2226,2451,670,2222,229,4,445
4290,8165,3615,1870,6295,2420,-260
4283,5830,1888,4108,1722,175,341
4446,7862,3186,2980,4882,1466,-230
4546,6675,2306,4126,2549,420,177
4538,7345,2739,3734,3611,804,-68
4519,6701,2324,4106,2595,413,142
136,136,34,136,0,0,34
4281,5759,1854,4102,1657,179,376
4553,6864,2409,4092,2772,461,98
4224,5564,1758,4096,1468,128,418
4057,5321,1679,3926,1395,131,415
4573,6955,2466,4046,2909,527,84
4536,7266,2681,3808,3458,728,-49
4483,7728,3042,3288,4440,1195,-203
1592,1700,452,1592,108,0,344
4405,7876,3235,2812,5064,1593,-236
3070,3547,1011,3050,497,20,534
4434,6455,2199,4114,2341,320,178
4414,7890,3224,2884,5006,1530,-252
1360,1418,369,1360,58,0,311
4257,5738,1846,4092,1646,165,365
4252,5662,1804,4108,1554,144,394
4314,8181,3593,1990,6191,2324,-274
4080,5261,1636,3978,1283,102,455
3202,3687,1045,3194,493,8,560
4378,5913,1908,4194,1719,184,373
4272,8251,3749,1506,6745,2766,-230
3404,4045,1178,3378,667,26,537
4514,7781,3079,3246,4535,1268,-188
4560,7375,2742,3782,3593,778,-73
4540,6907,2440,4054,2853,486,73
3874,4916,1510,3792,1124,82,468
160,160,40,160,0,0,40
1630,1716,451,1628,88,2,365
4515,7255,2690,3750,3505,765,-50
3929,4939,1506,3854,1085,75,496
4457,6436,2189,4116,2320,341,210
4563,6948,2468,4024,2924,539,83
4360,6015,1968,4158,1857,202,313
4227,8319,4069,362,7957,3865,-23
4205,5446,1699,4096,1350,109,458
4530,7433,2796,3682,3751,848,-107
4514,6599,2258,4166,2433,348,173
4443,6056,1962,4264,1792,179,349
4510,7677,2987,3406,4271,1104,-180
4345,5880,1891,4196,1684,149,356
3523,4236,1246,3488,748,35,533
2107,2270,609,2104,166,3,446
2656,2997,836,2650,347,6,495
4566,7178,2610,3916,3262,650,-2
4493,6668,2331,4012,2656,481,156
4466,6597,2273,4102,2495,364,142
3966,5025,1539,3894,1131,72,480
3683,4477,1327,3646,831,37,533
1543,1633,431,1542,91,1,341
4478,6416,2167,4164,2252,314,229
4347,8083,3471,2282,5801,2065,-265
4292,8242,3714,1628,6614,2664,-236
4226,8318,4071,352,7966,3874,-21
4542,7688,2983,3444,4244,1098,-163
4451,6539,2246,4094,2445,357,158
4566,7086,2548,3980,3106,586,28
4453,6296,2100,4192,2104,261,257
4322,6191,2097,3994,2197,328,228
4358,6060,1996,4136,1924,222,294
4514,6993,2507,3958,3035,556,28
4051,5099,1555,3978,1121,73,507
1432,1494,389,1432,62,0,327
4567,7104,2567,3940,3164,627,30
4236,8305,3963,758,7547,3478,-106
4505,6678,2312,4108,2570,397,139
4429,6273,2096,4162,2111,267,252
3458,4156,1221,3428,728,30,523
4563,6736,2333,4140,2596,423,160
4409,6212,2073,4132,2080,277,270
462,473,121,462,11,0,110
4584,7078,2530,4036,3042,548,36
4531,7335,2734,3734,3601,797,-70
2991,3411,960,2982,429,9,540
4489,7769,3078,3226,4543,1263,-202
4517,7167,2616,3870,3297,647,-34
3322,3908,1130,3296,612,26,544
4103,5349,1679,3982,1367,121,433
4605,6758,2326,4212,2546,393,173
4214,5643,1805,4066,1577,148,376
4225,8319,4055,418,7901,3807,-39
3991,5198,1627,3888,1310,103,420
4358,6210,2086,4076,2134,282,234
4225,8318,4049,440,7878,3785,-44
2082,2257,609,2078,179,4,434
4493,7341,2750,3682,3659,811,-98
4438,7857,3181,2990,4867,1448,-238
4555,7502,2843,3632,3870,923,-104
4400,7999,3330,2678,5321,1722,-269
3032,3473,980,3026,447,6,539
3209,3690,1049,3184,506,25,568
2401,2648,724,2400,248,1,477
4228,8305,3980,690,7615,3538,-97
4309,5834,1883,4136,1698,173,358
4533,7086,2560,3932,3154,601,7
4254,8258,3799,1320,6938,2934,-205
4445,7819,3155,3018,4801,1427,-219
4239,8292,3912,936,7356,3303,-141
418,425,108,418,7,0,101
2732,3116,879,2716,400,16,495
2845,3187,883,2842,345,3,541
1870,2008,537,1868,140,2,399
4454,6406,2171,4128,2278,326,219
4396,8015,3338,2678,5337,1718,-281
4173,5544,1768,4016,1528,157,397
4125,5467,1736,3990,1477,135,394
3478,4265,1272,3442,823,36,485
4148,5458,1724,4020,1438,128,414
4514,7395,2787,3642,3753,872,-94
4471,6404,2155,4188,2216,283,222
3988,5146,1604,3876,1270,112,446
4498,6624,2285,4108,2516,390,159
4374,6012,1963,4172,1840,202,325
4333,5946,1942,4124,1822,209,329
4482,6637,2296,4090,2547,392,141
4072,5357,1690,3954,1403,118,405
4325,8111,3522,2134,5977,2191,-264
4199,5429,1691,4094,1335,105,461
4412,7990,3300,2780,5210,1632,-278
4547,6697,2310,4154,2543,393,160
4466,7736,3070,3192,4544,1274,-200
4469,6533,2245,4086,2447,383,181
4261,8216,3722,1544,6672,2717,-233
3318,3907,1129,3298,609,20,540
4540,7135,2593,3898,3237,642,-2
3572,4362,1299,3528,834,44,509
4475,7719,3048,3246,4473,1229,-196
4430,7854,3189,2952,4902,1478,-235
1520,1612,426,1520,92,0,334
4069,5274,1647,3960,1314,109,442
4521,7547,2882,3566,3981,955,-144
4228,8312,4011,580,7732,3648,-73
4226,8319,4066,374,7945,3852,-27
4526,6919,2456,4014,2905,512,63
4469,6493,2217,4118,2375,351,193
3668,4520,1355,3620,900,48,503
4531,6603,2264,4150,2453,381,192
4491,6373,2137,4198,2175,293,255
4509,7432,2819,3588,3844,921,-104
4332,5832,1875,4164,1668,168,375
4485,7405,2808,3578,3827,907,-112
2898,3324,941,2884,440,14,515
4116,5370,1686,3996,1374,120,432
4529,7108,2594,3840,3268,689,15
4428,6502,2234,4068,2434,360,160
4305,5756,1839,4156,1600,149,388
4476,6644,2306,4064,2580,412,138
3218,3716,1058,3200,516,18,560
4346,5919,1914,4182,1737,164,341
3830,4816,1467,3764,1052,66,481
1711,1805,475,1710,95,1,381
4024,5198,1617,3928,1270,96,443
4271,8226,3727,1544,6682,2727,-228
3625,4470,1342,3572,898,53,497
4528,7611,2928,3510,4101,1018,-155
4393,6084,2003,4156,1928,237,312
3730,4699,1428,3686,1013,44,459
3639,4356,1276,3608,748,31,559
1326,1367,352,1326,41,0,311
4409,6557,2272,4026,2531,383,124
4547,6915,2448,4038,2877,509,80
122,123,31,122,1,0,30
4376,5969,1940,4178,1791,198,347
4582,7000,2483,4068,2932,514,65
4514,6368,2129,4220,2148,294,275
4214,5514,1731,4104,1410,110,431
4519,6803,2383,4074,2729,445,99
3322,3863,1105,3306,557,16,564
4488,6424,2170,4168,2256,320,234
4128,5379,1684,4022,1357,106,433
3218,3782,1092,3196,586,22,528
4490,7548,2914,3440,4108,1050,-144
4457,6535,2247,4082,2453,375,169
4296,8217,3671,1750,6467,2546,-250
4537,7157,2606,3890,3267,647,-14
4004,5092,1563,3932,1160,72,475
4304,5734,1823,4176,1558,128,393
3360,3990,1161,3336,654,24,531
4395,6045,1974,4194,1851,201,324
1042,1071,275,1042,29,0,246
4362,8091,3430,2462,5629,1900,-299
4520,7600,2929,3484,4116,1036,-151
3658,4575,1390,3590,985,68,473
1828,1963,525,1826,137,2,390
3623,4382,1296,3580,802,43,537
4553,7060,2533,3988,3072,565,26
2558,2837,781,2550,287,8,502
4561,6932,2451,4060,2872,501,80
4411,6284,2109,4132,2152,279,236
4472,6374,2141,4184,2190,288,239
4481,7670,3013,3288,4382,1193,-176
4437,7904,3191,3044,4860,1393,-276
3693,4488,1329,3660,828,33,534
2752,3101,865,2742,359,10,516
4230,5626,1791,4088,1538,142,395
4392,6167,2046,4150,2017,242,271
4491,7719,3041,3274,4445,1217,-187
4514,6737,2354,4058,2679,456,131
4532,7395,2760,3750,3645,782,-103
2785,3118,864,2780,338,5,531
4373,6164,2061,4084,2080,289,270
4340,5907,1914,4158,1749,182,347
4032,5174,1601,3944,1230,88,459
4499,6464,2184,4192,2272,307,219
4050,5320,1675,3940,1380,110,405
4225,8319,4085,298,8021,3927,-9
4369,6014,1968,4156,1858,213,323
558,569,145,558,11,0,134
4441,7875,3185,3010,4865,1431,-249
1923,2082,561,1920,162,3,402
4509,6752,2362,4056,2696,453,119
3809,4738,1430,3756,982,53,501
4428,6373,2168,4074,2299,354,223
4484,6410,2156,4196,2214,288,230
4203,5736,1866,4008,1728,195,333
4310,5702,1807,4176,1526,134,415
4510,7544,2891,3524,4020,986,-143
4363,8095,3457,2362,5733,2001,-275
4281,5850,1905,4080,1770,201,336
3990,5129,1589,3902,1227,88,450
2613,2949,822,2610,339,3,486
4137,5385,1689,4014,1371,123,441
4481,6351,2129,4186,2165,295,259
4105,5335,1668,3998,1337,107,438
4485,6699,2348,4006,2693,479,134
3722,4620,1391,3676,944,46,493
1757,1847,485,1754,93,3,395
4505,6789,2396,3994,2795,511,112
3834,4766,1439,3776,990,58,507
4292,8244,3708,1656,6588,2636,-244
1991,2125,565,1990,135,1,431
4371,6089,2012,4130,1959,241,294
3340,3960,1152,3312,648,28,532
4464,6519,2242,4070,2449,394,187
3415,4090,1200,3380,710,35,525
1192,1240,322,1192,48,0,274
4352,6068,2000,4136,1932,216,284
4578,7509,2829,3702,3807,876,-102
2980,3407,960,2974,433,6,533
4410,7953,3292,2738,5215,1672,-251
1016,1046,269,1016,30,0,239
4088,5227,1612,4006,1221,82,473
4537,7476,2840,3592,3884,945,-99
4439,7966,3256,2908,5058,1531,-271
3793,4708,1424,3720,988,73,509
4556,7138,2598,3884,3254,672,16
4423,6179,2046,4174,2005,249,290
4436,7885,3204,2954,4931,1482,-245
2266,2487,678,2262,225,4,457
4448,6422,2181,4120,2302,328,207
3421,4097,1199,3398,699,23,523
4311,8148,3560,2056,6092,2255,-277
4472,7661,3013,3270,4391,1202,-176
4241,5710,1836,4076,1634,165,367
4397,6123,2026,4142,1981,255,300
3804,4642,1382,3756,886,48,544
4287,8215,3686,1686,6529,2601,-242
4119,5344,1668,4016,1328,103,443
2825,3227,910,2814,413,11,508
2203,2412,656,2200,212,3,447
4299,5809,1871,4134,1675,165,361
4473,6514,2222,4140,2374,333,181
538,549,140,538,11,0,129
2990,3459,986,2974,485,16,517
4133,5428,1710,4016,1412,117,415
4474,6525,2231,4126,2399,348,180
4296,5932,1948,4072,1860,224,312
4384,7932,3279,2748,5184,1636,-269
4256,5799,1887,4050,1749,206,344
4081,5209,1605,3998,1211,83,477
4195,5500,1731,4076,1424,119,426
4445,7653,3011,3262,4391,1183,-197
4435,6400,2169,4124,2276,311,204
2696,3033,844,2690,343,6,507
2538,2811,772,2534,277,4,499
4341,5968,1947,4148,1820,193,320
4331,8131,3525,2162,5969,2169,-275
3524,4242,1246,3500,742,24,528
3767,4672,1409,3708,964,59,504
4368,6110,2026,4116,1994,252,284
3930,5004,1539,3852,1152,78,465
2881,3256,910,2872,384,9,535
4547,7017,2507,4006,3011,541,37
4281,8210,3672,1732,6478,2549,-257
1760,1886,503,1760,126,0,377
4500,6629,2287,4110,2519,390,158
3914,4867,1472,3846,1021,68,519
4042,5192,1610,3944,1248,98,460
3719,4557,1360,3674,883,45,522
4017,5054,1542,3940,1114,77,505
3992,5163,1609,3890,1273,102,438
4504,6711,2335,4082,2629,422,128
2724,3032,836,2720,312,4,528
4116,5357,1677,4006,1351,110,436
4123,5345,1670,4010,1335,113,448
4558,6936,2452,4064,2872,494,74
4460,7862,3178,3012,4850,1448,-224
4540,7655,2958,3478,4177,1062,-157
4431,6202,2053,4192,2010,239,282
4507,7099,2595,3818,3281,689,3
4252,5702,1829,4088,1614,164,379
4383,8019,3370,2558,5461,1825,-266
3928,4978,1525,3856,1122,72,475
4446,7941,3234,2946,4995,1500,-261
4364,5974,1952,4140,1834,224,342
4538,7056,2536,3968,3088,570,18
4442,6258,2086,4172,2086,270,270
3766,4721,1435,3702,1019,64,480
4513,7449,2828,3586,3863,927,-108
4467,7794,3106,3164,4630,1303,-221
3805,4679,1400,3758,921,47,526
4374,5989,1956,4154,1835,220,341
4315,8178,3608,1924,6254,2391,-255
4568,7178,2613,3904,3274,664,3
4569,7343,2728,3774,3569,795,-46
1975,2143,578,1974,169,1,410
4460,6682,2336,4020,2662,440,114
4266,5829,1900,4058,1771,208,337
4365,6079,2009,4122,1957,243,295
4173,5420,1694,4064,1356,109,447
3882,4884,1492,3800,1084,82,490
4534,6457,2163,4262,2195,272,240
3359,4029,1183,3326,703,33,513
4330,8108,3495,2236,5872,2094,-283
4361,5947,1927,4186,1761,175,341
2642,2986,834,2636,350,6,490
2703,3053,852,2698,355,5,502
4436,6276,2092,4184,2092,252,252
4416,6427,2193,4082,2345,334,182
4441,7738,3072,3188,4550,1253,-225
4061,5350,1691,3936,1414,125,402
3407,4070,1190,3380,690,27,527
3403,4110,1213,3368,742,35,506
2246,2473,677,2238,235,8,450
4537,6879,2415,4098,2781,439,73
3979,5017,1533,3902,1115,77,495
4013,5267,1658,3902,1365,111,404
4262,5759,1855,4098,1661,164,358
3730,4584,1370,3688,896,42,516
4505,7556,2904,3496,4060,1009,-147
4553,7219,2649,3842,3377,711,-17
4326,6043,1999,4090,1953,236,282
3723,4549,1355,3678,871,45,529
4239,8297,3941,830,7467,3409,-117
4495,7697,2993,3422,4275,1073,-209
4477,6948,2498,3904,3044,573,27
4387,6104,2012,4160,1944,227,295
1187,1233,320,1186,47,1,274
2399,2651,727,2394,257,5,475
4367,8067,3437,2386,5681,1981,-263
4499,7150,2616,3836,3314,663,-35
2767,3106,862,2764,342,3,523
3701,4549,1364,3642,907,59,516
4542,7393,2774,3690,3703,852,-77
4332,5724,1817,4180,1544,152,425
4507,6663,2298,4134,2529,373,142
634,649,166,634,15,0,151
4106,5249,1618,4026,1223,80,475
4554,7456,2796,3728,3728,826,-106
2512,2788,767,2508,280,4,491
4369,8020,3388,2488,5532,1881,-263
4077,5303,1659,3970,1333,107,433
4316,5848,1889,4140,1708,176,357
4342,8132,3507,2236,5896,2106,-283
4243,8288,3899,980,7308,3263,-146
1873,1994,529,1872,122,1,408
3671,4441,1315,3622,819,49,545
4250,5744,1853,4076,1668,174,359
4533,6688,2300,4176,2512,357,145
4570,7192,2619,3908,3284,662,-3
4517,6943,2477,3978,2965,539,51
4313,8146,3588,1940,6206,2373,-245
2459,2710,741,2456,254,3,490
4011,5182,1609,3928,1254,83,438
614,631,162,614,17,0,145
4377,6301,2138,4050,2251,327,214
3901,4869,1476,3834,1035,67,508
2289,2498,677,2288,210,1,468
4552,7029,2509,4022,3007,530,32
4506,6533,2218,4194,2339,312,191
4332,8089,3486,2234,5855,2098,-271
3332,3895,1119,3314,581,18,556
4272,8246,3748,1500,6746,2772,-226
4503,7429,2809,3622,3807,881,-117
4521,6778,2374,4060,2718,461,117
4405,7967,3288,2782,5185,1623,-274
4535,6731,2340,4102,2629,433,144
4225,5720,1850,4040,1680,185,355
3763,4591,1366,3718,873,45,538
4429,7905,3228,2898,5007,1531,-248
928,964,250,928,36,0,214
1076,1114,288,1076,38,0,250
2928,3346,943,2920,426,8,525
4377,8122,3484,2308,5814,2069,-261
4514,7509,2864,3562,3947,952,-131
4199,5525,1749,4054,1471,145,423
4235,8308,3966,752,7556,3483,-107
4121,5476,1740,3992,1484,129,385
170,171,43,170,1,0,42
3335,3924,1132,3320,604,15,543
4533,7324,2712,3800,3524,733,-79
4289,8188,3632,1848,6340,2441,-267
4391,7964,3282,2800,5164,1591,-291
4412,6328,2141,4092,2236,320,225
4306,6005,1990,4050,1955,256,291
3831,4740,1423,3788,952,43,514
3761,4705,1426,3706,999,55,482
4413,7881,3228,2850,5031,1563,-240
4393,7970,3315,2680,5290,1713,-262
4480,6643,2301,4082,2561,398,138
1377,1454,383,1376,78,1,306
4466,6513,2224,4130,2383,336,177
2812,3142,870,2804,338,8,540
4094,5328,1672,3968,1360,126,438
4535,6546,2215,4232,2314,303,204
3711,4527,1346,3670,857,41,530
4539,7612,2924,3528,4084,1011,-149
4534,6870,2423,4048,2822,486,87
4238,5760,1863,4068,1692,170,341
3411,4001,1152,3394,607,17,562
4569,7040,2521,3996,3044,573,50
4328,5875,1906,4126,1749,202,359
4359,8058,3416,2452,5606,1907,-283
4451,6385,2151,4166,2219,285,217
3860,4844,1472,3800,1044,60,488
2261,2493,682,2258,235,3,450
4364,8091,3455,2362,5729,2002,-272
4045,5193,1609,3950,1243,95,461
3905,4927,1505,3834,1093,71,483
3313,3936,1146,3288,648,25,523
3912,4905,1488,3858,1047,54,495
3311,3929,1141,3294,635,17,523
3347,3943,1141,3322,621,25,545
3577,4336,1283,3540,796,37,524
1687,1803,480,1686,117,1,364
4472,7813,3118,3154,4659,1318,-223
4364,8047,3404,2478,5569,1886,-279
4545,7455,2802,3702,3753,843,-108
4407,6022,1964,4188,1834,219,349
4530,7248,2672,3808,3440,722,-46
4100,5308,1656,3992,1316,108,448
4351,8096,3473,2300,5796,2051,-272
2859,3237,906,2850,387,9,528
4449,7753,3099,3110,4643,1339,-205
4122,5446,1727,3984,1462,138,403
4449,6335,2136,4126,2209,323,250
4319,8159,3573,2026,6133,2293,-267
4376,8044,3402,2480,5564,1896,-266
4354,6035,1988,4118,1917,236,307
4558,7124,2566,3984,3140,574,0
4267,8254,3760,1468,6786,2799,-227
4409,7931,3266,2798,5133,1611,-256
2819,3190,892,2812,378,7,521
4552,7322,2718,3772,3550,780,-52
4225,8318,4067,368,7950,3857,-26
4522,6803,2396,4022,2781,500,115
4314,5883,1905,4146,1737,168,336
4514,6906,2461,3968,2938,546,69
4106,5270,1636,3996,1274,110,472
4577,7156,2603,3900,3256,677,24
4554,7667,2968,3462,4205,1092,-145
4349,8145,3516,2226,5919,2123,-280
3926,4957,1515,3854,1103,72,484
3399,4030,1169,3384,646,15,538
4263,5907,1945,4034,1873,229,301
2234,2427,656,2230,197,4,463
4270,8228,3715,1596,6632,2674,-243
4568,7294,2680,3868,3426,700,-46
4455,6431,2187,4114,2317,341,211
4400,6127,2026,4150,1977,250,299
4408,7918,3239,2880,5038,1528,-271
4516,7018,2541,3872,3146,644,39
4308,5792,1858,4152,1640,156,374
3956,4953,1500,3906,1047,50,503
4412,7933,3265,2806,5127,1606,-256
4214,5628,1799,4060,1568,154,385
2985,3411,963,2970,441,15,537
4253,5838,1902,4068,1770,185,317
4187,5627,1806,4030,1597,157,366
4294,8213,3674,1730,6483,2564,-245
4542,7445,2800,3690,3755,852,-103
2411,2676,737,2404,272,7,472
3020,3522,1011,3000,522,20,509
4321,8142,3532,2156,5986,2165,-289
3603,4302,1258,3572,730,31,559
4422,7937,3252,2866,5071,1556,-263
4484,7548,2908,3464,4084,1020,-156
4499,7114,2591,3864,3250,635,-24
4499,6530,2226,4156,2374,343,195
4190,5461,1714,4066,1395,124,443
4358,6037,1983,4142,1895,216,304
4563,7075,2531,4026,3049,537,19
4572,7236,2644,3896,3340,676,-20
4160,5427,1702,4046,1381,114,435
4225,8316,4046,448,7868,3777,-45
4335,6057,2007,4086,1971,249,285
4415,6134,2027,4160,1974,255,308
4221,5535,1743,4098,1437,123,429
4207,5700,1839,4044,1656,163,346
4206,5594,1785,4048,1546,158,397
4542,7168,2607,3908,3260,634,-19
4515,7711,3024,3326,4385,1189,-172
4489,6462,2186,4180,2282,309,213
2036,2180,581,2036,144,0,437
2429,2715,751,2426,289,3,465
4244,8289,3872,1090,7199,3154,-173
4163,5448,1713,4044,1404,119,428
2429,2659,723,2426,233,3,493
4474,7722,3049,3248,4474,1226,-199
4423,6389,2171,4094,2295,329,205
4518,6877,2443,3982,2895,536,84
