Points,Edges,Area,Perimeter,Contact_perimeter,TETRAPIXEL,Euler_General_4_Async
18001,28181,10189,15606,12575,2395,9
13918,16771,4944,13766,3005,152,2091
18099,27734,9869,15992,11742,2107,234
17964,28197,10226,15490,12707,2474,-7
17910,27883,10037,15618,12265,2292,64
10999,12429,3474,10962,1467,37,2044
17778,30271,11759,13506,16765,4272,-734
17294,31844,13428,9976,21868,7318,-1122
17818,26012,8910,16384,9628,1434,716
17068,23187,7510,16334,6853,734,1391
16710,22016,6952,16224,5792,486,1646
15481,19314,5860,15188,4126,293,2027
17951,29590,11188,14428,15162,3523,-451
11868,13635,3863,11818,1817,50,2096
16348,21213,6620,15946,5267,402,1755
10084,11227,3097,10066,1161,18,1954
13936,16657,4875,13814,2843,122,2154
18063,28267,10217,15666,12601,2397,13
17629,24997,8365,16534,8463,1095,997
17838,30366,11810,13492,16874,4346,-718
17496,24853,8316,16442,8411,1054,959
13110,15410,4450,13020,2390,90,2150
16344,21184,6614,15912,5272,432,1774
17496,24621,8198,16450,8171,1046,1073
12207,14045,3984,12154,1891,53,2146
4755,4955,1289,4754,201,1,1089
17924,27161,9567,16054,11107,1870,330
14669,17905,5325,14510,3395,159,2089
17069,23470,7668,16268,7202,801,1267
14981,18581,5601,14758,3823,223,2001
17729,30666,12098,12940,17726,4789,-839
7117,7625,2034,7114,511,3,1526
16850,32692,14866,5920,26772,10930,-976
16813,32764,15074,5232,27532,11581,-877
17837,30323,11762,13598,16725,4239,-724
15974,20508,6350,15616,4892,358,1816
8369,9052,2435,8364,688,5,1752
17816,26291,9075,16282,10009,1534,600
18024,28343,10303,15474,12869,2550,-16
16457,21445,6718,16018,5427,439,1730
7467,8021,2145,7462,559,5,1591
17977,29630,11218,14388,15242,3589,-435
17270,23766,7757,16504,7262,766,1261
1760,1776,448,1760,16,0,432
16764,22479,7198,16166,6313,598,1483
9670,10677,2926,9650,1027,20,1919
18000,28330,10291,15496,12834,2504,-39
18061,28516,10392,15464,13052,2597,-63
6771,7198,1907,6768,430,3,1480
17221,23541,7665,16422,7119,799,1345
16668,32978,15895,2376,30602,14292,-415
17508,31211,12710,11582,19629,5926,-993
5542,5813,1521,5542,271,0,1250
11820,13642,3880,11764,1878,56,2058
15586,19731,6050,15262,4469,324,1905
18050,28453,10344,15530,12923,2520,-59
17905,27224,9621,15964,11260,1941,302
12555,14579,4169,12482,2097,73,2145
13117,15581,4538,13010,2571,107,2074
17983,28297,10289,15438,12859,2545,-25
17961,29330,10993,14688,14642,3273,-376
17607,31043,12497,12098,18945,5509,-939
16692,32957,15720,3034,29923,13658,-545
1910,1949,497,1910,39,0,458
17797,30422,11862,13396,17026,4401,-763
17494,24491,8114,16526,7965,968,1117
17378,24227,7996,16470,7757,908,1147
17516,31244,12745,11508,19736,6008,-983
16824,32759,15032,5390,27369,11434,-903
14899,18311,5482,14694,3617,205,2070
17098,32336,14110,8232,24104,8866,-1128
18002,26768,9291,16372,10396,1630,525
18024,28132,10165,15604,12528,2420,57
17929,30131,11580,13942,16189,3987,-622
17911,28605,10536,15066,13539,2845,-158
2970,3047,781,2970,77,0,704
16880,32620,14779,6124,26496,10756,-961
15920,20150,6162,15652,4498,268,1932
16216,20920,6509,15804,5116,412,1805
16665,32972,15840,2584,30388,14081,-467
6436,6801,1792,6434,367,2,1427
15664,19945,6143,15318,4627,346,1862
18111,28657,10480,15394,13263,2717,-66
17457,24708,8258,16384,8324,1073,1007
7768,8373,2246,7762,611,6,1641
15612,19834,6087,15320,4514,292,1865
18061,27750,9893,15928,11822,2133,204
16954,32641,14637,6734,25907,10220,-1050
17950,28904,10704,14992,13912,2958,-250
17781,30403,11865,13346,17057,4435,-757
2736,2790,711,2736,54,0,657
9914,11005,3030,9890,1115,24,1939
14460,17521,5181,14318,3203,142,2120
16324,21067,6556,15910,5157,414,1813
16812,32819,15118,5166,27653,11646,-889
5049,5266,1371,5048,218,1,1154
14939,18506,5570,14732,3774,207,2003
17913,26442,9124,16388,10054,1525,595
17879,30396,11819,13516,16880,4363,-698
16622,21957,6960,16074,5883,548,1625
18088,28580,10429,15444,13136,2644,-63
17575,31131,12565,12002,19129,5573,-991
15342,19220,5842,15072,4148,270,1964
17759,30895,12248,12798,18097,4961,-888
17835,27105,9594,15834,11271,2001,324
17935,29882,11398,14172,15710,3763,-549
18040,27447,9721,16010,11437,2030,314
16835,22483,7185,16226,6257,609,1537
17918,27112,9554,16008,11104,1910,360
17986,27917,10017,15766,12151,2220,86
13846,16646,4896,13708,2938,138,2096
15339,19225,5843,15078,4147,261,1957
14512,17763,5296,14342,3421,170,2045
16134,20729,6427,15750,4979,384,1832
17831,26738,9335,16136,10602,1695,428
17936,28228,10248,15464,12764,2472,-44
17334,31672,13196,10560,21112,6774,-1142
16848,32748,14958,5664,27084,11184,-942
6688,7141,1899,6686,455,2,1446
12784,15063,4358,12694,2369,90,2079
13295,15671,4533,13210,2461,85,2157
17793,30475,11921,13266,17209,4527,-761
8366,9052,2437,8356,696,10,1751
16713,32924,15557,3620,29304,13093,-654
17007,32494,14415,7328,25166,9679,-1072
17861,26193,8993,16414,9779,1447,661
4464,4646,1207,4464,182,0,1025
17078,32344,14122,8200,24144,8878,-1144
17990,27648,9880,15776,11872,2214,222
17962,27895,10022,15702,12193,2260,89
136,136,34,136,0,0,34
18015,27269,9610,16098,11171,1917,356
4608,4797,1247,4606,191,2,1058
3904,4022,1035,3904,118,0,917
16662,32993,16000,1986,31007,14676,-331
17796,29957,11527,13806,16151,3990,-634
16837,32748,14935,5756,26992,11081,-976
15210,18962,5741,14960,4002,250,1989
13615,16206,4722,13524,2682,91,2131
17933,27714,9920,15748,11966,2185,139
17886,26169,8970,16458,9711,1428,687
4199,4364,1133,4196,168,3,968
14832,18253,5466,14642,3611,190,2045
15848,20289,6272,15490,4799,358,1831
17133,23563,7698,16334,7229,799,1268
3550,3649,937,3550,99,0,838
16992,32491,14439,7226,25265,9766,-1060
17901,29068,10839,14780,14288,3121,-328
17693,25343,8539,16530,8813,1163,889
13525,16136,4716,13408,2728,117,2105
11507,13168,3720,11456,1712,51,2059
17936,27440,9724,15984,11456,1952,220
17508,24545,8145,16510,8035,998,1108
13049,15362,4445,12944,2418,105,2132
13310,15782,4593,13192,2590,118,2121
10194,11421,3167,10174,1247,20,1940
16581,21972,6975,16044,5928,537,1584
17718,25424,8588,16496,8928,1222,882
17636,24837,8263,16622,8215,1014,1062
17638,31077,12509,12118,18959,5520,-930
15107,18720,5635,14900,3820,207,2022
17744,25499,8620,16518,8981,1226,865
17403,24559,8175,16418,8141,985,1019
8826,9651,2621,8818,833,8,1796
17879,30368,11789,13580,16788,4299,-700
3838,3969,1025,3838,131,0,894
17761,25860,8828,16408,9452,1353,729
18079,28540,10394,15504,13036,2575,-67
17950,26125,8929,16534,9591,1416,754
17977,29404,11029,14692,14712,3285,-398
17866,30171,11668,13670,16501,4196,-637
9920,11025,3037,9902,1123,18,1932
17622,31153,12523,12214,18939,5408,-1008
15951,20669,6449,15542,5127,409,1731
18139,27881,9942,15994,11887,2145,200
7788,8369,2239,7782,587,6,1658
16796,32777,15092,5186,27591,11610,-889
16856,22543,7216,16222,6321,634,1529
17932,26944,9441,16124,10820,1808,429
12441,14388,4097,12388,2000,53,2150
17869,25935,8839,16514,9421,1355,773
17318,24389,8121,16294,8095,1024,1050
16468,21655,6833,15978,5677,490,1646
10319,11497,3172,10306,1191,13,1994
4632,4794,1239,4632,162,0,1077
17923,29047,10831,14770,14277,3153,-293
15235,19026,5761,15008,4018,227,1970
17917,29664,11254,14312,15352,3605,-493
14579,17777,5291,14390,3387,189,2093
18065,27545,9775,15990,11555,2075,295
16206,21156,6625,15812,5344,394,1675
9817,10894,2998,9796,1098,21,1921
15822,20127,6189,15498,4629,324,1884
17139,23231,7493,16490,6741,649,1401
17878,26308,9054,16400,9908,1478,624
17493,31284,12726,11664,19620,5829,-1065
15388,19172,5806,15120,4052,268,2022
17494,24600,8179,16484,8116,1010,1073
17012,22878,7345,16376,6502,636,1479
17998,27628,9835,15916,11712,2082,205
12250,14082,3993,12192,1890,58,2161
17823,30563,11946,13342,17221,4481,-794
164,164,41,164,0,0,41
17315,31935,13499,9874,22061,7441,-1121
9424,10373,2834,9410,963,14,1885
2446,2487,632,2446,41,0,591
13990,16810,4943,13848,2962,142,2123
6372,6758,1787,6368,390,4,1401
12705,14858,4272,12628,2230,77,2119
2518,2571,656,2518,53,0,603
17960,28883,10669,15090,13793,2870,-254
15196,18993,5755,14966,4027,230,1958
17086,23246,7544,16316,6930,770,1384
16187,20853,6474,15810,5043,377,1808
17499,31553,12966,11242,20311,6257,-1088
17197,23717,7778,16322,7395,875,1258
12864,15093,4352,12778,2315,86,2123
17838,26268,9057,16308,9960,1530,627
16219,20919,6504,15822,5097,397,1804
17731,25664,8721,16444,9220,1287,788
17054,23018,7405,16416,6602,638,1441
15796,19996,6126,15488,4508,308,1926
17662,25509,8656,16394,9115,1268,809
11794,13503,3812,11758,1745,36,2103
17850,26742,9354,16068,10674,1782,462
16649,22135,7049,16074,6061,575,1563
17791,25232,8444,16688,8544,1103,1003
13854,16739,4944,13702,3037,152,2059
17062,23217,7525,16334,6883,728,1370
17684,25365,8585,16390,8975,1294,904
17579,30983,12457,12138,18845,5441,-947
17899,25652,8646,16720,8932,1179,893
17255,23537,7638,16522,7015,733,1356
17513,24146,7908,16660,7486,853,1275
3906,4023,1035,3906,117,0,918
16776,32802,15209,4768,28034,12008,-817
17642,30982,12427,12256,18726,5386,-913
17950,29128,10859,14820,14308,3130,-319
17944,29057,10825,14814,14243,3130,-288
15302,19161,5825,15022,4139,280,1966
17617,25190,8464,16524,8666,1093,891
17866,26486,9176,16268,10218,1598,556
6101,6424,1687,6100,324,1,1364
16536,21964,6988,15976,5988,560,1560
15799,19876,6058,15520,4356,279,1981
17554,24674,8204,16532,8142,1022,1084
17867,30153,11609,13870,16283,3997,-677
15934,20314,6253,15616,4698,318,1873
10392,11634,3225,10368,1266,24,1983
14792,18031,5363,14610,3421,182,2124
17845,29619,11274,14142,15477,3703,-500
17219,32174,13784,9212,22962,8007,-1171
17179,32184,13864,8912,23272,8267,-1141
6364,6741,1780,6362,379,2,1403
17540,31157,12659,11678,19479,5862,-958
16641,21952,6942,16136,5816,505,1631
16342,21421,6739,15886,5535,456,1660
14981,18360,5479,14804,3556,177,2100
16917,32641,14696,6498,26143,10419,-1028
17899,26637,9233,16342,10295,1557,495
17916,26820,9368,16168,10652,1748,464
17912,29737,11324,14178,15559,3734,-501
16874,32657,14780,6194,26463,10680,-1003
17925,26760,9315,16260,10500,1665,480
15980,20422,6305,15624,4798,356,1863
11956,13685,3867,11902,1783,54,2138
17994,29561,11123,14630,14931,3364,-444
16876,22756,7323,16220,6536,656,1443
10376,11548,3186,10352,1196,24,2014
17659,25202,8479,16488,8714,1171,936
8756,9566,2598,8740,826,16,1788
16823,22351,7110,16262,6089,561,1582
15106,18697,5628,14882,3815,224,2037
8344,9044,2439,8332,712,12,1739
17227,32134,13794,9092,23042,8135,-1113
16953,22720,7272,16352,6368,601,1505
17408,24386,8078,16460,7926,948,1100
10596,11881,3297,10574,1307,22,2012
17964,27310,9669,15944,11366,2020,323
16195,21184,6659,15732,5452,463,1670
13253,15587,4504,13158,2429,95,2170
18008,28776,10583,15220,13556,2788,-185
17858,29795,11408,13958,15837,3900,-529
17205,32100,13795,9020,23080,8185,-1100
15810,20181,6223,15470,4711,340,1852
16755,22131,7015,16202,5929,553,1639
16843,32699,14916,5734,26965,11109,-940
16644,33016,16272,944,32072,15700,-100
16322,21244,6647,15900,5344,422,1725
4553,4754,1239,4552,202,1,1038
16849,22583,7235,16226,6357,623,1501
15948,20529,6377,15550,4979,398,1796
15875,20332,6285,15524,4808,351,1828
16101,20710,6419,15744,4966,357,1810
16571,21755,6867,16042,5713,529,1683
17177,23412,7609,16388,7024,789,1374
17735,25384,8540,16608,8776,1127,891
18070,29083,10758,15134,13949,2936,-255
17923,26750,9310,16260,10490,1663,483
14491,17685,5262,14322,3363,169,2068
18075,28750,10556,15276,13474,2799,-119
17768,25751,8757,16474,9277,1294,774
17982,28603,10520,15126,13477,2856,-101
17999,28349,10324,15402,12947,2597,-26
16642,33023,16305,826,32197,15816,-76
17879,26490,9167,16312,10178,1567,556
3918,4059,1050,3918,141,0,909
13295,15667,4530,13214,2453,81,2158
16932,32584,14591,6804,25780,10128,-1061
17894,29211,10919,14746,14465,3148,-398
18038,28662,10502,15316,13346,2722,-122
15038,18573,5580,14826,3747,212,2045
13627,16181,4710,13522,2659,105,2156
16385,21581,6820,15882,5699,503,1624
16152,20877,6500,15754,5123,398,1775
1222,1229,309,1222,7,0,302
10062,11208,3094,10040,1168,22,1948
15313,19210,5848,15028,4182,285,1951
13048,15340,4424,12984,2356,64,2132
17950,26774,9336,16204,10570,1746,512
792,796,200,792,4,0,196
16990,32578,14511,7112,25466,9878,-1077
18075,28796,10569,15316,13480,2759,-152
12941,15284,4429,12852,2432,89,2086
10813,12211,3410,10782,1429,31,2012
16401,21404,6721,15924,5480,477,1718
18064,27298,9603,16184,11114,1880,369
17959,27262,9610,16084,11178,1875,307
11242,12863,3631,11202,1661,40,2010
17994,28439,10381,15354,13085,2640,-64
17128,23457,7634,16378,7079,750,1305
12331,14269,4067,12270,1999,61,2129
17672,30892,12301,12580,18312,5092,-919
14770,18233,5478,14554,3679,216,2015
15709,19917,6099,15438,4479,271,1891
17956,27108,9525,16116,10992,1840,373
17506,24182,7923,16672,7510,834,1247
16287,21231,6654,15846,5385,441,1710
2644,2688,683,2644,44,0,639
17044,23191,7509,16346,6845,698,1362
12645,14703,4204,12590,2113,55,2146
15380,19278,5863,15104,4174,276,1965
17557,31123,12573,11954,19169,5603,-993
17501,24406,8069,16536,7870,965,1164
7936,8556,2296,7928,628,8,1676
16641,33022,16364,588,32434,16053,-17
16968,22449,7120,16418,6031,550,1639
17652,30977,12402,12346,18631,5306,-923
12885,15112,4351,12820,2292,65,2124
11280,12792,3583,11252,1540,28,2071
17885,26594,9238,16236,10358,1649,529
17396,24133,7940,16506,7627,890,1203
15998,20413,6295,15646,4767,352,1880
18062,28512,10400,15424,13088,2638,-50
16874,22403,7118,16334,6069,540,1589
17908,25711,8677,16714,8997,1194,874
2466,2511,639,2466,45,0,594
15573,19672,6029,15228,4444,345,1930
16644,33016,16176,1328,31688,15316,-196
17410,24255,8010,16470,7785,940,1165
17731,26440,9200,16080,10360,1651,491
13030,15398,4461,12952,2446,78,2093
17950,26201,8972,16514,9687,1436,721
14592,17955,5378,14398,3557,194,2015
14399,17397,5135,14254,3143,145,2137
6268,6610,1738,6268,342,0,1396
16642,33018,16265,976,32042,15666,-111
14458,17617,5234,14298,3319,160,2075
16733,22251,7083,16170,6081,563,1565
14595,17843,5317,14418,3425,177,2069
18042,28963,10686,15182,13781,2860,-235
17417,31669,13187,10590,21079,6827,-1065
17479,31353,12822,11418,19935,6061,-1052
16856,32714,14888,5876,26838,10980,-970
15272,19016,5751,15028,3988,244,2007
16661,22168,7056,16112,6056,549,1549
17854,26364,9092,16360,10004,1494,582
17461,24406,8073,16520,7886,941,1128
17148,23242,7510,16444,6798,704,1416
9107,10032,2743,9092,940,15,1818
13872,16562,4842,13756,2806,116,2152
17744,25061,8378,16610,8451,1134,1061
18044,28358,10284,15580,12778,2464,-30
17496,24159,7911,16674,7485,822,1248
18049,27909,10009,15782,12127,2267,149
11945,13750,3901,11896,1854,49,2096
14070,17018,5027,13928,3090,142,2079
12859,15059,4337,12770,2289,89,2137
9969,11021,3023,9950,1071,19,1971
6937,7402,1967,6936,466,1,1502
5707,6002,1575,5704,298,3,1280
13595,16307,4788,13462,2845,133,2076
17520,24340,8015,16620,7720,900,1195
15894,20286,6239,15616,4670,278,1847
12733,14794,4229,12672,2122,61,2168
16672,32984,15896,2384,30600,14288,-416
16377,21564,6810,15888,5676,489,1623
18085,28400,10270,15720,12680,2365,-45
13965,16696,4892,13824,2872,141,2161
16365,21401,6723,15910,5491,455,1687
16923,22782,7320,16284,6498,639,1461
17957,27052,9509,16068,10984,1889,414
17562,31014,12453,12216,18798,5346,-999
14467,17613,5231,14302,3311,165,2085
17800,30721,12078,13130,17591,4670,-843
17060,23100,7466,16336,6764,724,1426
17892,26905,9450,16010,10895,1882,437
2218,2261,576,2218,43,0,533
17887,26928,9452,16048,10880,1839,411
2565,2612,665,2564,48,1,618
11393,12974,3650,11348,1626,45,2069
16761,32859,15340,4358,28501,12403,-758
14862,18054,5356,14684,3370,178,2164
12343,14293,4073,12294,1999,49,2123
17536,24655,8209,16474,8181,1062,1090
17697,30724,12182,12720,18004,4977,-845
16988,22912,7380,16304,6608,684,1456
17605,31415,12818,11558,19857,6047,-992
13516,16060,4678,13408,2652,108,2134
17862,26276,9040,16392,9884,1470,626
18067,29406,11000,14812,14594,3255,-339
17633,24782,8238,16612,8170,1021,1089
17110,32340,14083,8348,23992,8762,-1147
18055,29012,10710,15184,13828,2871,-247
16723,32911,15508,3790,29121,12933,-680
16876,32601,14721,6318,26283,10558,-1004
16653,32986,15985,2032,30954,14621,-348
17882,26426,9135,16312,10114,1570,591
10150,11286,3110,10132,1154,18,1974
17921,29907,11409,14178,15729,3743,-577
16324,21378,6726,15852,5526,472,1672
17915,26904,9414,16152,10752,1763,425
17738,25283,8509,16530,8753,1208,964
17967,26924,9416,16184,10740,1783,459
17758,30345,11853,13278,17067,4480,-734
4612,4822,1258,4612,210,0,1048
16642,33021,16309,806,32215,15836,-70
17832,30443,11881,13362,17081,4470,-730
16987,32519,14468,7166,25353,9821,-1064
17947,28980,10769,14884,14096,3063,-264
15615,19595,5962,15342,4253,273,1982
17596,31193,12630,11866,19327,5730,-967
18006,26885,9372,16282,10603,1724,493
12870,15010,4304,12804,2206,66,2164
17606,24998,8380,16476,8522,1130,988
16649,32998,16041,1832,31166,14817,-308
15816,19946,6090,15532,4414,284,1960
17360,24065,7895,16550,7515,810,1190
17330,23953,7872,16418,7535,912,1249
17073,32398,14241,7832,24566,9241,-1084
18090,28760,10561,15276,13484,2814,-109
16584,21900,6933,16068,5832,516,1617
17993,28624,10492,15280,13344,2713,-139
17654,25554,8691,16344,9210,1310,791
4680,4850,1255,4680,170,0,1085
17004,32496,14407,7364,25132,9640,-1085
15342,19238,5847,15088,4150,254,1951
14371,17526,5207,14224,3302,147,2052
17649,25059,8411,16474,8585,1175,1001
17973,29214,10915,14768,14446,3205,-326
16871,22575,7225,16250,6325,621,1521
16683,22115,7020,16150,5965,533,1588
14665,18047,5409,14458,3589,207,2027
17031,22758,7275,16416,6342,615,1548
12422,14347,4078,12382,1965,40,2153
13325,15639,4505,13258,2381,67,2191
9282,10134,2750,9268,866,14,1898
3034,3089,786,3034,55,0,731
16501,21466,6719,16056,5410,445,1754
16827,22671,7299,16146,6525,681,1455
13284,15683,4542,13198,2485,86,2143
16702,32912,15572,3536,29376,13166,-638
16943,22845,7349,16294,6551,649,1447
16750,22215,7053,16218,5997,532,1588
17218,23552,7665,16444,7108,774,1331
17745,25680,8733,16428,9252,1317,798
16688,32933,15670,3186,29747,13502,-575
17538,31247,12692,11726,19521,5812,-1017
4576,4764,1238,4576,188,0,1050
17129,32227,13958,8622,23605,8507,-1140
17368,24063,7910,16486,7577,882,1215
17203,23309,7537,16470,6839,733,1431
17618,24857,8278,16602,8255,1016,1039
14125,16960,4980,14000,2960,125,2145
17360,24116,7947,16444,7672,916,1191
17893,26248,9019,16420,9828,1473,664
17118,32379,14138,8206,24173,8912,-1123
16743,22220,7063,16188,6032,555,1586
16615,21991,6980,16062,5929,553,1604
16714,32912,15560,3584,29328,13130,-638
17447,24456,8107,16484,7972,963,1098
17517,25049,8430,16378,8671,1139,898
17961,29468,11064,14680,14788,3281,-443
17315,31912,13469,9948,21964,7367,-1128
17336,24035,7913,16418,7617,918,1214
9399,10374,2841,9384,990,15,1866
16681,32968,15833,2604,30364,14077,-454
18136,27818,9908,16004,11814,2132,226
16916,32644,14752,6280,26364,10636,-976
17543,25095,8451,16386,8709,1157,899
16641,33021,16284,906,32115,15735,-96
17989,27141,9549,16086,11055,1903,397
17135,23668,7766,16272,7396,863,1233
17824,26235,9044,16294,9941,1530,633
16433,21510,6768,15948,5562,485,1691
17951,29395,11068,14518,14877,3433,-376
15134,19019,5800,14838,4181,296,1915
17452,31592,13060,10944,20648,6508,-1080
14222,17180,5074,14064,3116,158,2116
17679,25388,8577,16468,8920,1211,868
17768,25793,8793,16414,9379,1354,768
17395,23959,7845,16538,7421,857,1281
17791,25662,8695,16544,9118,1247,824
11117,12620,3540,11080,1540,37,2037
15461,19443,5928,15174,4269,287,1946
17920,29374,11052,14540,14834,3380,-402
8073,8735,2351,8066,669,7,1689
17958,29550,11144,14524,15026,3434,-448
17349,23948,7851,16492,7456,857,1252
17946,29567,11185,14394,15173,3552,-436
16743,32892,15446,4000,28892,12743,-703
18090,29138,10797,15088,14050,3002,-251
17858,26217,9007,16406,9811,1452,648
18022,27544,9772,16000,11544,2022,250
10740,12102,3372,10716,1386,24,2010
8820,9635,2616,8806,829,14,1801
1766,1797,457,1766,31,0,426
14107,16936,4975,13972,2964,135,2146
16782,32796,15153,4980,27816,11802,-861
17893,30185,11645,13790,16395,4103,-647
17684,24642,8144,16708,7934,976,1186
16628,21930,6943,16088,5842,540,1641
15278,19092,5792,15016,4076,262,1978
13454,15871,4595,13362,2509,92,2178
2130,2165,550,2130,35,0,515
16641,33024,16362,600,32424,16041,-21
17413,31788,13268,10504,21284,6909,-1107
17948,27046,9496,16108,10938,1840,398
13167,15533,4498,13074,2459,93,2132
17964,29845,11347,14302,15543,3662,-534
17670,30905,12326,12506,18399,5164,-909
1452,1460,367,1452,8,0,359
15119,18668,5606,14912,3756,207,2057
17993,29020,10760,15000,14020,2993,-267
9469,10421,2846,9458,963,11,1894
18060,26982,9408,16332,10650,1728,486
15885,20366,6302,15524,4842,361,1821
17726,30781,12221,12678,18103,5048,-834
17932,26738,9302,16268,10470,1664,496
11428,13032,3671,11380,1652,48,2067
17774,25368,8544,16560,8808,1214,950
9358,10345,2836,9346,999,12,1849
13450,15868,4598,13344,2524,106,2180
17103,32389,14139,8222,24167,8881,-1147
17795,25963,8881,16402,9561,1393,713
17174,23453,7630,16386,7067,788,1351
17994,26593,9167,16518,10075,1476,568
17112,32335,14085,8330,24005,8782,-1138
17389,31523,13031,10922,20601,6467,-1103
17103,32369,14180,8018,24351,9085,-1086
16661,32978,15894,2380,30598,14281,-423
2344,2396,612,2344,52,0,560
17274,31965,13579,9614,22351,7660,-1112
17417,31692,13200,10584,21108,6833,-1075
16757,22342,7129,16168,6174,589,1544
18016,29588,11148,14584,15004,3432,-424
17523,24565,8145,16550,8015,973,1103
16535,21810,6904,16004,5806,531,1629
17606,31126,12560,12012,19114,5594,-960
17941,27769,9946,15754,12015,2187,118
17562,31289,12724,11682,19607,5880,-1003
17596,31177,12616,11890,19287,5706,-965
18096,27911,9983,15890,12021,2206,168
16907,22685,7261,16326,6359,581,1483
5227,5511,1449,5226,285,1,1165
7902,8508,2279,7900,608,2,1673
16723,32915,15541,3666,29249,13057,-651
17787,30260,11800,13320,16940,4467,-673
17899,27484,9777,15860,11624,2039,192
16312,21028,6536,15912,5116,400,1820
16761,22275,7090,16190,6085,571,1576
17436,31485,12984,11034,20451,6402,-1065
12707,14859,4273,12626,2233,81,2121
17162,23484,7629,16452,7032,710,1307
12389,14444,4147,12300,2144,89,2092
4192,4344,1124,4192,152,0,972
17550,31332,12757,11636,19696,5914,-1025
18080,28522,10400,15444,13078,2636,-42
12305,14233,4055,12246,1987,59,2127
15110,18831,5697,14874,3957,236,1976
16455,21454,6725,16008,5446,447,1726
13466,16002,4662,13356,2646,110,2126
16004,20486,6329,15656,4830,348,1847
17839,30179,11653,13746,16433,4093,-687
11213,12763,3588,11174,1589,39,2038
17359,23821,7763,16590,7231,769,1301
17713,25709,8764,16362,9347,1351,768
17030,32406,14274,7716,24690,9314,-1102
16781,32834,15243,4696,28138,12085,-810
17084,32159,13895,8738,23421,8346,-1180
17505,24420,8069,16564,7856,941,1154
15871,20353,6302,15498,4855,373,1820
17373,31746,13254,10476,21270,6897,-1119
17504,31321,12761,11598,19723,5906,-1056
3050,3127,801,3050,77,0,724
17096,22993,7391,16422,6571,674,1494
17086,23152,7480,16384,6768,702,1414
17355,24426,8132,16324,8102,1031,1061
17808,30530,11924,13364,17166,4444,-798
17870,29735,11307,14242,15493,3628,-558
17054,22860,7316,16456,6404,598,1510
18015,29361,10972,14834,14527,3181,-374
16755,22118,7001,16232,5886,523,1638
16506,21585,6777,16062,5523,444,1698
17984,29710,11246,14436,15274,3548,-480
13204,15526,4481,13128,2398,76,2159
17275,23708,7748,16424,7284,851,1315
17449,24538,8162,16428,8110,1021,1073
15969,20464,6331,15604,4860,365,1836
18099,29041,10718,15210,13831,2889,-224
16081,20609,6369,15742,4867,339,1841
642,645,162,642,3,0,159
17723,30877,12241,12790,18087,4933,-913
17187,23508,7660,16376,7132,811,1339
13924,16677,4888,13802,2875,122,2135
1856,1886,479,1856,30,0,449
15792,20310,6305,15400,4910,392,1787
18005,28173,10199,15550,12623,2455,31
8250,8933,2405,8246,687,4,1722
17976,29594,11198,14396,15198,3580,-420
15836,20086,6164,15516,4570,320,1914
17985,26840,9364,16224,10616,1761,509
15693,19950,6129,15384,4566,309,1872
17829,26890,9431,16056,10834,1773,370
16759,22243,7063,16234,6009,525,1579
14660,18209,5500,14418,3791,242,1951
11974,13633,3833,11934,1699,40,2174
17169,23322,7558,16412,6910,757,1405
6559,6975,1848,6558,417,1,1432
16614,21663,6802,16118,5545,496,1753
17665,24998,8361,16552,8446,1113,1028
16872,22706,7297,16224,6482,648,1463
14640,18057,5412,14466,3591,174,1995
17846,26457,9162,16266,10191,1580,551
17678,25235,8484,16534,8701,1144,927
17944,30035,11509,14034,16001,3910,-582
16695,32934,15635,3328,29606,13367,-604
14261,17377,5167,14086,3291,175,2051
14793,18143,5424,14590,3553,203,2074
18056,28302,10248,15612,12690,2444,2
17764,30395,11850,13390,17005,4374,-781
17544,31049,12536,11954,19095,5590,-969
16142,20851,6487,15754,5097,388,1778
17024,32448,14331,7572,24876,9452,-1093
18026,26865,9349,16334,10531,1692,510
12987,15210,4379,12904,2306,83,2156
13780,16507,4844,13638,2869,142,2117
17815,26157,9005,16294,9863,1521,663
17106,32359,14179,8002,24357,9104,-1074
9410,10363,2832,9398,965,12,1879
17940,27827,9990,15694,12133,2246,103
17762,30491,11970,13102,17389,4660,-759
14834,18237,5462,14626,3611,208,2059
4571,4767,1241,4570,197,1,1045
16508,21697,6845,16014,5683,494,1656
17245,23345,7538,16538,6807,707,1438
16492,21826,6916,15988,5838,504,1582
17530,31372,12813,11492,19880,6038,-1029
17941,29372,11043,14572,14800,3369,-388
6959,7410,1966,6956,454,3,1515
16103,20704,6422,15720,4984,383,1821
17902,28726,10631,14928,13798,2974,-193
17894,30059,11528,14006,16053,3888,-637
18031,29108,10827,14908,14200,3123,-250
17569,24619,8176,16534,8085,1035,1126
16531,21774,6875,16048,5726,483,1632
17904,26498,9167,16328,10170,1576,573
4949,5148,1337,4948,200,1,1138
17939,28588,10470,15296,13292,2643,-179
16850,22272,7053,16332,5940,518,1631
16654,32993,15998,1994,30999,14660,-341
17722,30749,12191,12734,18015,4988,-836
14551,17841,5332,14354,3487,197,2042
17996,27069,9471,16254,10815,1742,398
16346,21171,6607,15914,5257,432,1782
17543,31146,12638,11740,19406,5803,-965
17908,28068,10183,15404,12664,2504,23
13822,16459,4805,13698,2761,124,2168
16837,22805,7372,16122,6683,715,1404
2590,2633,669,2590,43,0,626
17943,26656,9248,16320,10336,1623,535
17340,31938,13461,10032,21906,7308,-1137
16461,21823,6925,15946,5877,515,1563
16604,21857,6905,16094,5763,510,1652
15642,19710,6019,15344,4366,298,1951
5425,5689,1489,5422,267,3,1225
12397,14372,4103,12332,2040,65,2128
17498,31539,12982,11150,20389,6348,-1059
16642,33020,16314,784,32236,15858,-64
18077,28378,10284,15620,12758,2457,-17
18023,27770,9915,15880,11890,2143,168
16665,32978,15901,2352,30626,14313,-412
17925,29357,11022,14626,14731,3299,-410
15857,20383,6318,15494,4889,363,1792
17019,32452,14273,7812,24640,9207,-1160
17075,23327,7581,16330,6997,745,1329
17916,29746,11303,14280,15466,3636,-527
13232,15608,4519,13140,2468,92,2143
7847,8471,2276,7838,633,9,1652
17981,28824,10624,15152,13672,2829,-219
16960,22848,7361,16252,6596,708,1473
16833,32721,14961,5598,27123,11235,-927
17434,31714,13198,10636,21078,6798,-1082
18022,27232,9571,16180,11052,1842,361
15634,19997,6179,15278,4719,356,1816
17802,25741,8744,16506,9235,1296,805
16735,22313,7119,16150,6163,585,1541
2661,2712,691,2660,52,1,640
14527,17842,5338,14332,3510,195,2023
10610,11905,3305,10590,1315,20,2010
4956,5184,1353,4956,228,0,1125
17820,30381,11853,13350,17031,4470,-708
7453,8005,2141,7446,559,7,1589
17142,32286,14050,8372,23914,8770,-1094
17054,23247,7541,16330,6917,724,1348
17342,31800,13327,10292,21508,7050,-1131
17628,31038,12465,12216,18822,5412,-945
5345,5595,1462,5342,253,3,1212
17562,31290,12703,11768,19522,5794,-1025
16916,22447,7132,16366,6081,550,1601
17463,31602,13061,10960,20642,6503,-1078
15884,20369,6300,15538,4831,346,1815
17084,32299,14048,8406,23893,8678,-1167
17509,31443,12923,11194,20249,6315,-1011
14775,18316,5525,14532,3784,243,1984
16663,32993,15962,2138,30855,14525,-368
16269,21078,6576,15852,5226,417,1767
11712,13424,3795,11668,1756,44,2083
16875,22753,7320,16226,6527,649,1442
6030,6375,1680,6030,345,0,1335
11308,12823,3593,11274,1549,34,2078
17193,23859,7850,16318,7541,875,1184
17941,27505,9786,15866,11639,2075,222
17879,26143,8978,16374,9769,1505,714
17291,24009,7914,16362,7647,929,1196
9972,11071,3047,9954,1117,18,1948
16948,23007,7437,16266,6741,682,1378
17348,24363,8095,16346,8017,1002,1080
18013,27662,9848,15932,11730,2081,199
17642,25166,8470,16452,8714,1190,946
11968,13737,3888,11922,1815,46,2119
15969,20557,6373,15622,4935,347,1785
16679,32962,15825,2624,30338,14055,-458
9611,10549,2875,9598,951,13,1937
17413,24094,7911,16544,7550,869,1230
15584,19686,6016,15308,4378,276,1914
17961,27607,9837,15866,11741,2095,191
2934,3015,774,2934,81,0,693
6794,7257,1932,6786,471,8,1469
15334,19330,5896,15076,4254,258,1900
17583,31025,12475,12150,18875,5433,-967
14379,17448,5167,14228,3220,151,2098
16469,21574,6790,15988,5586,481,1685
16326,21121,6583,15910,5211,416,1788
17765,25537,8633,16542,8995,1223,861
16689,32948,15687,3148,29800,13541,-572
17570,25056,8423,16420,8636,1150,937
3919,4051,1046,3918,133,1,914
17090,32250,14036,8356,23894,8734,-1124
17310,31859,13382,10190,21669,7120,-1167
18007,29477,11059,14718,14759,3289,-411
15624,19548,5934,15360,4188,264,2010
13310,15693,4546,13202,2491,108,2163
13231,15606,4519,13136,2470,95,2144
17946,27364,9713,15876,11488,2070,295
15900,20093,6151,15582,4511,318,1958
15350,19165,5806,15106,4059,244,1991
16528,21732,6861,16020,5712,508,1657
16868,32628,14762,6208,26420,10660,-998
17448,24312,8015,16564,7748,884,1151
17809,29907,11453,14002,15905,3807,-645
14555,17791,5303,14370,3421,185,2067
18003,28436,10370,15392,13044,2611,-63
16643,33019,16239,1082,31937,15561,-137
18039,28930,10672,15172,13758,2867,-219
17220,23393,7564,16530,6863,690,1391
18112,28001,10036,15858,12143,2254,147
18072,28384,10303,15556,12828,2516,-9
10515,11750,3253,10488,1262,27,2018
17987,27062,9491,16160,10902,1827,416
12983,15197,4369,12918,2279,65,2155
17843,25916,8830,16512,9404,1331,757
5990,6315,1660,5990,325,0,1335
17986,29986,11455,14152,15834,3834,-545
16680,32957,15746,2930,30027,13750,-531
17928,29036,10805,14852,14184,3076,-303
17934,26415,9108,16398,10017,1536,627
18052,27903,9987,15858,12045,2194,136
17407,31590,13052,10972,20618,6435,-1131
16661,32993,15883,2454,30539,14207,-449
13108,15350,4419,13024,2326,84,2177
17597,25012,8372,16536,8476,1061,957
15508,19516,5951,15228,4288,280,1943
17897,26198,8994,16420,9778,1477,693
15763,20055,6169,15434,4621,329,1877
7914,8525,2286,7906,619,8,1675
17565,31103,12524,12110,18993,5455,-1014
17811,25474,8581,16624,8850,1187,918
16660,33004,16033,1876,31128,14784,-311
15907,20346,6279,15576,4770,331,1840
17703,25025,8361,16606,8419,1097,1039
17738,30605,12027,13102,17503,4636,-840
11627,13262,3735,11584,1678,43,2100
17515,31270,12742,11572,19698,5943,-1013
17845,29743,11346,14102,15641,3743,-552
17126,23103,7429,16490,6613,636,1452
16014,20590,6380,15660,4930,354,1804
18107,28185,10135,15830,12355,2277,57
16663,32979,15911,2314,30665,14349,-405
17739,25328,8518,16584,8744,1155,929
10851,12315,3454,10814,1501,37,1990
2802,2863,731,2802,61,0,670
17450,24388,8071,16492,7896,958,1133
13939,16804,4954,13792,3012,147,2089
16723,22383,7159,16130,6253,593,1499
17970,29904,11364,14352,15552,3618,-570
17980,28751,10586,15158,13593,2822,-185
17551,25210,8517,16352,8858,1199,858
17988,28239,10243,15506,12733,2482,-8
15447,19403,5915,15146,4257,301,1959
17911,30084,11561,13924,16160,3987,-612
18011,26684,9255,16348,10336,1663,582
17497,25062,8448,16332,8730,1165,883
17645,24989,8344,16602,8387,1043,1000
18063,27809,9936,15874,11935,2189,190
17839,29869,11470,13858,16011,3981,-560
2340,2380,605,2340,40,0,565
17735,30855,12211,12866,17989,4869,-909
17995,29195,10865,14930,14265,3065,-335
12241,14197,4054,12178,2019,63,2098
17336,31802,13373,10112,21690,7224,-1093
16767,32840,15263,4628,28212,12139,-810
16801,32818,15095,5256,27562,11545,-922
17149,32248,13956,8672,23576,8477,-1143
17996,28013,10101,15622,12391,2374,84
17383,24035,7893,16498,7537,885,1241
17541,24493,8106,16562,7931,979,1154
16146,20749,6425,15798,4951,348,1822
6403,6791,1795,6402,389,1,1407
6894,7336,1945,6892,444,2,1503
16675,32953,15793,2734,30219,13941,-485
17649,25411,8601,16418,8993,1231,839
18026,28701,10534,15266,13435,2760,-141
17923,26612,9233,16292,10320,1631,544
1842,1869,474,1842,27,0,447
17755,25842,8819,16408,9434,1347,732
17514,24361,8036,16578,7783,936,1189
17722,25517,8643,16462,9055,1260,848
13660,16255,4740,13550,2705,110,2145
3404,3514,906,3404,110,0,796
16661,32986,15955,2152,30834,14509,-370
15839,20313,6285,15486,4827,353,1811
18083,28429,10320,15578,12851,2505,-26
16890,22495,7170,16310,6185,580,1565
16844,32702,14909,5768,26934,11076,-949
16798,32773,15086,5202,27571,11596,-889
18031,29605,11182,14482,15123,3549,-392
15994,20544,6370,15608,4936,386,1820
16423,21412,6705,16004,5408,419,1716
15611,19538,5924,15380,4158,231,1997
16772,32838,15295,4496,28342,12276,-771
17315,24293,8050,16386,7907,929,1072
15106,18802,5679,14888,3914,218,1983
17979,28596,10482,15264,13332,2715,-135
17759,30651,12065,13042,17609,4717,-827
16219,21014,6555,15808,5206,411,1760
17788,26427,9160,16214,10213,1574,521
13870,16590,4856,13756,2834,114,2136
16496,21609,6795,16038,5571,458,1682
16938,32559,14560,6878,25681,10060,-1061
17962,27581,9808,15930,11651,2032,189
16718,32921,15578,3530,29391,13188,-625
17430,24178,7953,16544,7634,886,1205
17941,26769,9329,16222,10547,1719,501
17732,30601,12034,13066,17535,4666,-835
17433,31671,13143,10770,20901,6663,-1095
17916,29384,11050,14568,14816,3348,-418
18102,27800,9919,15924,11876,2178,221
15818,20067,6154,15518,4549,300,1905
17723,30762,12170,12844,17918,4879,-869
17046,23113,7460,16386,6727,660,1393
17863,26377,9108,16322,10055,1541,594
18003,28516,10437,15284,13232,2719,-76
11695,13368,3771,11652,1716,43,2098
16641,33024,16338,696,32328,15945,-45
17060,32320,14135,8100,24220,8960,-1125
13949,16693,4889,13830,2863,119,2145
3544,3650,939,3544,106,0,833
16735,32882,15413,4112,28770,12623,-734
17964,28359,10317,15450,12909,2514,-78
16794,32770,15108,5108,27662,11686,-868
3288,3366,861,3288,78,0,783
3646,3761,969,3646,115,0,854
11130,12668,3561,11092,1576,38,2023
17899,27232,9631,15940,11292,1959,298
15200,18789,5651,14974,3815,226,2062
17365,24047,7893,16522,7525,843,1211
17837,30279,11708,13726,16553,4111,-734
16748,22142,7020,16204,5938,544,1626
14600,17834,5312,14420,3414,180,2078
2722,2781,710,2722,59,0,651
17790,26517,9221,16150,10367,1640,494
16197,20916,6510,15792,5124,405,1791
17850,25509,8597,16630,8879,1220,938
18050,27258,9570,16236,11022,1814,362
18125,28170,10129,15824,12346,2301,84
17262,23387,7554,16558,6829,704,1429
16972,32456,14393,7340,25116,9632,-1091
16746,22374,7151,16144,6230,602,1523
17408,24411,8091,16458,7953,950,1088
16185,20945,6526,15786,5159,399,1766
17676,24672,8161,16700,7972,976,1165
17937,29407,11032,14686,14721,3251,-438
16743,32861,15427,4014,28847,12729,-691
17946,27362,9675,16024,11338,1922,259
16438,21414,6702,16020,5394,418,1726
16010,20541,6357,15654,4887,356,1826
17950,29252,10964,14648,14604,3302,-338
16204,20733,6403,15854,4879,350,1874
13693,16327,4772,13566,2761,127,2138
17354,31822,13329,10328,21494,7026,-1139
17902,29281,10973,14670,14611,3232,-406
14954,18515,5573,14738,3777,216,2012
17452,24822,8330,16324,8498,1128,960
17391,24219,7988,16486,7733,905,1160
16791,22387,7156,16150,6237,641,1560
17759,25626,8694,16476,9150,1283,827
2638,2691,686,2638,53,0,633
16143,20769,6436,15794,4975,349,1810
18023,28999,10730,15078,13921,2945,-246
11164,12676,3556,11128,1548,36,2044
17654,25671,8748,16350,9321,1304,731
15655,19661,5986,15378,4283,277,1980
17901,29834,11382,14140,15694,3761,-551
17732,25237,8475,16574,8663,1158,970
17612,31069,12522,12050,19019,5562,-935
17251,32015,13632,9502,22513,7749,-1132
16909,22748,7309,16260,6488,649,1470
12772,14980,4317,12692,2288,80,2109
17260,32067,13679,9418,22649,7842,-1128
1702,1725,437,1702,23,0,414
10291,11382,3122,10276,1106,15,2031
17579,24620,8157,16612,8008,967,1116
16667,32969,15854,2522,30447,14145,-448
15547,19526,5942,15284,4242,263,1963
17332,31943,13469,10010,21933,7322,-1142
17859,26215,9003,16418,9797,1441,647
17699,30631,12095,12882,17749,4817,-837
17611,25404,8614,16352,9052,1259,821
17649,31044,12461,12244,18800,5405,-934
9414,10389,2844,9402,987,12,1869
17249,23760,7777,16412,7348,837,1266
16497,21773,6899,15950,5823,547,1623
17857,25683,8710,16526,9157,1331,884
17515,31408,12875,11316,20092,6199,-1018
16746,22439,7186,16134,6305,612,1493
17057,23254,7552,16300,6954,757,1355
18029,27480,9731,16036,11444,1993,280
17414,31588,13111,10732,20856,6682,-1063
18062,27225,9540,16290,10935,1772,377
140,140,35,140,0,0,35
17446,24564,8175,16428,8136,1018,1057
17975,26998,9453,16184,10814,1791,430
17907,26292,9042,16416,9876,1491,657
15966,20372,6287,15596,4776,370,1881
17968,26632,9224,16368,10264,1600,560
14179,17174,5082,14020,3154,159,2087
16678,32963,15805,2706,30257,13972,-480
13599,16383,4822,13478,2905,121,2038
14973,18369,5488,14786,3583,187,2092
17595,25209,8490,16458,8751,1137,876
17942,26431,9101,16458,9973,1484,612
9444,10446,2866,9428,1018,16,1864
12465,14500,4151,12396,2104,69,2116
16732,22024,6961,16204,5820,528,1669
3628,3730,958,3628,102,0,856
17780,30553,11960,13266,17287,4514,-813
16643,33022,16309,808,32214,15835,-70
17823,30252,11712,13656,16596,4167,-717
16980,22960,7398,16328,6632,652,1418
17981,29050,10804,14884,14166,3097,-265
16796,22258,7064,16260,5998,536,1602
17755,25372,8541,16580,8792,1175,924
17864,26723,9321,16162,10561,1702,462
17383,24356,8080,16392,7964,991,1107
17919,29611,11213,14370,15241,3549,-479
9347,10274,2803,9336,938,11,1876
18070,27753,9894,15930,11823,2140,211
16023,20576,6377,15644,4932,379,1824
17426,31565,13019,11054,20511,6372,-1120
