Points,Edges,Area,Perimeter,Contact_perimeter,TETRAPIXEL,Euler_General_8_Async
13507,16086,4694,13396,2690,111,765
17913,26280,9045,16380,9900,1533,-1340
8259,8996,2436,8248,748,11,1174
18038,28962,10714,15068,13894,2970,-1894
17370,24063,7906,16502,7561,868,-800
17356,31783,13291,10402,21381,6954,-1881
11145,12570,3508,11108,1462,37,1135
17081,23261,7548,16330,6931,751,-628
16711,22123,7021,16162,5961,549,-336
17429,31672,13178,10632,21040,6797,-1903
17442,24465,8115,16470,7995,972,-869
16863,22638,7257,16248,6390,615,-464
17594,25214,8504,16412,8802,1182,-1088
17946,29542,11140,14524,15018,3422,-1978
17334,31725,13251,10446,21279,6888,-1876
15602,19554,5948,15316,4238,286,246
12813,15094,4362,12740,2354,73,882
9451,10344,2813,9436,908,15,1204
10037,11145,3068,10018,1127,19,1201
17355,31738,13245,10496,21242,6859,-1901
17644,25521,8694,16266,9255,1378,-1091
17163,23422,7608,16412,7010,751,-672
16818,32814,15162,4980,27834,11838,-1017
17652,25351,8561,16458,8893,1194,-1112
16223,21197,6653,15782,5415,441,-129
15320,19229,5857,15030,4199,290,293
16646,33001,16134,1466,31535,15180,-226
15422,19336,5885,15132,4204,290,265
10063,11172,3074,10048,1124,15,1244
17135,32086,13788,9020,23066,8115,-1678
17246,23568,7664,16480,7088,766,-724
9448,10414,2849,9432,982,16,1262
17534,24876,8325,16452,8424,1082,-968
17063,32371,14223,7850,24521,9213,-1530
16775,22404,7157,16180,6224,595,-378
11508,13093,3682,11458,1635,50,1098
15754,19852,6067,15436,4416,318,200
17598,31181,12631,11838,19343,5760,-1990
17334,31827,13353,10242,21585,7092,-1869
15699,19910,6110,15380,4530,319,107
16602,21961,6964,16066,5895,536,-301
13968,16782,4941,13800,2982,168,672
16920,32559,14588,6766,25793,10154,-1339
17894,27174,9580,16028,11146,1866,-1544
17826,30037,11578,13762,16275,4064,-1993
14392,17444,5161,14244,3200,148,572
17364,24085,7928,16458,7627,906,-772
16505,21365,6655,16110,5255,395,-188
17905,26903,9415,16146,10757,1759,-1447
18090,28779,10559,15322,13457,2768,-1860
17865,30115,11598,13838,16277,4027,-2031
17042,23305,7575,16310,6995,732,-597
17883,26424,9131,16324,10100,1559,-1351
15526,19827,6112,15206,4621,320,172
17892,29804,11352,14200,15604,3692,-2000
8885,9720,2642,8872,848,13,1232
13877,16678,4905,13736,2942,141,736
15799,20003,6133,15474,4529,325,129
17979,28899,10679,15082,13817,2897,-1880
17978,28005,10100,15610,12395,2368,-1733
15325,19133,5795,15086,4047,239,361
3967,4097,1057,3966,131,1,826
13254,15665,4546,13146,2519,108,849
17845,26600,9253,16188,10412,1657,-1391
15696,19860,6080,15400,4460,296,142
17291,23888,7836,16432,7456,859,-768
17461,24516,8149,16436,8080,1025,-898
17723,25071,8378,16630,8441,1093,-1066
16981,32512,14438,7272,25240,9709,-1445
16674,32971,15826,2638,30333,14036,-506
17795,26024,8914,16392,9632,1403,-1271
16238,21017,6554,15818,5199,420,-107
17893,28126,10210,15412,12714,2481,-1707
2950,3013,769,2950,63,0,649
18072,29036,10731,15148,13888,2924,-1936
17979,29743,11294,14310,15433,3669,-2011
16654,33004,16045,1828,31176,14826,-318
17798,30691,12088,13030,17661,4768,-2081
11905,13726,3898,11860,1866,45,1036
16023,20458,6304,15700,4758,323,49
11184,12697,3561,11150,1547,34,1102
17135,32300,14000,8600,23700,8535,-1675
17574,31008,12502,12008,19000,5566,-1954
17389,31731,13244,10486,21245,6903,-1878
16906,32641,14752,6274,26367,10632,-1251
17735,30835,12229,12754,18081,4981,-2050
16767,32827,15221,4770,28057,11997,-969
16722,32910,15477,3912,28998,12810,-793
16668,32957,15836,2570,30387,14098,-481
17859,25760,8745,16540,9220,1319,-1206
15420,19224,5824,15152,4072,268,322
18139,28201,10163,15750,12451,2389,-1772
9628,10604,2899,9612,992,16,1257
18009,29095,10797,15002,14093,3007,-1923
2508,2552,649,2508,44,0,554
18100,27691,9834,16046,11645,2054,-1693
13337,15811,4600,13222,2589,115,852
17805,26603,9292,16038,10565,1767,-1347
16914,22617,7226,16330,6287,584,-465
17947,26619,9226,16334,10285,1613,-1423
17641,30539,12055,12858,17681,4783,-1958
17729,30563,12040,12966,17597,4763,-1993
17978,26257,9000,16514,9743,1464,-1353
17823,30243,11703,13674,16569,4149,-2051
18043,26567,9169,16458,10109,1585,-1437
16833,32746,14993,5520,27226,11313,-1120
17306,31787,13321,10290,21497,7016,-1862
17596,31156,12588,11960,19196,5636,-2005
12415,14321,4073,12350,1971,65,985
17954,27640,9846,15896,11744,2058,-1635
17585,31101,12543,12030,19071,5555,-1980
11343,12815,3582,11302,1513,41,1170
16295,21254,6672,15820,5434,475,-170
17880,26338,9081,16352,9986,1528,-1376
17097,32223,14004,8430,23793,8667,-1593
16810,32806,15090,5252,27554,11558,-1077
17302,23461,7588,16570,6891,732,-667
17063,32403,14230,7886,24517,9177,-1544
14418,17415,5142,14262,3153,156,579
17120,32275,13986,8606,23669,8514,-1677
12628,14684,4206,12544,2140,84,948
17536,24723,8243,16474,8249,1062,-918
16824,32693,14928,5674,27019,11150,-1129
17557,31207,12640,11854,19353,5703,-2003
17134,23298,7553,16384,6914,750,-633
17417,24553,8174,16410,8143,1007,-903
17395,31759,13278,10406,21353,6989,-1892
16736,22273,7090,16186,6087,550,-348
16718,32938,15596,3492,29446,13226,-701
7500,8003,2128,7494,509,6,1176
18016,27111,9516,16158,10953,1858,-1509
17386,31564,13080,10808,20756,6578,-1897
17139,23177,7470,16474,6703,665,-597
18087,28232,10195,15684,12548,2403,-1784
17685,31110,12504,12204,18906,5481,-2041
17214,23773,7795,16366,7407,848,-693
16453,21323,6658,16014,5309,439,-156
17533,24082,7867,16696,7386,837,-851
12133,13940,3953,12068,1872,65,1045
17906,29686,11310,14132,15554,3774,-1943
14405,17446,5162,14244,3202,161,570
16779,22382,7139,16208,6174,571,-409
14266,17184,5063,14116,3068,150,603
17672,31161,12515,12262,18899,5410,-2064
17950,27619,9863,15786,11833,2164,-1614
15052,18654,5616,14844,3810,208,375
15860,20253,6255,15486,4767,374,72
14845,18285,5474,14674,3611,171,441
15479,19528,5967,15188,4340,291,214
16395,21361,6688,15970,5391,425,-150
17628,25112,8422,16536,8576,1092,-1034
17491,31310,12749,11624,19686,5867,-1988
8750,9570,2601,8736,834,14,1223
17909,26709,9290,16258,10451,1651,-1439
17656,30901,12312,12554,18347,5102,-2038
17820,30047,11566,13830,16217,3990,-2008
18025,27172,9540,16184,10988,1841,-1564
17583,30813,12290,12466,18347,5117,-2000
17981,27531,9765,16002,11529,1979,-1659
12596,14702,4219,12528,2174,68,972
17910,26835,9377,16162,10673,1748,-1438
16652,33001,16059,1766,31235,14886,-301
18101,28495,10359,15554,12941,2547,-1825
13863,16646,4887,13744,2902,119,694
17652,31106,12510,12172,18934,5480,-2050
17863,26380,9125,16260,10120,1603,-1323
16912,32599,14649,6602,25997,10310,-1313
11626,13345,3776,11586,1759,40,1037
13371,15882,4632,13236,2646,135,819
16847,22758,7338,16164,6594,683,-478
17741,25343,8531,16562,8781,1179,-1129
17271,23854,7810,16468,7386,803,-763
16122,20751,6446,15718,5033,404,15
10538,11776,3260,10512,1264,26,1190
7676,8233,2198,7674,559,2,1202
16782,32821,15165,4982,27839,11800,-1016
15441,19348,5882,15168,4180,273,248
11387,12997,3662,11346,1651,41,1078
17860,25884,8814,16512,9372,1348,-1277
6915,7341,1943,6910,431,5,1147
13203,15559,4504,13102,2457,101,842
10391,11641,3229,10366,1275,25,1196
10782,12115,3369,10754,1361,28,1182
16852,32700,14900,5800,26900,11052,-1164
4145,4270,1099,4144,126,1,843
17984,28857,10667,15046,13811,2938,-1850
17241,23712,7756,16400,7312,841,-792
17973,27753,9925,15806,11947,2167,-1688
16801,32787,15111,5130,27657,11671,-1040
17829,30498,11905,13376,17122,4453,-2069
17916,29707,11247,14426,15281,3490,-2038
17977,29389,11009,14742,14647,3235,-1972
15400,19283,5858,15134,4149,266,246
17568,24554,8128,16596,7958,972,-948
6321,6715,1778,6318,397,3,1094
16306,21053,6557,15878,5175,428,-127
9996,11149,3082,9970,1179,26,1187
17365,31752,13323,10212,21540,7153,-1825
17922,29784,11324,14272,15512,3650,-2000
7836,8470,2277,7832,638,4,1214
17532,24714,8207,16600,8114,932,-956
17908,26816,9365,16172,10644,1736,-1436
17527,25029,8418,16386,8643,1141,-992
11344,12857,3600,11314,1543,30,1108
17984,28945,10716,15026,13919,2958,-1878
8947,9725,2627,8942,783,5,1266
9238,10160,2773,9228,932,10,1240
18040,27428,9693,16084,11344,1956,-1626
16662,32968,15860,2496,30472,14166,-467
1800,1822,461,1800,22,0,416
16968,32557,14500,7114,25443,9854,-1428
17904,27108,9556,15992,11116,1912,-1502
15877,20095,6150,15590,4505,287,78
16625,21687,6805,16154,5533,471,-212
16735,32843,15318,4414,28429,12321,-889
5744,6045,1587,5742,303,2,1057
13927,16801,4953,13790,3011,137,711
17401,31770,13270,10460,21310,6941,-1907
17743,25815,8814,16374,9441,1369,-1249
16336,21312,6682,15896,5416,440,-149
7513,8084,2165,7508,576,5,1162
17509,24609,8179,16502,8107,1007,-920
17164,23265,7510,16490,6775,674,-642
17985,27553,9783,15974,11579,2011,-1639
17768,25900,8861,16356,9544,1412,-1244
17869,29996,11511,13948,16048,3921,-2020
16988,32440,14362,7432,25008,9556,-1445
17549,25003,8389,16450,8553,1099,-1050
17657,25316,8542,16464,8852,1193,-1147
16739,21904,6886,16264,5640,475,-273
16920,22783,7330,16246,6537,674,-497
18055,28669,10493,15366,13303,2689,-1876
17961,27786,9965,15712,12074,2249,-1657
13355,15863,4619,13250,2613,105,845
16995,32533,14462,7218,25315,9777,-1441
15443,19211,5806,15198,4013,245,299
16652,33005,16080,1690,31315,14962,-284
14293,17411,5172,14134,3277,159,598
17894,28750,10640,14940,13810,2954,-1803
17978,26940,9421,16196,10744,1782,-1480
16727,32904,15513,3756,29148,12971,-751
16354,21301,6676,15898,5403,456,-186
17597,31064,12528,12016,19048,5581,-1989
17976,29269,10946,14754,14515,3222,-1918
17877,30106,11576,13908,16198,3969,-2053
16643,22167,7063,16082,6085,561,-391
17863,26254,9029,16392,9862,1471,-1345
17605,31270,12694,11764,19506,5841,-2015
9834,10925,3009,9814,1111,20,1235
17872,29957,11454,14098,15859,3774,-2032
11318,12916,3638,11280,1636,38,1087
12486,14470,4131,12416,2054,70,1016
17260,24076,7953,16340,7736,920,-806
15607,19581,5958,15330,4251,277,173
16733,32898,15470,3916,28982,12817,-789
17215,23833,7833,16334,7499,881,-737
17170,32159,13836,8974,23185,8196,-1709
17960,29516,11131,14508,15008,3452,-2003
14418,17675,5282,14222,3453,196,543
17117,32289,14038,8426,23863,8691,-1631
17988,27679,9858,15926,11753,2062,-1690
17683,25341,8546,16498,8843,1185,-1112
16732,32906,15466,3948,28958,12784,-799
17076,23274,7555,16328,6946,748,-633
18044,27694,9835,16048,11646,1996,-1696
18078,27863,9973,15834,12029,2244,-1674
17483,31424,12901,11244,20180,6239,-1944
17694,30971,12365,12482,18489,5212,-2059
18087,27351,9623,16210,11141,1877,-1614
17759,25668,8706,16512,9156,1247,-1184
16674,32958,15803,2704,30254,13970,-515
17790,26100,8981,16276,9824,1514,-1286
15614,19755,6041,15346,4409,268,179
17996,27530,9773,15968,11562,2028,-1614
15935,20307,6256,15590,4717,345,43
17448,24042,7878,16572,7470,876,-801
17353,24027,7911,16410,7617,943,-755
18029,27153,9524,16210,10943,1819,-1559
16646,33009,16127,1510,31499,15136,-241
17945,27924,10074,15552,12372,2393,-1655
10048,11145,3066,10026,1119,22,1177
17730,30756,12178,12800,17956,4930,-2030
16724,32908,15492,3848,29060,12876,-777
17815,30119,11626,13734,16385,4081,-2014
16797,22334,7106,16244,6090,553,-425
12300,14263,4070,12246,2017,54,995
17212,32068,13717,9268,22800,7944,-1735
18060,28149,10170,15618,12531,2442,-1733
17967,28046,10131,15568,12478,2399,-1712
4415,4605,1199,4414,191,1,855
17950,27243,9620,16006,11237,1944,-1551
16769,22391,7142,16214,6177,555,-432
16878,22877,7392,16186,6691,692,-501
17688,25367,8566,16470,8897,1218,-1100
17043,23244,7545,16308,6936,735,-587
17365,31857,13407,10086,21771,7279,-1841
17682,25094,8396,16604,8490,1078,-1099
10832,12212,3405,10804,1408,28,1131
17831,30184,11677,13660,16524,4171,-2026
16448,21376,6687,16004,5372,444,-179
17438,31574,13078,10836,20738,6602,-1907
13756,16340,4760,13640,2700,116,763
17952,29199,10913,14746,14453,3206,-1916
17780,29635,11281,14146,15489,3634,-1967
15081,18666,5622,14844,3822,237,425
13586,16140,4703,13468,2672,118,755
17458,24245,7988,16538,7707,920,-840
16919,22668,7270,16256,6412,663,-454
16923,32524,14528,6936,25588,9987,-1367
14215,17258,5118,14044,3214,171,593
13884,16623,4867,13778,2845,106,681
17367,31773,13310,10306,21467,7061,-1860
3966,4107,1062,3966,141,0,811
4962,5183,1351,4962,221,0,953
17529,24626,8180,16532,8094,997,-964
17589,31229,12629,11942,19287,5647,-2026
17561,24857,8295,16534,8323,1027,-991
14803,18056,5368,14640,3416,163,503
17667,24930,8310,16620,8310,1047,-1052
17997,28112,10168,15552,12560,2445,-1724
15433,19195,5800,15190,4005,243,279
17780,30337,11815,13414,16923,4366,-2041
17462,24426,8091,16488,7938,974,-880
14512,17539,5179,14362,3177,150,550
17927,28775,10630,15030,13745,2897,-1851
16926,22761,7310,16282,6479,644,-476
17173,32077,13771,9070,23007,8103,-1693
3102,3165,807,3102,63,0,674
17793,26005,8900,16410,9595,1383,-1276
17886,29307,11008,14582,14725,3304,-1924
11045,12510,3502,11012,1498,33,1156
17039,23242,7550,16284,6958,755,-608
6696,7195,1925,6690,505,6,1091
17114,23489,7665,16318,7171,796,-639
17357,24409,8125,16318,8091,1039,-865
17593,24744,8229,16572,8172,1021,-976
18135,28747,10499,15498,13249,2637,-1908
17006,32484,14411,7324,25160,9682,-1442
16577,21594,6764,16132,5462,445,-241
15917,20448,6330,15576,4872,341,24
15785,19997,6129,15478,4519,307,106
16417,21388,6704,15960,5428,457,-223
18032,27881,9983,15830,12051,2202,-1695
17993,29163,10874,14830,14333,3163,-1903
17000,32486,14395,7392,25094,9608,-1459
17995,26889,9382,16250,10639,1745,-1430
12295,14218,4053,12224,1994,71,1012
17519,31491,12909,11346,20145,6173,-1988
10619,11891,3298,10590,1301,29,1169
17133,32347,14099,8298,24049,8835,-1620
17383,24428,8119,16380,8048,1003,-870
16691,32938,15668,3204,29734,13487,-629
11417,12940,3625,11380,1560,37,1145
17897,28853,10695,14926,13927,2971,-1826
16641,33022,16335,704,32318,15937,-46
17956,27036,9488,16120,10916,1836,-1534
1402,1421,360,1402,19,0,330
16996,22930,7398,16268,6662,728,-544
16814,32729,15031,5334,27395,11480,-1066
17136,32125,13830,8930,23195,8206,-1682
17954,29877,11402,14146,15731,3808,-2021
17881,29765,11344,14154,15611,3727,-1986
17329,31882,13416,10100,21782,7229,-1854
17968,28300,10309,15364,12936,2604,-1730
13958,16726,4908,13820,2906,138,648
16657,32995,15979,2074,30921,14583,-375
17941,30164,11612,13880,16284,4061,-2072
18003,27829,9958,15826,12003,2177,-1697
17743,30300,11771,13516,16784,4227,-2048
17969,27391,9699,15986,11405,1983,-1594
18153,27979,10002,15950,12029,2203,-1790
17926,26938,9443,16104,10834,1822,-1462
17778,25603,8673,16514,9089,1264,-1169
10968,12430,3481,10936,1494,32,1160
510,511,128,510,1,0,125
17216,23505,7633,16478,7027,738,-667
6974,7443,1980,6966,477,8,1121
17883,29040,10846,14696,14344,3187,-1840
17444,31696,13182,10664,21032,6780,-1915
17968,29069,10800,14938,14131,3030,-1912
17651,31036,12475,12172,18864,5479,-2010
17972,26826,9352,16244,10582,1728,-1482
17894,30177,11640,13794,16383,4100,-2074
17463,31712,13149,10828,20884,6635,-1960
17887,27245,9638,15938,11307,1949,-1524
15118,18723,5640,14886,3837,232,408
14070,16943,4991,13922,3021,148,632
17918,30046,11497,14104,15942,3814,-2069
16731,22272,7095,16164,6108,567,-381
14627,17881,5327,14454,3427,173,543
17685,30884,12300,12568,18316,5117,-2030
11448,13002,3647,11416,1586,32,1133
17260,31927,13552,9646,22281,7614,-1761
18027,28542,10419,15408,13134,2619,-1812
16232,21037,6573,15782,5255,450,-125
10119,11289,3120,10098,1191,21,1183
17984,27583,9822,15878,11705,2106,-1635
15852,20165,6204,15514,4651,338,98
6350,6736,1781,6348,388,2,1075
2224,2254,571,2224,30,0,505
17621,30974,12423,12256,18718,5365,-2016
12217,14085,4005,12150,1935,67,1052
16718,22017,6958,16202,5815,516,-345
16925,22751,7307,16274,6477,651,-490
17819,26006,8880,16492,9514,1327,-1257
16496,21588,6786,16032,5556,464,-244
15115,18785,5670,14890,3895,225,365
18087,28603,10444,15430,13173,2657,-1849
17947,27949,10077,15590,12359,2357,-1676
17571,24695,8207,16562,8133,1009,-955
17136,23401,7604,16386,7015,750,-636
18039,28504,10381,15484,13020,2555,-1841
13166,15604,4538,13056,2548,110,816
17639,31250,12609,12064,19186,5575,-2061
17434,24197,7959,16558,7639,876,-879
17998,29276,10946,14768,14508,3230,-1914
17748,26132,8993,16292,9840,1456,-1312
16703,22005,6971,16126,5879,577,-280
16458,21415,6697,16042,5373,416,-191
17973,26541,9158,16450,10091,1523,-1443
14319,17290,5102,14172,3118,147,615
15859,20154,6195,15528,4626,331,96
17049,22899,7355,16378,6521,671,-585
17102,23220,7516,16376,6844,726,-605
17682,30931,12323,12570,18361,5112,-2066
11084,12580,3530,11040,1540,44,1133
15751,19949,6110,15458,4491,293,146
17195,23496,7636,16448,7048,747,-698
17691,25403,8584,16470,8933,1221,-1136
17317,23932,7840,16504,7428,813,-779
17759,30406,11867,13344,17062,4415,-2029
17164,32178,13884,8820,23358,8344,-1678
14772,18155,5433,14578,3577,194,502
13927,16775,4939,13794,2981,133,688
14045,16934,4990,13908,3026,137,650
17944,28736,10594,15096,13640,2848,-1821
17829,26718,9341,16072,10646,1757,-1408
16887,22770,7326,16236,6534,651,-462
11947,13782,3921,11880,1902,67,1096
11836,13618,3863,11784,1834,52,1053
8232,8889,2389,8222,667,10,1193
17379,31627,13150,10654,20973,6725,-1888
17311,31871,13425,10042,21829,7269,-1834
17073,32448,14248,7904,24544,9169,-1570
17926,26153,8945,16526,9627,1400,-1307
17744,30380,11847,13372,17008,4372,-2015
3038,3115,798,3038,77,0,644
13864,16698,4918,13724,2974,140,688
12964,15121,4336,12898,2223,66,942
17826,26771,9365,16082,10689,1744,-1404
17913,26207,9000,16414,9793,1499,-1324
2568,2630,673,2568,62,0,561
17947,29950,11405,14280,15670,3667,-2069
17941,28208,10234,15480,12728,2461,-1745
17431,24532,8164,16408,8124,1023,-895
17406,24060,7877,16612,7448,794,-797
18074,27775,9920,15870,11905,2204,-1683
16226,20940,6513,15828,5112,398,-60
11204,12690,3553,11168,1522,36,1159
17912,28583,10500,15166,13417,2746,-1819
12630,14656,4191,12548,2108,82,1016
17959,27649,9856,15874,11775,2085,-1666
16808,32753,15040,5346,27407,11462,-1078
18035,27948,10048,15704,12244,2331,-1730
17476,24168,7925,16636,7532,840,-821
16687,22218,7081,16112,6106,575,-345
18076,27646,9811,16048,11598,2028,-1693
18011,28569,10446,15354,13215,2657,-1831
17886,26968,9450,16136,10832,1750,-1527
16678,32948,15726,2992,29956,13686,-584
17934,29571,11166,14478,15093,3456,-2004
17666,25874,8869,16272,9602,1394,-1225
17849,30018,11546,13852,16166,3997,-2011
14680,17925,5344,14474,3451,206,528
17627,25251,8526,16398,8853,1229,-1078
9538,10511,2875,9522,989,16,1213
14004,16814,4941,13864,2950,140,681
16866,22728,7311,16212,6516,654,-456
17479,31516,12949,11236,20280,6243,-1985
8183,8832,2372,8176,656,7,1193
17369,31778,13306,10332,21446,7037,-1863
15821,20194,6224,15492,4702,329,45
13762,16474,4828,13636,2838,126,725
17511,24523,8141,16482,8041,1029,-910
11212,12735,3576,11166,1569,46,1166
17564,24539,8119,16602,7937,962,-929
1090,1097,276,1090,7,0,259
17620,25159,8474,16422,8737,1198,-1080
17798,26357,9141,16150,10207,1648,-1333
17486,24825,8334,16314,8511,1172,-942
16796,32778,15127,5048,27730,11748,-1016
18120,28243,10200,15686,12557,2434,-1777
17622,24836,8280,16552,8284,1070,-1018
17043,32477,14327,7646,24831,9397,-1520
17883,27409,9751,15814,11595,2069,-1623
17829,30371,11807,13514,16857,4315,-2050
17321,31699,13230,10478,21221,6843,-1868
17954,27028,9480,16136,10892,1818,-1527
13238,15641,4536,13138,2503,100,847
16423,21499,6768,15926,5573,497,-227
16941,22904,7392,16240,6664,701,-481
8877,9746,2657,8864,882,13,1196
17567,31068,12494,12160,18908,5407,-2020
10991,12420,3470,10960,1460,31,1130
16643,21909,6922,16130,5779,513,-298
17921,29107,10849,14818,14289,3103,-1887
17912,28989,10770,14898,14091,3014,-1880
16819,32744,15017,5420,27324,11399,-1094
17048,32447,14262,7846,24601,9202,-1558
17765,30535,11967,13202,17333,4563,-2058
17421,31464,13001,10924,20540,6497,-1880
17264,31928,13535,9716,22212,7548,-1791
6696,7109,1881,6694,415,2,1165
8126,8740,2341,8116,624,10,1235
17028,32528,14372,7568,24960,9460,-1520
17985,28625,10486,15306,13319,2679,-1825
12742,14974,4327,12640,2334,102,936
12016,13705,3862,11962,1743,54,1070
14825,18188,5437,14628,3560,197,511
17900,29164,10923,14636,14528,3264,-1876
15228,18900,5707,14972,3928,256,316
17858,26452,9160,16264,10188,1594,-1352
2132,2176,555,2132,44,0,474
17967,27307,9639,16058,11249,1909,-1590
17875,26708,9304,16200,10508,1675,-1432
9638,10616,2902,9624,992,14,1240
16763,22076,6969,16276,5800,487,-314
14300,17411,5171,14138,3273,162,604
16836,32698,14930,5676,27022,11160,-1134
17556,24305,7988,16658,7647,898,-882
17882,26742,9317,16216,10526,1666,-1444
17879,27382,9719,15888,11494,1991,-1559
17932,28360,10354,15304,13056,2628,-1756
16597,21865,6915,16070,5795,527,-285
15945,20442,6321,15600,4842,345,33
14698,17954,5346,14524,3430,174,518
17943,29476,11094,14576,14900,3367,-1977
3606,3727,962,3606,121,0,744
17313,23600,7663,16548,7052,765,-663
17648,25203,8486,16462,8741,1186,-1102
17805,25523,8621,16562,8961,1243,-1169
13269,15593,4502,13178,2415,91,873
17998,28877,10684,15018,13859,2980,-1840
15186,18944,5733,14956,3988,230,284
17581,30977,12420,12274,18703,5307,-2000
16934,22620,7231,16316,6304,618,-458
16908,22883,7389,16210,6673,698,-519
17783,25400,8543,16628,8772,1155,-1128
17729,30713,12121,12942,17771,4787,-2065
17697,30773,12250,12546,18227,5151,-2007
18067,28435,10318,15598,12837,2469,-1830
13880,16646,4880,13772,2874,108,668
16390,21825,6944,15874,5951,516,-294
16688,32945,15713,3038,29907,13650,-591
18013,28792,10585,15244,13548,2769,-1878
15926,20312,6252,15616,4696,310,41
18018,27731,9925,15762,11969,2256,-1609
12175,13875,3905,12130,1745,45,1120
17954,29158,10866,14852,14306,3102,-1908
17147,23377,7581,16430,6947,717,-640
17701,25622,8708,16412,9210,1289,-1180
9088,10025,2744,9074,951,14,1184
17184,23667,7741,16370,7297,814,-684
17812,26509,9231,16094,10415,1718,-1402
16709,32913,15546,3642,29271,13067,-728
17882,29587,11213,14322,15265,3560,-1970
16998,23089,7472,16290,6799,708,-591
17019,22909,7365,16358,6551,661,-527
17862,29596,11222,14304,15292,3558,-1939
16026,20562,6369,15648,4914,378,11
17657,25174,8457,16520,8654,1137,-1078
9860,10908,2994,9840,1068,20,1212
17879,25909,8827,16510,9399,1369,-1260
16543,21742,6859,16048,5694,495,-232
16761,22775,7379,16034,6741,727,-449
17158,23266,7508,16500,6766,658,-632
5680,5975,1568,5678,297,2,1031
17703,25634,8706,16444,9190,1259,-1182
16237,21117,6609,15798,5319,439,-82
17928,29523,11141,14482,15041,3446,-1961
13267,15839,4631,13154,2685,113,833
15785,20024,6149,15452,4572,333,98
17972,27213,9596,16042,11171,1930,-1550
16702,32921,15555,3622,29299,13080,-726
10557,11852,3292,10536,1316,21,1132
9495,10471,2865,9482,989,13,1207
17927,26178,8972,16468,9710,1459,-1278
17725,30932,12326,12560,18372,5165,-2033
16874,32678,14808,6124,26554,10750,-1233
15129,18662,5599,14928,3734,201,404
17216,23378,7565,16496,6882,720,-665
16865,32688,14876,5872,26816,10993,-1179
17954,29092,10820,14904,14188,3050,-1924
17929,29588,11207,14348,15240,3581,-1942
15626,19707,6018,15342,4365,284,174
13293,15763,4585,13186,2577,107,859
15106,18526,5538,14900,3626,206,445
17932,29908,11427,14108,15800,3824,-2030
12694,14800,4243,12628,2172,66,945
13534,16130,4709,13424,2706,110,830
18061,26723,9235,16506,10217,1555,-1481
16951,22770,7307,16312,6458,639,-515
14014,16869,4961,13894,2975,120,675
18006,28822,10630,15124,13698,2882,-1872
17794,25691,8723,16490,9201,1304,-1173
17125,32260,13990,8560,23700,8565,-1644
12550,14626,4192,12484,2142,66,991
18031,27189,9565,16118,11071,1913,-1592
17666,25154,8459,16472,8682,1194,-1058
14651,17958,5367,14448,3510,203,491
17418,31498,12997,11008,20490,6410,-1910
13175,15559,4509,13082,2477,93,882
1526,1549,393,1526,23,0,355
17727,25406,8584,16476,8930,1251,-1084
17434,24401,8092,16434,7967,1000,-927
16757,32867,15318,4462,28405,12295,-909
15988,20509,6348,15626,4883,362,18
14176,17126,5054,14036,3090,140,650
16726,32875,15377,4242,28633,12484,-858
10305,11493,3175,10286,1207,19,1181
17668,25473,8625,16446,9027,1222,-1132
17708,25217,8468,16562,8655,1146,-1104
17476,31466,12914,11276,20190,6200,-1968
17788,30289,11790,13418,16871,4370,-2001
17994,28443,10345,15506,12937,2488,-1821
13420,16010,4675,13320,2690,100,808
12696,14817,4254,12618,2199,78,926
17786,30320,11809,13404,16916,4382,-1996
17630,31017,12434,12298,18719,5332,-2031
17821,26706,9349,16016,10690,1805,-1384
16725,32878,15457,3928,28950,12797,-781
15682,19920,6116,15376,4544,306,103
17986,26794,9327,16280,10514,1706,-1482
16239,20957,6520,15834,5123,405,-123
16678,32966,15780,2812,30154,13866,-547
3300,3376,863,3300,76,0,721
14310,17322,5123,14152,3170,158,628
17974,28494,10430,15268,13226,2706,-1777
11687,13368,3775,11636,1732,51,1068
16873,32679,14844,5982,26697,10891,-1195
17532,31333,12743,11694,19639,5838,-2011
17881,29986,11502,13964,16022,3917,-2030
16721,32866,15444,3956,28910,12765,-784
14333,17304,5106,14184,3120,149,585
16912,23006,7450,16212,6794,700,-498
17950,28875,10698,14958,13917,2992,-1826
14150,17163,5081,14002,3161,148,626
17110,23284,7557,16340,6944,770,-576
17696,25182,8460,16524,8658,1172,-1077
16778,32796,15177,4884,27912,11894,-981
17998,26022,8834,16708,9314,1290,-1352
16962,32544,14475,7188,25356,9774,-1437
16687,32963,15719,3050,29913,13637,-603
16641,33024,16369,572,32452,16069,-14
17081,23027,7414,16398,6629,683,-591
16860,32655,14754,6294,26361,10566,-1263
17989,28536,10434,15336,13200,2653,-1804
10269,11405,3138,10258,1147,11,1187
11191,12647,3534,11158,1489,33,1176
16901,22191,6998,16390,5801,511,-358
16710,22177,7055,16134,6043,576,-373
17961,26181,8956,16538,9643,1423,-1342
17998,28026,10077,15744,12282,2254,-1745
13003,15256,4398,12920,2336,83,888
11898,13666,3870,11852,1814,46,1049
16036,20634,6406,15644,4990,392,-5
746,749,188,746,3,0,181
16177,21038,6586,15732,5306,445,-146
17928,30014,11508,13996,16018,3932,-2028
16335,21259,6647,15930,5329,405,-121
17283,24038,7910,16436,7602,847,-793
13687,16358,4789,13560,2798,127,768
3706,3821,984,3706,115,0,772
17160,23345,7562,16442,6903,718,-603
17973,26514,9147,16440,10074,1533,-1424
17999,27360,9668,16048,11312,1951,-1592
17743,26054,8955,16288,9766,1455,-1280
17579,31217,12635,11894,19323,5685,-2007
17431,24246,7987,16544,7702,887,-849
16310,21223,6637,15898,5325,412,-138
18020,29186,10864,14916,14270,3104,-1959
3628,3740,963,3628,112,0,724
17513,24890,8341,16416,8474,1097,-983
17439,31542,13029,10968,20574,6471,-1935
586,595,151,586,9,0,139
14964,18521,5573,14750,3771,214,442
17754,25535,8638,16518,9017,1236,-1179
16862,22527,7197,16266,6261,596,-449
9563,10558,2891,9552,1006,11,1201
17676,25341,8548,16490,8851,1186,-1084
11577,13197,3715,11534,1663,43,1098
17379,31668,13190,10576,21092,6803,-1886
17877,26653,9266,16242,10411,1635,-1426
17667,31273,12619,12070,19203,5597,-2073
16779,22167,7024,16238,5929,541,-305
16920,32673,14720,6466,26207,10454,-1318
5535,5807,1520,5534,273,1,1031
18031,29184,10866,14904,14280,3127,-1932
12420,14492,4156,12360,2132,60,950
17861,30084,11569,13892,16192,3969,-2047
17976,26355,9038,16558,9797,1418,-1378
12157,14122,4039,12088,2034,69,1024
12056,13865,3934,11994,1871,62,1096
17471,24444,8085,16548,7896,923,-896
2138,2177,554,2138,39,0,493
17069,23291,7561,16338,6953,731,-599
17359,23755,7744,16534,7221,825,-682
17869,30067,11578,13822,16245,4047,-2012
15424,19504,5965,15148,4356,276,242
18112,28776,10530,15432,13344,2680,-1925
17971,26945,9418,16218,10727,1753,-1514
12541,14604,4184,12472,2132,69,950
12621,14706,4217,12544,2162,77,924
3180,3264,837,3180,84,0,681
10357,11619,3226,10334,1285,23,1179
16796,32767,15096,5150,27617,11646,-1037
2240,2278,579,2240,38,0,503
2738,2799,715,2738,61,0,599
14867,18126,5389,14696,3430,171,428
17989,27021,9455,16222,10799,1767,-1495
18096,28133,10132,15738,12395,2358,-1767
9938,11032,3035,9924,1108,14,1205
17724,25229,8445,16678,8551,1046,-1121
9485,10428,2847,9468,960,17,1219
13471,16028,4671,13372,2656,99,763
17566,25045,8415,16430,8615,1136,-1030
15608,19711,6026,15318,4393,290,195
12370,14354,4102,12300,2054,70,1010
16428,21579,6812,15910,5669,518,-231
17659,25445,8610,16450,8995,1209,-1120
17441,31654,13103,10896,20758,6545,-1951
16403,21402,6712,15956,5446,447,-206
4660,4864,1267,4660,204,0,893
12937,15258,4417,12848,2410,89,878
18021,28381,10297,15574,12807,2447,-1830
17934,29967,11467,14066,15901,3868,-2034
17573,31130,12559,12024,19106,5549,-1999
17853,26355,9107,16282,10073,1571,-1328
17837,30479,11892,13390,17089,4447,-2057
17226,23795,7794,16414,7381,812,-741
18037,28566,10448,15340,13226,2697,-1829
1056,1062,267,1056,6,0,255
17060,23197,7511,16350,6847,710,-582
18010,27852,9962,15856,11996,2154,-1717
6087,6461,1710,6082,379,5,1055
7043,7521,2000,7042,479,1,1130
17801,25473,8588,16594,8879,1207,-1098
15750,19954,6115,15448,4506,302,164
17738,25835,8839,16314,9521,1424,-1191
16214,20991,6543,15810,5181,404,-78
14979,18674,5661,14704,3970,275,379
2582,2629,669,2582,47,0,576
9215,10145,2771,9206,939,9,1240
16641,33023,16359,610,32413,16031,-23
13252,15678,4554,13140,2538,112,889
17445,31519,13014,10982,20537,6463,-1924
16923,22770,7315,16280,6490,643,-482
17442,31537,12990,11114,20423,6328,-1972
14173,17103,5045,14026,3077,147,635
16431,21513,6773,15934,5579,497,-225
17018,32563,14441,7362,25201,9656,-1491
16828,22318,7086,16292,6026,536,-420
17518,24807,8296,16430,8377,1088,-961
1260,1274,322,1260,14,0,302
16740,32884,15373,4276,28608,12464,-873
11691,13406,3793,11640,1766,51,1052
17940,29758,11304,14300,15458,3640,-2001
16902,32657,14730,6394,26263,10508,-1295
18026,28018,10065,15776,12242,2250,-1725
17600,24654,8166,16644,8010,956,-937
16292,20917,6486,15890,5027,402,-97
17265,23617,7689,16478,7139,787,-688
12748,14903,4281,12682,2221,66,942
18058,29648,11167,14628,15020,3430,-2039
18005,28247,10229,15578,12669,2427,-1775
15016,18501,5549,14806,3695,210,378
8845,9700,2642,8832,868,13,1226
17967,28655,10523,15218,13437,2749,-1849
16780,32854,15207,4880,27974,11900,-1011
8062,8725,2348,8058,667,4,1230
17980,29778,11326,14252,15526,3728,-1987
17870,30194,11683,13656,16538,4214,-2019
1154,1159,291,1154,5,0,267
3898,4031,1041,3898,133,0,816
18042,28338,10279,15560,12778,2482,-1807
14588,17646,5214,14436,3210,152,550
17741,30464,11928,13216,17248,4525,-2052
11800,13396,3758,11760,1636,40,1119
11392,12917,3619,11358,1559,34,1154
4499,4667,1209,4498,169,1,879
18087,27559,9732,16190,11369,1897,-1685
16617,21751,6838,16150,5601,467,-282
14540,17858,5342,14348,3510,192,510
10819,12174,3387,10800,1374,19,1166
17670,25144,8441,16524,8620,1146,-1034
17106,32257,14050,8314,23943,8792,-1585
17595,24856,8294,16536,8320,1059,-1012
17515,31215,12668,11758,19457,5757,-1974
15439,19299,5856,15174,4125,265,269
16034,20628,6398,15664,4964,370,-2
18007,28497,10407,15366,13131,2641,-1799
17973,29273,10914,14890,14383,3083,-1964
17440,24302,8035,16464,7838,976,-838
3194,3281,842,3194,87,0,693
16611,21946,6942,16124,5822,487,-308
17038,23178,7514,16300,6878,738,-647
11684,13457,3819,11638,1819,46,1100
16893,32624,14694,6472,26152,10421,-1296
17935,27080,9525,16060,11020,1875,-1496
17704,30403,11898,13214,17189,4490,-2005
17743,30451,11913,13250,17201,4493,-2032
16923,22504,7160,16368,6136,555,-437
14348,17532,5221,14180,3352,168,579
17322,24134,7971,16384,7750,938,-818
18021,29305,10944,14834,14471,3187,-1961
13822,16456,4801,13708,2748,114,733
17620,24933,8316,16602,8331,1018,-1043
17523,24664,8209,16492,8172,1031,-959
18094,28873,10617,15278,13595,2816,-1902
17194,32219,13884,8902,23317,8292,-1721
16343,21081,6551,15958,5123,385,-113
15798,19941,6096,15498,4443,300,132
2912,2994,769,2912,82,0,628
16718,22262,7096,16140,6122,578,-317
16176,20893,6497,15798,5095,378,-61
16754,32884,15409,4132,28752,12622,-836
17386,24319,8051,16434,7885,952,-847
16320,21296,6679,15876,5420,444,-153
15888,20481,6371,15478,5003,410,-7
17862,27408,9763,15764,11644,2098,-1538
14539,17613,5210,14386,3227,153,573
2434,2481,632,2434,47,0,538
16154,20868,6506,15712,5156,442,-63
17773,25857,8833,16382,9475,1391,-1253
17902,29938,11474,13980,15958,3922,-2004
17836,25801,8754,16586,9215,1250,-1261
12956,15296,4431,12868,2428,88,841
16963,22664,7239,16372,6292,591,-474
17954,29036,10779,14956,14080,2998,-1878
18047,28959,10694,15142,13817,2905,-1919
560,564,142,560,4,0,136
17562,25709,8822,16130,9579,1432,-1163
15852,19960,6087,15572,4388,280,134
8366,9123,2472,8358,765,8,1188
16984,22964,7417,16260,6704,724,-518
17861,29890,11401,14176,15714,3685,-2015
12657,14876,4293,12580,2296,77,928
8437,9183,2483,8434,749,3,1223
17746,30734,12168,12796,17938,4950,-2019
11806,13482,3798,11772,1710,34,1116
11130,12622,3537,11096,1526,34,1151
17215,32108,13715,9356,22752,7859,-1775
17454,24259,8006,16494,7765,960,-866
17845,29636,11253,14260,15376,3585,-1970
11273,12790,3587,11232,1558,41,1106
17873,29809,11366,14154,15655,3719,-2008
17707,30548,12037,12948,17600,4759,-2016
17305,31832,13407,10036,21796,7269,-1824
15924,20578,6405,15536,5042,388,-28
13138,15488,4480,13056,2432,82,850
17079,23284,7553,16356,6928,723,-663
17794,30291,11777,13474,16817,4320,-2006
11676,13407,3796,11630,1777,46,1069
16290,21172,6620,15864,5308,426,-135
17939,27078,9529,16040,11038,1899,-1474
10999,12402,3459,10968,1434,31,1142
1386,1409,358,1386,23,0,314
546,547,137,546,1,0,133
17354,24081,7928,16450,7631,904,-834
14415,17404,5134,14272,3132,143,649
17113,32364,14117,8260,24104,8853,-1618
17318,31887,13470,9894,21993,7424,-1813
17777,25781,8773,16470,9311,1307,-1220
9887,11012,3037,9876,1136,11,1165
18040,28223,10189,15690,12533,2350,-1799
17240,23334,7536,16524,6810,716,-611
7119,7666,2055,7112,554,7,1157
17718,25455,8602,16502,8953,1216,-1148
17488,24341,8045,16502,7839,986,-833
16576,21904,6944,16032,5872,544,-282
17984,27826,9970,15772,12054,2212,-1670
15802,20135,6200,15470,4665,332,65
17961,27388,9690,16016,11372,1945,-1592
13130,15548,4515,13036,2512,94,869
4604,4837,1268,4602,235,2,858
17585,24384,8029,16652,7732,933,-891
17412,31759,13249,10522,21237,6890,-1908
16972,22969,7405,16318,6651,654,-583
17756,30226,11757,13424,16802,4332,-1991
12500,14553,4166,12442,2111,58,1000
17503,31241,12699,11686,19555,5817,-1972
16953,32588,14624,6680,25908,10273,-1331
16751,22046,6970,16212,5834,539,-297
18024,29670,11184,14604,15066,3420,-2054
17946,29797,11331,14270,15527,3676,-2018
17008,22865,7332,16402,6463,606,-491
17936,28952,10732,14976,13976,2960,-1885
16800,32772,15080,5224,27548,11576,-1055
18088,27422,9664,16188,11234,1900,-1611
14380,17384,5133,14236,3148,144,593
18083,26896,9350,16392,10504,1691,-1524
17386,24359,8078,16406,7953,980,-856
18071,27481,9725,16062,11419,2009,-1612
17915,29862,11386,14180,15682,3735,-2012
17670,25159,8448,16526,8633,1144,-1068
18004,27577,9821,15870,11707,2134,-1662
9370,10341,2829,9366,975,4,1179
16349,21313,6686,15882,5431,467,-124
17845,26326,9080,16332,9994,1513,-1313
17567,31400,12806,11576,19824,5991,-2015
15678,19807,6059,15378,4429,300,160
16917,22558,7198,16324,6234,593,-450
11267,12840,3614,11224,1616,43,1119
16764,32858,15352,4308,28550,12456,-867
17880,29844,11400,14088,15756,3792,-1981
18023,27606,9819,15936,11670,2087,-1640
7873,8538,2303,7864,674,9,1187
14919,18631,5646,14678,3953,241,324
15526,19603,5995,15226,4377,300,209
13296,15739,4572,13190,2549,106,847
17654,30954,12366,12444,18510,5210,-2044
17577,31075,12524,12054,19021,5523,-2008
16480,21671,6837,15994,5677,486,-248
5702,5985,1567,5702,283,0,1040
17895,29384,11068,14496,14888,3399,-1915
16731,22014,6953,16216,5798,515,-370
6474,6908,1836,6472,436,2,1075
3690,3813,984,3690,123,0,735
11916,13756,3915,11852,1904,64,1050
17688,25371,8558,16510,8861,1178,-1160
17148,23279,7528,16446,6833,702,-612
17911,26506,9163,16360,10146,1551,-1419
17500,24227,7957,16626,7601,874,-853
17392,24532,8182,16336,8196,1056,-820
7646,8222,2202,7636,586,10,1203
18004,28115,10143,15658,12457,2346,-1756
17903,29599,11228,14286,15313,3617,-1954
17419,23887,7804,16558,7329,861,-777
4966,5200,1359,4964,236,2,948
17748,25688,8728,16464,9224,1284,-1226
16785,32832,15227,4756,28076,12029,-965
16689,32948,15688,3144,29804,13545,-621
17447,24423,8084,16510,7913,937,-884
17826,26123,8966,16382,9741,1444,-1328
7989,8640,2324,7984,656,5,1190
16532,21777,6869,16078,5699,454,-273
16659,21842,6883,16152,5690,507,-282
17070,32350,14169,8024,24326,9046,-1551
17705,25459,8613,16466,8993,1239,-1140
17381,31730,13238,10508,21222,6873,-1903
18139,28781,10521,15478,13303,2661,-1909
17887,26046,8895,16512,9534,1375,-1307
18087,27393,9649,16190,11203,1897,-1633
414,415,104,414,1,0,102
9648,10721,2953,9630,1091,18,1230
17205,23594,7694,16412,7182,793,-709
17781,25553,8644,16530,9023,1251,-1166
12697,14788,4238,12624,2164,73,957
18026,27623,9831,15922,11701,2104,-1610
14497,17666,5256,14308,3358,189,588
17188,32238,13877,8968,23270,8220,-1739
9188,10104,2757,9180,924,8,1209
17967,29815,11367,14162,15653,3805,-2000
18033,29141,10800,15082,14059,2951,-1948
17053,23133,7479,16350,6783,703,-607
17998,27754,9918,15836,11918,2162,-1666
16941,32538,14550,6876,25662,10065,-1361
17934,27609,9836,15874,11735,2060,-1634
11687,13360,3767,11652,1708,35,1043
17998,26975,9422,16262,10713,1736,-1554
16679,32953,15739,2950,30003,13729,-574
10973,12416,3474,10936,1480,37,1145
16806,32799,15149,5002,27797,11804,-1012
17573,24934,8345,16488,8446,1085,-1010
17935,29127,10902,14646,14481,3289,-1866
17556,24344,8022,16600,7744,956,-872
17991,28050,10107,15672,12378,2319,-1731
14915,18298,5468,14724,3574,191,425
16659,32996,16014,1936,31060,14723,-341
18060,28029,10069,15782,12247,2278,-1732
17827,25729,8733,16526,9203,1301,-1204
14900,18312,5478,14712,3600,188,417
16722,32882,15476,3860,29022,12862,-766
18052,28469,10354,15522,12947,2530,-1852
17613,30997,12412,12346,18651,5267,-2027
16466,21521,6745,16062,5459,404,-199
17619,30983,12418,12294,18689,5325,-2013
6745,7204,1918,6736,468,9,1127
13021,15287,4408,12942,2345,79,893
17327,24128,7949,16460,7668,867,-816
5171,5419,1417,5170,249,1,979
18021,29137,10814,15018,14119,3003,-1935
1508,1522,384,1508,14,0,353
15136,18887,5723,14882,4005,254,317
17953,27095,9530,16070,11025,1883,-1490
17832,30912,12240,12864,18048,4968,-2103
16664,32993,15959,2150,30843,14514,-393
18035,29252,10890,14944,14308,3091,-1997
17663,25169,8447,16550,8619,1113,-1099
17695,25120,8406,16616,8504,1079,-1104
